Co2pFe2p FeO
8.400000e+02 8.267033e+03
8.399500e+02 8.267033e+03
8.399000e+02 8.185767e+03
8.398500e+02 8.185767e+03
8.398000e+02 8.174700e+03
8.397500e+02 8.174700e+03
8.397000e+02 8.153933e+03
8.396500e+02 8.153933e+03
8.396000e+02 8.185500e+03
8.395500e+02 8.185500e+03
8.395000e+02 8.155600e+03
8.394500e+02 8.155600e+03
8.394000e+02 8.136667e+03
8.393500e+02 8.136667e+03
8.393000e+02 8.086200e+03
8.392500e+02 8.086200e+03
8.392000e+02 8.123233e+03
8.391500e+02 8.123233e+03
8.391000e+02 8.111333e+03
8.390500e+02 8.111333e+03
8.390000e+02 8.091433e+03
8.389500e+02 8.091433e+03
8.389000e+02 8.064800e+03
8.388500e+02 8.064800e+03
8.388000e+02 7.996800e+03
8.387500e+02 7.996800e+03
8.387000e+02 8.025367e+03
8.386500e+02 8.025367e+03
8.386000e+02 7.975633e+03
8.385500e+02 7.975633e+03
8.385000e+02 7.964533e+03
8.384500e+02 7.964533e+03
8.384000e+02 7.999233e+03
8.383500e+02 7.999233e+03
8.383000e+02 7.940500e+03
8.382500e+02 7.940500e+03
8.382000e+02 7.914333e+03
8.381500e+02 7.914333e+03
8.381000e+02 7.912867e+03
8.380500e+02 7.912867e+03
8.380000e+02 7.971000e+03
8.379500e+02 7.971000e+03
8.379000e+02 7.936967e+03
8.378500e+02 7.936967e+03
8.378000e+02 7.893267e+03
8.377500e+02 7.893267e+03
8.377000e+02 7.976733e+03
8.376500e+02 7.976733e+03
8.376000e+02 7.898333e+03
8.375500e+02 7.898333e+03
8.375000e+02 7.913267e+03
8.374500e+02 7.913267e+03
8.374000e+02 7.884333e+03
8.373500e+02 7.884333e+03
8.373000e+02 7.851933e+03
8.372500e+02 7.851933e+03
8.372000e+02 7.856367e+03
8.371500e+02 7.856367e+03
8.371000e+02 7.859600e+03
8.370500e+02 7.859600e+03
8.370000e+02 7.797867e+03
8.369500e+02 7.797867e+03
8.369000e+02 7.778167e+03
8.368500e+02 7.778167e+03
8.368000e+02 7.765933e+03
8.367500e+02 7.765933e+03
8.367000e+02 7.807600e+03
8.366500e+02 7.807600e+03
8.366000e+02 7.756533e+03
8.365500e+02 7.756533e+03
8.365000e+02 7.798033e+03
8.364500e+02 7.798033e+03
8.364000e+02 7.805667e+03
8.363500e+02 7.805667e+03
8.363000e+02 7.721700e+03
8.362500e+02 7.721700e+03
8.362000e+02 7.699267e+03
8.361500e+02 7.699267e+03
8.361000e+02 7.724500e+03
8.360500e+02 7.724500e+03
8.360000e+02 7.712667e+03
8.359500e+02 7.712667e+03
8.359000e+02 7.719400e+03
8.358500e+02 7.719400e+03
8.358000e+02 7.706167e+03
8.357500e+02 7.706167e+03
8.357000e+02 7.679667e+03
8.356500e+02 7.679667e+03
8.356000e+02 7.609167e+03
8.355500e+02 7.609167e+03
8.355000e+02 7.568000e+03
8.354500e+02 7.568000e+03
8.354000e+02 7.595867e+03
8.353500e+02 7.595867e+03
8.353000e+02 7.516333e+03
8.352500e+02 7.516333e+03
8.352000e+02 7.528300e+03
8.351500e+02 7.528300e+03
8.351000e+02 7.545733e+03
8.350500e+02 7.545733e+03
8.350000e+02 7.475000e+03
8.349500e+02 7.475000e+03
8.349000e+02 7.404633e+03
8.348500e+02 7.404633e+03
8.348000e+02 7.420267e+03
8.347500e+02 7.420267e+03
8.347000e+02 7.350667e+03
8.346500e+02 7.350667e+03
8.346000e+02 7.275133e+03
8.345500e+02 7.275133e+03
8.345000e+02 7.252633e+03
8.344500e+02 7.252633e+03
8.344000e+02 7.217200e+03
8.343500e+02 7.217200e+03
8.343000e+02 7.129433e+03
8.342500e+02 7.129433e+03
8.342000e+02 7.069700e+03
8.341500e+02 7.069700e+03
8.341000e+02 7.027733e+03
8.340500e+02 7.027733e+03
8.340000e+02 6.950233e+03
8.339500e+02 6.950233e+03
8.339000e+02 6.944800e+03
8.338500e+02 6.944800e+03
8.338000e+02 6.895667e+03
8.337500e+02 6.895667e+03
8.337000e+02 6.802567e+03
8.336500e+02 6.802567e+03
8.336000e+02 6.756833e+03
8.335500e+02 6.756833e+03
8.335000e+02 6.725800e+03
8.334500e+02 6.725800e+03
8.334000e+02 6.661900e+03
8.333500e+02 6.661900e+03
8.333000e+02 6.598867e+03
8.332500e+02 6.598867e+03
8.332000e+02 6.522600e+03
8.331500e+02 6.522600e+03
8.331000e+02 6.484700e+03
8.330500e+02 6.484700e+03
8.330000e+02 6.473133e+03
8.329500e+02 6.473133e+03
8.329000e+02 6.400433e+03
8.328500e+02 6.400433e+03
8.328000e+02 6.339267e+03
8.327500e+02 6.339267e+03
8.327000e+02 6.329067e+03
8.326500e+02 6.329067e+03
8.326000e+02 6.264867e+03
8.325500e+02 6.264867e+03
8.325000e+02 6.220333e+03
8.324500e+02 6.220333e+03
8.324000e+02 6.118700e+03
8.323500e+02 6.118700e+03
8.323000e+02 6.140200e+03
8.322500e+02 6.140200e+03
8.322000e+02 6.091033e+03
8.321500e+02 6.091033e+03
8.321000e+02 6.103067e+03
8.320500e+02 6.103067e+03
8.320000e+02 6.060633e+03
8.319500e+02 6.060633e+03
8.319000e+02 5.996767e+03
8.318500e+02 5.996767e+03
8.318000e+02 5.959633e+03
8.317500e+02 5.959633e+03
8.317000e+02 5.946833e+03
8.316500e+02 5.946833e+03
8.316000e+02 5.946800e+03
8.315500e+02 5.946800e+03
8.315000e+02 5.920100e+03
8.314500e+02 5.920100e+03
8.314000e+02 5.916200e+03
8.313500e+02 5.916200e+03
8.313000e+02 5.900300e+03
8.312500e+02 5.900300e+03
8.312000e+02 5.833300e+03
8.311500e+02 5.833300e+03
8.311000e+02 5.831833e+03
8.310500e+02 5.831833e+03
8.310000e+02 5.808467e+03
8.309500e+02 5.808467e+03
8.309000e+02 5.778400e+03
8.308500e+02 5.778400e+03
8.308000e+02 5.761633e+03
8.307500e+02 5.761633e+03
8.307000e+02 5.776000e+03
8.306500e+02 5.776000e+03
8.306000e+02 5.732300e+03
8.305500e+02 5.732300e+03
8.305000e+02 5.722767e+03
8.304500e+02 5.722767e+03
8.304000e+02 5.764800e+03
8.303500e+02 5.764800e+03
8.303000e+02 5.713433e+03
8.302500e+02 5.713433e+03
8.302000e+02 5.709967e+03
8.301500e+02 5.709967e+03
8.301000e+02 5.704533e+03
8.300500e+02 5.704533e+03
8.300000e+02 5.681600e+03
8.299500e+02 5.681600e+03
8.299000e+02 5.690200e+03
8.298500e+02 5.690200e+03
8.298000e+02 5.640233e+03
8.297500e+02 5.640233e+03
8.297000e+02 5.671367e+03
8.296500e+02 5.671367e+03
8.296000e+02 5.646067e+03
8.295500e+02 5.646067e+03
8.295000e+02 5.667733e+03
8.294500e+02 5.667733e+03
8.294000e+02 5.687800e+03
8.293500e+02 5.687800e+03
8.293000e+02 5.665933e+03
8.292500e+02 5.665933e+03
8.292000e+02 5.651500e+03
8.291500e+02 5.651500e+03
8.291000e+02 5.593967e+03
8.290500e+02 5.593967e+03
8.290000e+02 5.589433e+03
8.289500e+02 5.589433e+03
8.289000e+02 5.566400e+03
8.288500e+02 5.566400e+03
8.288000e+02 5.617633e+03
8.287500e+02 5.617633e+03
8.287000e+02 5.616833e+03
8.286500e+02 5.616833e+03
8.286000e+02 5.594567e+03
8.285500e+02 5.594567e+03
8.285000e+02 5.598367e+03
8.284500e+02 5.598367e+03
8.284000e+02 5.592700e+03
8.283500e+02 5.592700e+03
8.283000e+02 5.623867e+03
8.282500e+02 5.623867e+03
8.282000e+02 5.614833e+03
8.281500e+02 5.614833e+03
8.281000e+02 5.592300e+03
8.280500e+02 5.592300e+03
8.280000e+02 5.573033e+03
8.279500e+02 5.573033e+03
8.279000e+02 5.564033e+03
8.278500e+02 5.564033e+03
8.278000e+02 5.555900e+03
8.277500e+02 5.555900e+03
8.277000e+02 5.606100e+03
8.276500e+02 5.606100e+03
8.276000e+02 5.590800e+03
8.275500e+02 5.590800e+03
8.275000e+02 5.516800e+03
8.274500e+02 5.516800e+03
8.274000e+02 5.530267e+03
8.273500e+02 5.530267e+03
8.273000e+02 5.544033e+03
8.272500e+02 5.544033e+03
8.272000e+02 5.530400e+03
8.271500e+02 5.530400e+03
8.271000e+02 5.515700e+03
8.270500e+02 5.515700e+03
8.270000e+02 5.510900e+03
8.269500e+02 5.510900e+03
8.269000e+02 5.542100e+03
8.268500e+02 5.542100e+03
8.268000e+02 5.514433e+03
8.267500e+02 5.514433e+03
8.267000e+02 5.528367e+03
8.266500e+02 5.528367e+03
8.266000e+02 5.491300e+03
8.265500e+02 5.491300e+03
8.265000e+02 5.478667e+03
8.264500e+02 5.478667e+03
8.264000e+02 5.483533e+03
8.263500e+02 5.483533e+03
8.263000e+02 5.494833e+03
8.262500e+02 5.494833e+03
8.262000e+02 5.471967e+03
8.261500e+02 5.471967e+03
8.261000e+02 5.484133e+03
8.260500e+02 5.484133e+03
8.260000e+02 5.508100e+03
8.259500e+02 5.508100e+03
8.259000e+02 5.484700e+03
8.258500e+02 5.484700e+03
8.258000e+02 5.496067e+03
8.257500e+02 5.496067e+03
8.257000e+02 5.489100e+03
8.256500e+02 5.489100e+03
8.256000e+02 5.523133e+03
8.255500e+02 5.523133e+03
8.255000e+02 5.511067e+03
8.254500e+02 5.511067e+03
8.254000e+02 5.486767e+03
8.253500e+02 5.486767e+03
8.253000e+02 5.505800e+03
8.252500e+02 5.505800e+03
8.252000e+02 5.500100e+03
8.251500e+02 5.500100e+03
8.251000e+02 5.454800e+03
8.250500e+02 5.454800e+03
8.250000e+02 5.434467e+03
8.249500e+02 5.434467e+03
8.249000e+02 5.441300e+03
8.248500e+02 5.441300e+03
8.248000e+02 5.447433e+03
8.247500e+02 5.447433e+03
8.247000e+02 5.431267e+03
8.246500e+02 5.431267e+03
8.246000e+02 5.459467e+03
8.245500e+02 5.459467e+03
8.245000e+02 5.433500e+03
8.244500e+02 5.433500e+03
8.244000e+02 5.440633e+03
8.243500e+02 5.440633e+03
8.243000e+02 5.430467e+03
8.242500e+02 5.430467e+03
8.242000e+02 5.432033e+03
8.241500e+02 5.432033e+03
8.241000e+02 5.413533e+03
8.240500e+02 5.413533e+03
8.240000e+02 5.396833e+03
8.239500e+02 5.396833e+03
8.239000e+02 5.396767e+03
8.238500e+02 5.396767e+03
8.238000e+02 5.410200e+03
8.237500e+02 5.410200e+03
8.237000e+02 5.389633e+03
8.236500e+02 5.389633e+03
8.236000e+02 5.437600e+03
8.235500e+02 5.437600e+03
8.235000e+02 5.395500e+03
8.234500e+02 5.395500e+03
8.234000e+02 5.395200e+03
8.233500e+02 5.395200e+03
8.233000e+02 5.377133e+03
8.232500e+02 5.377133e+03
8.232000e+02 5.372633e+03
8.231500e+02 5.372633e+03
8.231000e+02 5.355833e+03
8.230500e+02 5.355833e+03
8.230000e+02 5.375167e+03
8.229500e+02 5.375167e+03
8.229000e+02 5.336367e+03
8.228500e+02 5.336367e+03
8.228000e+02 5.334933e+03
8.227500e+02 5.334933e+03
8.227000e+02 5.368433e+03
8.226500e+02 5.368433e+03
8.226000e+02 5.361700e+03
8.225500e+02 5.361700e+03
8.225000e+02 5.362833e+03
8.224500e+02 5.362833e+03
8.224000e+02 5.355833e+03
8.223500e+02 5.355833e+03
8.223000e+02 5.352733e+03
8.222500e+02 5.352733e+03
8.222000e+02 5.314567e+03
8.221500e+02 5.314567e+03
8.221000e+02 5.340167e+03
8.220500e+02 5.340167e+03
8.220000e+02 5.303567e+03
8.219500e+02 5.303567e+03
8.219000e+02 5.298733e+03
8.218500e+02 5.298733e+03
8.218000e+02 5.330567e+03
8.217500e+02 5.330567e+03
8.217000e+02 5.303967e+03
8.216500e+02 5.303967e+03
8.216000e+02 5.299767e+03
8.215500e+02 5.299767e+03
8.215000e+02 5.244867e+03
8.214500e+02 5.244867e+03
8.214000e+02 5.266933e+03
8.213500e+02 5.266933e+03
8.213000e+02 5.273467e+03
8.212500e+02 5.273467e+03
8.212000e+02 5.265800e+03
8.211500e+02 5.265800e+03
8.211000e+02 5.290533e+03
8.210500e+02 5.290533e+03
8.210000e+02 5.217767e+03
8.209500e+02 5.217767e+03
8.209000e+02 5.242633e+03
8.208500e+02 5.242633e+03
8.208000e+02 5.245567e+03
8.207500e+02 5.245567e+03
8.207000e+02 5.258567e+03
8.206500e+02 5.258567e+03
8.206000e+02 5.248433e+03
8.205500e+02 5.248433e+03
8.205000e+02 5.241667e+03
8.204500e+02 5.241667e+03
8.204000e+02 5.227300e+03
8.203500e+02 5.227300e+03
8.203000e+02 5.269200e+03
8.202500e+02 5.269200e+03
8.202000e+02 5.212833e+03
8.201500e+02 5.212833e+03
8.201000e+02 5.237433e+03
8.200500e+02 5.237433e+03
8.200000e+02 5.242333e+03
8.199500e+02 5.242333e+03
8.199000e+02 5.227233e+03
8.198500e+02 5.227233e+03
8.198000e+02 5.231533e+03
8.197500e+02 5.231533e+03
8.197000e+02 5.236200e+03
8.196500e+02 5.236200e+03
8.196000e+02 5.232900e+03
8.195500e+02 5.232900e+03
8.195000e+02 5.209933e+03
8.194500e+02 5.209933e+03
8.194000e+02 5.211633e+03
8.193500e+02 5.211633e+03
8.193000e+02 5.206000e+03
8.192500e+02 5.206000e+03
8.192000e+02 5.143300e+03
8.191500e+02 5.143300e+03
8.191000e+02 5.206833e+03
8.190500e+02 5.206833e+03
8.190000e+02 5.227867e+03
8.189500e+02 5.227867e+03
8.189000e+02 5.229933e+03
8.188500e+02 5.229933e+03
8.188000e+02 5.231233e+03
8.187500e+02 5.231233e+03
8.187000e+02 5.209867e+03
8.186500e+02 5.209867e+03
8.186000e+02 5.183233e+03
8.185500e+02 5.183233e+03
8.185000e+02 5.186267e+03
8.184500e+02 5.186267e+03
8.184000e+02 5.229233e+03
8.183500e+02 5.229233e+03
8.183000e+02 5.193300e+03
8.182500e+02 5.193300e+03
8.182000e+02 5.171967e+03
8.181500e+02 5.171967e+03
8.181000e+02 5.170467e+03
8.180500e+02 5.170467e+03
8.180000e+02 5.209467e+03
8.179500e+02 5.209467e+03
8.179000e+02 5.198633e+03
8.178500e+02 5.198633e+03
8.178000e+02 5.228000e+03
8.177500e+02 5.228000e+03
8.177000e+02 5.199333e+03
8.176500e+02 5.199333e+03
8.176000e+02 5.211700e+03
8.175500e+02 5.211700e+03
8.175000e+02 5.253567e+03
8.174500e+02 5.253567e+03
8.174000e+02 5.233633e+03
8.173500e+02 5.233633e+03
8.173000e+02 5.193333e+03
8.172500e+02 5.193333e+03
8.172000e+02 5.176767e+03
8.171500e+02 5.176767e+03
8.171000e+02 5.188400e+03
8.170500e+02 5.188400e+03
8.170000e+02 5.219833e+03
8.169500e+02 5.219833e+03
8.169000e+02 5.213767e+03
8.168500e+02 5.213767e+03
8.168000e+02 5.171667e+03
8.167500e+02 5.171667e+03
8.167000e+02 5.204033e+03
8.166500e+02 5.204033e+03
8.166000e+02 5.227300e+03
8.165500e+02 5.227300e+03
8.165000e+02 5.230167e+03
8.164500e+02 5.230167e+03
8.164000e+02 5.224767e+03
8.163500e+02 5.224767e+03
8.163000e+02 5.175433e+03
8.162500e+02 5.175433e+03
8.162000e+02 5.189967e+03
8.161500e+02 5.189967e+03
8.161000e+02 5.212867e+03
8.160500e+02 5.212867e+03
8.160000e+02 5.177700e+03
8.159500e+02 5.177700e+03
8.159000e+02 5.215133e+03
8.158500e+02 5.215133e+03
8.158000e+02 5.228367e+03
8.157500e+02 5.228367e+03
8.157000e+02 5.219733e+03
8.156500e+02 5.219733e+03
8.156000e+02 5.211000e+03
8.155500e+02 5.211000e+03
8.155000e+02 5.230100e+03
8.154500e+02 5.230100e+03
8.154000e+02 5.254000e+03
8.153500e+02 5.254000e+03
8.153000e+02 5.241433e+03
8.152500e+02 5.241433e+03
8.152000e+02 5.215833e+03
8.151500e+02 5.215833e+03
8.151000e+02 5.204800e+03
8.150500e+02 5.204800e+03
8.150000e+02 5.234033e+03
8.149500e+02 5.234033e+03
8.149000e+02 5.216133e+03
8.148500e+02 5.216133e+03
8.148000e+02 5.234967e+03
8.147500e+02 5.234967e+03
8.147000e+02 5.265533e+03
8.146500e+02 5.265533e+03
8.146000e+02 5.242267e+03
8.145500e+02 5.242267e+03
8.145000e+02 5.250833e+03
8.144500e+02 5.250833e+03
8.144000e+02 5.225233e+03
8.143500e+02 5.225233e+03
8.143000e+02 5.277533e+03
8.142500e+02 5.277533e+03
8.142000e+02 5.261167e+03
8.141500e+02 5.261167e+03
8.141000e+02 5.210267e+03
8.140500e+02 5.210267e+03
8.140000e+02 5.213200e+03
8.139500e+02 5.213200e+03
8.139000e+02 5.251433e+03
8.138500e+02 5.251433e+03
8.138000e+02 5.257133e+03
8.137500e+02 5.257133e+03
8.137000e+02 5.260367e+03
8.136500e+02 5.260367e+03
8.136000e+02 5.196233e+03
8.135500e+02 5.196233e+03
8.135000e+02 5.205767e+03
8.134500e+02 5.205767e+03
8.134000e+02 5.244400e+03
8.133500e+02 5.244400e+03
8.133000e+02 5.246200e+03
8.132500e+02 5.246200e+03
8.132000e+02 5.270300e+03
8.131500e+02 5.270300e+03
8.131000e+02 5.239600e+03
8.130500e+02 5.239600e+03
8.130000e+02 5.242200e+03
8.129500e+02 5.242200e+03
8.129000e+02 5.231800e+03
8.128500e+02 5.231800e+03
8.128000e+02 5.267900e+03
8.127500e+02 5.267900e+03
8.127000e+02 5.264200e+03
8.126500e+02 5.264200e+03
8.126000e+02 5.283167e+03
8.125500e+02 5.283167e+03
8.125000e+02 5.256367e+03
8.124500e+02 5.256367e+03
8.124000e+02 5.264733e+03
8.123500e+02 5.264733e+03
8.123000e+02 5.302300e+03
8.122500e+02 5.302300e+03
8.122000e+02 5.249667e+03
8.121500e+02 5.249667e+03
8.121000e+02 5.273367e+03
8.120500e+02 5.273367e+03
8.120000e+02 5.256100e+03
8.119500e+02 5.256100e+03
8.119000e+02 5.255600e+03
8.118500e+02 5.255600e+03
8.118000e+02 5.259700e+03
8.117500e+02 5.259700e+03
8.117000e+02 5.287233e+03
8.116500e+02 5.287233e+03
8.116000e+02 5.285100e+03
8.115500e+02 5.285100e+03
8.115000e+02 5.294000e+03
8.114500e+02 5.294000e+03
8.114000e+02 5.269033e+03
8.113500e+02 5.269033e+03
8.113000e+02 5.227533e+03
8.112500e+02 5.227533e+03
8.112000e+02 5.261700e+03
8.111500e+02 5.261700e+03
8.111000e+02 5.272067e+03
8.110500e+02 5.272067e+03
8.110000e+02 5.295833e+03
8.109500e+02 5.295833e+03
8.109000e+02 5.280267e+03
8.108500e+02 5.280267e+03
8.108000e+02 5.288600e+03
8.107500e+02 5.288600e+03
8.107000e+02 5.309767e+03
8.106500e+02 5.309767e+03
8.106000e+02 5.275333e+03
8.105500e+02 5.275333e+03
8.105000e+02 5.327867e+03
8.104500e+02 5.327867e+03
8.104000e+02 5.303033e+03
8.103500e+02 5.303033e+03
8.103000e+02 5.306033e+03
8.102500e+02 5.306033e+03
8.102000e+02 5.308833e+03
8.101500e+02 5.308833e+03
8.101000e+02 5.289433e+03
8.100500e+02 5.289433e+03
8.100000e+02 5.317800e+03
8.099500e+02 5.317800e+03
8.099000e+02 5.323233e+03
8.098500e+02 5.323233e+03
8.098000e+02 5.304833e+03
8.097500e+02 5.304833e+03
8.097000e+02 5.284633e+03
8.096500e+02 5.284633e+03
8.096000e+02 5.307300e+03
8.095500e+02 5.307300e+03
8.095000e+02 5.304133e+03
8.094500e+02 5.304133e+03
8.094000e+02 5.337100e+03
8.093500e+02 5.337100e+03
8.093000e+02 5.339267e+03
8.092500e+02 5.339267e+03
8.092000e+02 5.339967e+03
8.091500e+02 5.339967e+03
8.091000e+02 5.302033e+03
8.090500e+02 5.302033e+03
8.090000e+02 5.315433e+03
8.089500e+02 5.315433e+03
8.089000e+02 5.308967e+03
8.088500e+02 5.308967e+03
8.088000e+02 5.306700e+03
8.087500e+02 5.306700e+03
8.087000e+02 5.331133e+03
8.086500e+02 5.331133e+03
8.086000e+02 5.322833e+03
8.085500e+02 5.322833e+03
8.085000e+02 5.317500e+03
8.084500e+02 5.317500e+03
8.084000e+02 5.325467e+03
8.083500e+02 5.325467e+03
8.083000e+02 5.325200e+03
8.082500e+02 5.325200e+03
8.082000e+02 5.334800e+03
8.081500e+02 5.334800e+03
8.081000e+02 5.347767e+03
8.080500e+02 5.347767e+03
8.080000e+02 5.348300e+03
8.079500e+02 5.348300e+03
8.079000e+02 5.337100e+03
8.078500e+02 5.337100e+03
8.078000e+02 5.308067e+03
8.077500e+02 5.308067e+03
8.077000e+02 5.296467e+03
8.076500e+02 5.296467e+03
8.076000e+02 5.325833e+03
8.075500e+02 5.325833e+03
8.075000e+02 5.324133e+03
8.074500e+02 5.324133e+03
8.074000e+02 5.381667e+03
8.073500e+02 5.381667e+03
8.073000e+02 5.368600e+03
8.072500e+02 5.368600e+03
8.072000e+02 5.330533e+03
8.071500e+02 5.330533e+03
8.071000e+02 5.344833e+03
8.070500e+02 5.344833e+03
8.070000e+02 5.375400e+03
8.069500e+02 5.375400e+03
8.069000e+02 5.380467e+03
8.068500e+02 5.380467e+03
8.068000e+02 5.359600e+03
8.067500e+02 5.359600e+03
8.067000e+02 5.363767e+03
8.066500e+02 5.363767e+03
8.066000e+02 5.363000e+03
8.065500e+02 5.363000e+03
8.065000e+02 5.369467e+03
8.064500e+02 5.369467e+03
8.064000e+02 5.406067e+03
8.063500e+02 5.406067e+03
8.063000e+02 5.354567e+03
8.062500e+02 5.354567e+03
8.062000e+02 5.323067e+03
8.061500e+02 5.323067e+03
8.061000e+02 5.324633e+03
8.060500e+02 5.324633e+03
8.060000e+02 5.372400e+03
8.059500e+02 5.372400e+03
8.059000e+02 5.405400e+03
8.058500e+02 5.405400e+03
8.058000e+02 5.378733e+03
8.057500e+02 5.378733e+03
8.057000e+02 5.379533e+03
8.056500e+02 5.379533e+03
8.056000e+02 5.396233e+03
8.055500e+02 5.396233e+03
8.055000e+02 5.363833e+03
8.054500e+02 5.363833e+03
8.054000e+02 5.357000e+03
8.053500e+02 5.357000e+03
8.053000e+02 5.357200e+03
8.052500e+02 5.357200e+03
8.052000e+02 5.363500e+03
8.051500e+02 5.363500e+03
8.051000e+02 5.370167e+03
8.050500e+02 5.370167e+03
8.050000e+02 5.373033e+03
8.049500e+02 5.373033e+03
8.049000e+02 5.404100e+03
8.048500e+02 5.404100e+03
8.048000e+02 5.357300e+03
8.047500e+02 5.357300e+03
8.047000e+02 5.411167e+03
8.046500e+02 5.411167e+03
8.046000e+02 5.397900e+03
8.045500e+02 5.397900e+03
8.045000e+02 5.387200e+03
8.044500e+02 5.387200e+03
8.044000e+02 5.397967e+03
8.043500e+02 5.397967e+03
8.043000e+02 5.381967e+03
8.042500e+02 5.381967e+03
8.042000e+02 5.413700e+03
8.041500e+02 5.413700e+03
8.041000e+02 5.420800e+03
8.040500e+02 5.420800e+03
8.040000e+02 5.397967e+03
8.039500e+02 5.397967e+03
8.039000e+02 5.404133e+03
8.038500e+02 5.404133e+03
8.038000e+02 5.360533e+03
8.037500e+02 5.360533e+03
8.037000e+02 5.401467e+03
8.036500e+02 5.401467e+03
8.036000e+02 5.397933e+03
8.035500e+02 5.397933e+03
8.035000e+02 5.416533e+03
8.034500e+02 5.416533e+03
8.034000e+02 5.384200e+03
8.033500e+02 5.384200e+03
8.033000e+02 5.400933e+03
8.032500e+02 5.400933e+03
8.032000e+02 5.424367e+03
8.031500e+02 5.424367e+03
8.031000e+02 5.368100e+03
8.030500e+02 5.368100e+03
8.030000e+02 5.391000e+03
8.029500e+02 5.391000e+03
8.029000e+02 5.405400e+03
8.028500e+02 5.405400e+03
8.028000e+02 5.399600e+03
8.027500e+02 5.399600e+03
8.027000e+02 5.445333e+03
8.026500e+02 5.445333e+03
8.026000e+02 5.415700e+03
8.025500e+02 5.415700e+03
8.025000e+02 5.426533e+03
8.024500e+02 5.426533e+03
8.024000e+02 5.417200e+03
8.023500e+02 5.417200e+03
8.023000e+02 5.410067e+03
8.022500e+02 5.410067e+03
8.022000e+02 5.401000e+03
8.021500e+02 5.401000e+03
8.021000e+02 5.334900e+03
8.020500e+02 5.334900e+03
8.020000e+02 5.373133e+03
8.019500e+02 5.373133e+03
8.019000e+02 5.392433e+03
8.018500e+02 5.392433e+03
8.018000e+02 5.385467e+03
8.017500e+02 5.385467e+03
8.017000e+02 5.385700e+03
8.016500e+02 5.385700e+03
8.016000e+02 5.407233e+03
8.015500e+02 5.407233e+03
8.015000e+02 5.411000e+03
8.014500e+02 5.411000e+03
8.014000e+02 5.390500e+03
8.013500e+02 5.390500e+03
8.013000e+02 5.414767e+03
8.012500e+02 5.414767e+03
8.012000e+02 5.391267e+03
8.011500e+02 5.391267e+03
8.011000e+02 5.406133e+03
8.010500e+02 5.406133e+03
8.010000e+02 5.437767e+03
8.009500e+02 5.437767e+03
8.009000e+02 5.417667e+03
8.008500e+02 5.417667e+03
8.008000e+02 5.405133e+03
8.007500e+02 5.405133e+03
8.007000e+02 5.446600e+03
8.006500e+02 5.446600e+03
8.006000e+02 5.417067e+03
8.005500e+02 5.417067e+03
8.005000e+02 5.400200e+03
8.004500e+02 5.400200e+03
8.004000e+02 5.445500e+03
8.003500e+02 5.445500e+03
8.003000e+02 5.413267e+03
8.002500e+02 5.413267e+03
8.002000e+02 5.480300e+03
8.001500e+02 5.480300e+03
8.001000e+02 5.454967e+03
8.000500e+02 5.454967e+03
8.000000e+02 5.428000e+03
7.999500e+02 5.428000e+03
7.999000e+02 5.389767e+03
7.998500e+02 5.389767e+03
7.998000e+02 5.418500e+03
7.997500e+02 5.418500e+03
7.997000e+02 5.431833e+03
7.996500e+02 5.431833e+03
7.996000e+02 5.434800e+03
7.995500e+02 5.434800e+03
7.995000e+02 5.411400e+03
7.994500e+02 5.411400e+03
7.994000e+02 5.414400e+03
7.993500e+02 5.414400e+03
7.993000e+02 5.401767e+03
7.992500e+02 5.401767e+03
7.992000e+02 5.415833e+03
7.991500e+02 5.415833e+03
7.991000e+02 5.431833e+03
7.990500e+02 5.431833e+03
7.990000e+02 5.435933e+03
7.989500e+02 5.435933e+03
7.989000e+02 5.434833e+03
7.988500e+02 5.434833e+03
7.988000e+02 5.431967e+03
7.987500e+02 5.431967e+03
7.987000e+02 5.455800e+03
7.986500e+02 5.455800e+03
7.986000e+02 5.436000e+03
7.985500e+02 5.436000e+03
7.985000e+02 5.456367e+03
7.984500e+02 5.456367e+03
7.984000e+02 5.395267e+03
7.983500e+02 5.395267e+03
7.983000e+02 5.427067e+03
7.982500e+02 5.427067e+03
7.982000e+02 5.430500e+03
7.981500e+02 5.430500e+03
7.981000e+02 5.425167e+03
7.980500e+02 5.425167e+03
7.980000e+02 5.439133e+03
7.979500e+02 5.439133e+03
7.979000e+02 5.471333e+03
7.978500e+02 5.471333e+03
7.978000e+02 5.459400e+03
7.977500e+02 5.459400e+03
7.977000e+02 5.466000e+03
7.976500e+02 5.466000e+03
7.976000e+02 5.463267e+03
7.975500e+02 5.463267e+03
7.975000e+02 5.471867e+03
7.974500e+02 5.471867e+03
7.974000e+02 5.469000e+03
7.973500e+02 5.469000e+03
7.973000e+02 5.487200e+03
7.972500e+02 5.487200e+03
7.972000e+02 5.481300e+03
7.971500e+02 5.481300e+03
7.971000e+02 5.504800e+03
7.970500e+02 5.504800e+03
7.970000e+02 5.476500e+03
7.969500e+02 5.476500e+03
7.969000e+02 5.470033e+03
7.968500e+02 5.470033e+03
7.968000e+02 5.506767e+03
7.967500e+02 5.506767e+03
7.967000e+02 5.515633e+03
7.966500e+02 5.515633e+03
7.966000e+02 5.484867e+03
7.965500e+02 5.484867e+03
7.965000e+02 5.489533e+03
7.964500e+02 5.489533e+03
7.964000e+02 5.532733e+03
7.963500e+02 5.532733e+03
7.963000e+02 5.547000e+03
7.962500e+02 5.547000e+03
7.962000e+02 5.569533e+03
7.961500e+02 5.569533e+03
7.961000e+02 5.524400e+03
7.960500e+02 5.524400e+03
7.960000e+02 5.539333e+03
7.959500e+02 5.539333e+03
7.959000e+02 5.508833e+03
7.958500e+02 5.508833e+03
7.958000e+02 5.546867e+03
7.957500e+02 5.546867e+03
7.957000e+02 5.542300e+03
7.956500e+02 5.542300e+03
7.956000e+02 5.556767e+03
7.955500e+02 5.556767e+03
7.955000e+02 5.572733e+03
7.954500e+02 5.572733e+03
7.954000e+02 5.587100e+03
7.953500e+02 5.587100e+03
7.953000e+02 5.558367e+03
7.952500e+02 5.558367e+03
7.952000e+02 5.536933e+03
7.951500e+02 5.536933e+03
7.951000e+02 5.573200e+03
7.950500e+02 5.573200e+03
7.950000e+02 5.571200e+03
7.949500e+02 5.571200e+03
7.949000e+02 5.657200e+03
7.948500e+02 5.657200e+03
7.948000e+02 5.647200e+03
7.947500e+02 5.647200e+03
7.947000e+02 5.620300e+03
7.946500e+02 5.620300e+03
7.946000e+02 5.637100e+03
7.945500e+02 5.637100e+03
7.945000e+02 5.652900e+03
7.944500e+02 5.652900e+03
7.944000e+02 5.674533e+03
7.943500e+02 5.674533e+03
7.943000e+02 5.681133e+03
7.942500e+02 5.681133e+03
7.942000e+02 5.636333e+03
7.941500e+02 5.636333e+03
7.941000e+02 5.670467e+03
7.940500e+02 5.670467e+03
7.940000e+02 5.694667e+03
7.939500e+02 5.694667e+03
7.939000e+02 5.683767e+03
7.938500e+02 5.683767e+03
7.938000e+02 5.728900e+03
7.937500e+02 5.728900e+03
7.937000e+02 5.746600e+03
7.936500e+02 5.746600e+03
7.936000e+02 5.741867e+03
7.935500e+02 5.741867e+03
7.935000e+02 5.761900e+03
7.934500e+02 5.761900e+03
7.934000e+02 5.757300e+03
7.933500e+02 5.757300e+03
7.933000e+02 5.792133e+03
7.932500e+02 5.792133e+03
7.932000e+02 5.827400e+03
7.931500e+02 5.827400e+03
7.931000e+02 5.824700e+03
7.930500e+02 5.824700e+03
7.930000e+02 5.860833e+03
7.929500e+02 5.860833e+03
7.929000e+02 5.847600e+03
7.928500e+02 5.847600e+03
7.928000e+02 5.883467e+03
7.927500e+02 5.883467e+03
7.927000e+02 5.908367e+03
7.926500e+02 5.908367e+03
7.926000e+02 5.890200e+03
7.925500e+02 5.890200e+03
7.925000e+02 5.918200e+03
7.924500e+02 5.918200e+03
7.924000e+02 5.982100e+03
7.923500e+02 5.982100e+03
7.923000e+02 5.995333e+03
7.922500e+02 5.995333e+03
7.922000e+02 6.030833e+03
7.921500e+02 6.030833e+03
7.921000e+02 5.999100e+03
7.920500e+02 5.999100e+03
7.920000e+02 6.059067e+03
7.919500e+02 6.059067e+03
7.919000e+02 6.093367e+03
7.918500e+02 6.093367e+03
7.918000e+02 6.044467e+03
7.917500e+02 6.044467e+03
7.917000e+02 6.061600e+03
7.916500e+02 6.061600e+03
7.916000e+02 6.122900e+03
7.915500e+02 6.122900e+03
7.915000e+02 6.129433e+03
7.914500e+02 6.129433e+03
7.914000e+02 6.126333e+03
7.913500e+02 6.126333e+03
7.913000e+02 6.158633e+03
7.912500e+02 6.158633e+03
7.912000e+02 6.197533e+03
7.911500e+02 6.197533e+03
7.911000e+02 6.189233e+03
7.910500e+02 6.189233e+03
7.910000e+02 6.182233e+03
7.909500e+02 6.182233e+03
7.909000e+02 6.258200e+03
7.908500e+02 6.258200e+03
7.908000e+02 6.278200e+03
7.907500e+02 6.278200e+03
7.907000e+02 6.287333e+03
7.906500e+02 6.287333e+03
7.906000e+02 6.342267e+03
7.905500e+02 6.342267e+03
7.905000e+02 6.322567e+03
7.904500e+02 6.322567e+03
7.904000e+02 6.364233e+03
7.903500e+02 6.364233e+03
7.903000e+02 6.324733e+03
7.902500e+02 6.324733e+03
7.902000e+02 6.398533e+03
7.901500e+02 6.398533e+03
7.901000e+02 6.405433e+03
7.900500e+02 6.405433e+03
7.900000e+02 6.378433e+03
7.899500e+02 6.378433e+03
7.899000e+02 6.445033e+03
7.898500e+02 6.445033e+03
7.898000e+02 6.396767e+03
7.897500e+02 6.396767e+03
7.897000e+02 6.418333e+03
7.896500e+02 6.418333e+03
7.896000e+02 6.457867e+03
7.895500e+02 6.457867e+03
7.895000e+02 6.470100e+03
7.894500e+02 6.470100e+03
7.894000e+02 6.482800e+03
7.893500e+02 6.482800e+03
7.893000e+02 6.506767e+03
7.892500e+02 6.506767e+03
7.892000e+02 6.535233e+03
7.891500e+02 6.535233e+03
7.891000e+02 6.533300e+03
7.890500e+02 6.533300e+03
7.890000e+02 6.514133e+03
7.889500e+02 6.514133e+03
7.889000e+02 6.573700e+03
7.888500e+02 6.573700e+03
7.888000e+02 6.511900e+03
7.887500e+02 6.511900e+03
7.887000e+02 6.557400e+03
7.886500e+02 6.557400e+03
7.886000e+02 6.590000e+03
7.885500e+02 6.590000e+03
7.885000e+02 6.628233e+03
7.884500e+02 6.628233e+03
7.884000e+02 6.606267e+03
7.883500e+02 6.606267e+03
7.883000e+02 6.579233e+03
7.882500e+02 6.579233e+03
7.882000e+02 6.611233e+03
7.881500e+02 6.611233e+03
7.881000e+02 6.630933e+03
7.880500e+02 6.630933e+03
7.880000e+02 6.701533e+03
7.879500e+02 6.701533e+03
7.879000e+02 6.668633e+03
7.878500e+02 6.668633e+03
7.878000e+02 6.695267e+03
7.877500e+02 6.695267e+03
7.877000e+02 6.701733e+03
7.876500e+02 6.701733e+03
7.876000e+02 6.679667e+03
7.875500e+02 6.679667e+03
7.875000e+02 6.663433e+03
7.874500e+02 6.663433e+03
7.874000e+02 6.684767e+03
7.873500e+02 6.684767e+03
7.873000e+02 6.728700e+03
7.872500e+02 6.728700e+03
7.872000e+02 6.708100e+03
7.871500e+02 6.708100e+03
7.871000e+02 6.697067e+03
7.870500e+02 6.697067e+03
7.870000e+02 6.719567e+03
7.869500e+02 6.719567e+03
7.869000e+02 6.756433e+03
7.868500e+02 6.756433e+03
7.868000e+02 6.724667e+03
7.867500e+02 6.724667e+03
7.867000e+02 6.728267e+03
7.866500e+02 6.728267e+03
7.866000e+02 6.797367e+03
7.865500e+02 6.797367e+03
7.865000e+02 6.764267e+03
7.864500e+02 6.764267e+03
7.864000e+02 6.796400e+03
7.863500e+02 6.796400e+03
7.863000e+02 6.832433e+03
7.862500e+02 6.832433e+03
7.862000e+02 6.754600e+03
7.861500e+02 6.754600e+03
7.861000e+02 6.795833e+03
7.860500e+02 6.795833e+03
7.860000e+02 6.739233e+03
7.859500e+02 6.739233e+03
7.859000e+02 6.802367e+03
7.858500e+02 6.802367e+03
7.858000e+02 6.829300e+03
7.857500e+02 6.829300e+03
7.857000e+02 6.790100e+03
7.856500e+02 6.790100e+03
7.856000e+02 6.807500e+03
7.855500e+02 6.807500e+03
7.855000e+02 6.858200e+03
7.854500e+02 6.858200e+03
7.854000e+02 6.877933e+03
7.853500e+02 6.877933e+03
7.853000e+02 6.879633e+03
7.852500e+02 6.879633e+03
7.852000e+02 6.860767e+03
7.851500e+02 6.860767e+03
7.851000e+02 6.858400e+03
7.850500e+02 6.858400e+03
7.850000e+02 6.907733e+03
7.849500e+02 6.907733e+03
7.849000e+02 6.920667e+03
7.848500e+02 6.920667e+03
7.848000e+02 6.912867e+03
7.847500e+02 6.912867e+03
7.847000e+02 6.935200e+03
7.846500e+02 6.935200e+03
7.846000e+02 6.961200e+03
7.845500e+02 6.961200e+03
7.845000e+02 6.972133e+03
7.844500e+02 6.972133e+03
7.844000e+02 7.021933e+03
7.843500e+02 7.021933e+03
7.843000e+02 7.012900e+03
7.842500e+02 7.012900e+03
7.842000e+02 6.993033e+03
7.841500e+02 6.993033e+03
7.841000e+02 6.997933e+03
7.840500e+02 6.997933e+03
7.840000e+02 7.024867e+03
7.839500e+02 7.024867e+03
7.839000e+02 7.005767e+03
7.838500e+02 7.005767e+03
7.838000e+02 7.064167e+03
7.837500e+02 7.064167e+03
7.837000e+02 7.061033e+03
7.836500e+02 7.061033e+03
7.836000e+02 7.025767e+03
7.835500e+02 7.025767e+03
7.835000e+02 7.025300e+03
7.834500e+02 7.025300e+03
7.834000e+02 7.021033e+03
7.833500e+02 7.021033e+03
7.833000e+02 7.011700e+03
7.832500e+02 7.011700e+03
7.832000e+02 7.015633e+03
7.831500e+02 7.015633e+03
7.831000e+02 7.028833e+03
7.830500e+02 7.028833e+03
7.830000e+02 7.001633e+03
7.829500e+02 7.001633e+03
7.829000e+02 7.010367e+03
7.828500e+02 7.010367e+03
7.828000e+02 7.037000e+03
7.827500e+02 7.037000e+03
7.827000e+02 7.024733e+03
7.826500e+02 7.024733e+03
7.826000e+02 6.980967e+03
7.825500e+02 6.980967e+03
7.825000e+02 6.969400e+03
7.824500e+02 6.969400e+03
7.824000e+02 6.915233e+03
7.823500e+02 6.915233e+03
7.823000e+02 6.904700e+03
7.822500e+02 6.904700e+03
7.822000e+02 6.911400e+03
7.821500e+02 6.911400e+03
7.821000e+02 6.853167e+03
7.820500e+02 6.853167e+03
7.820000e+02 6.813800e+03
7.819500e+02 6.813800e+03
7.819000e+02 6.781133e+03
7.818500e+02 6.781133e+03
7.818000e+02 6.747800e+03
7.817500e+02 6.747800e+03
7.817000e+02 6.777600e+03
7.816500e+02 6.777600e+03
7.816000e+02 6.752733e+03
7.815500e+02 6.752733e+03
7.815000e+02 6.691800e+03
7.814500e+02 6.691800e+03
7.814000e+02 6.669333e+03
7.813500e+02 6.669333e+03
7.813000e+02 6.627067e+03
7.812500e+02 6.627067e+03
7.812000e+02 6.601567e+03
7.811500e+02 6.601567e+03
7.811000e+02 6.534533e+03
7.810500e+02 6.534533e+03
7.810000e+02 6.502433e+03
7.809500e+02 6.502433e+03
7.809000e+02 6.473367e+03
7.808500e+02 6.473367e+03
7.808000e+02 6.415333e+03
7.807500e+02 6.415333e+03
7.807000e+02 6.369033e+03
7.806500e+02 6.369033e+03
7.806000e+02 6.320933e+03
7.805500e+02 6.320933e+03
7.805000e+02 6.269733e+03
7.804500e+02 6.269733e+03
7.804000e+02 6.248267e+03
7.803500e+02 6.248267e+03
7.803000e+02 6.234200e+03
7.802500e+02 6.234200e+03
7.802000e+02 6.179767e+03
7.801500e+02 6.179767e+03
7.801000e+02 6.137333e+03
7.800500e+02 6.137333e+03
7.800000e+02 6.057567e+03
7.799500e+02 6.057567e+03
7.799000e+02 6.030400e+03
7.798500e+02 6.030400e+03
7.798000e+02 5.992000e+03
7.797500e+02 5.992000e+03
7.797000e+02 5.983800e+03
7.796500e+02 5.983800e+03
7.796000e+02 5.945333e+03
7.795500e+02 5.945333e+03
7.795000e+02 5.854467e+03
7.794500e+02 5.854467e+03
7.794000e+02 5.807533e+03
7.793500e+02 5.807533e+03
7.793000e+02 5.770333e+03
7.792500e+02 5.770333e+03
7.792000e+02 5.792967e+03
7.791500e+02 5.792967e+03
7.791000e+02 5.741500e+03
7.790500e+02 5.741500e+03
7.790000e+02 5.697733e+03
7.789500e+02 5.697733e+03
7.789000e+02 5.632133e+03
7.788500e+02 5.632133e+03
7.788000e+02 5.570200e+03
7.787500e+02 5.570200e+03
7.787000e+02 5.589933e+03
7.786500e+02 5.589933e+03
7.786000e+02 5.536333e+03
7.785500e+02 5.536333e+03
7.785000e+02 5.487300e+03
7.784500e+02 5.487300e+03
7.784000e+02 5.499367e+03
7.783500e+02 5.499367e+03
7.783000e+02 5.490200e+03
7.782500e+02 5.490200e+03
7.782000e+02 5.456233e+03
7.781500e+02 5.456233e+03
7.781000e+02 5.503233e+03
7.780500e+02 5.503233e+03
7.780000e+02 5.482233e+03
7.779500e+02 5.482233e+03
7.779000e+02 5.406833e+03
7.778500e+02 5.406833e+03
7.778000e+02 5.365533e+03
7.777500e+02 5.365533e+03
7.777000e+02 5.436667e+03
7.776500e+02 5.436667e+03
7.776000e+02 5.359733e+03
7.775500e+02 5.359733e+03
7.775000e+02 5.347667e+03
7.774500e+02 5.347667e+03
7.774000e+02 5.353000e+03
7.773500e+02 5.353000e+03
7.773000e+02 5.353700e+03
7.772500e+02 5.353700e+03
7.772000e+02 5.332333e+03
7.771500e+02 5.332333e+03
7.771000e+02 5.331400e+03
7.770500e+02 5.331400e+03
7.770000e+02 5.344667e+03
7.769500e+02 5.344667e+03
7.769000e+02 5.279633e+03
7.768500e+02 5.279633e+03
7.768000e+02 5.267600e+03
7.767500e+02 5.267600e+03
7.767000e+02 5.305233e+03
7.766500e+02 5.305233e+03
7.766000e+02 5.255267e+03
7.765500e+02 5.255267e+03
7.765000e+02 5.261767e+03
7.764500e+02 5.261767e+03
7.764000e+02 5.268367e+03
7.763500e+02 5.268367e+03
7.763000e+02 5.272833e+03
7.762500e+02 5.272833e+03
7.762000e+02 5.302967e+03
7.761500e+02 5.302967e+03
7.761000e+02 5.276733e+03
7.760500e+02 5.276733e+03
7.760000e+02 5.253500e+03
7.759500e+02 5.253500e+03
7.759000e+02 5.258300e+03
7.758500e+02 5.258300e+03
7.758000e+02 5.225233e+03
7.757500e+02 5.225233e+03
7.757000e+02 5.282133e+03
7.756500e+02 5.282133e+03
7.756000e+02 5.275233e+03
7.755500e+02 5.275233e+03
7.755000e+02 5.255400e+03
7.754500e+02 5.255400e+03
7.754000e+02 5.282967e+03
7.753500e+02 5.282967e+03
7.753000e+02 5.269733e+03
7.752500e+02 5.269733e+03
7.752000e+02 5.277833e+03
7.751500e+02 5.277833e+03
7.751000e+02 5.236133e+03
7.750500e+02 5.236133e+03
7.750000e+02 5.272467e+03
7.749500e+02 5.272467e+03
7.749000e+02 5.254000e+03
7.748500e+02 5.254000e+03
7.748000e+02 5.255500e+03
7.747500e+02 5.255500e+03
7.747000e+02 5.234000e+03
7.746500e+02 5.234000e+03
7.746000e+02 5.253933e+03
7.745500e+02 5.253933e+03
7.745000e+02 5.268400e+03
7.744500e+02 5.268400e+03
7.744000e+02 5.293567e+03
7.743500e+02 5.293567e+03
7.743000e+02 5.272367e+03
7.742500e+02 5.272367e+03
7.742000e+02 5.304400e+03
7.741500e+02 5.304400e+03
7.741000e+02 5.242033e+03
7.740500e+02 5.242033e+03
7.740000e+02 5.283767e+03
7.739500e+02 5.283767e+03
7.739000e+02 5.314933e+03
7.738500e+02 5.314933e+03
7.738000e+02 5.293733e+03
7.737500e+02 5.293733e+03
7.737000e+02 5.320533e+03
7.736500e+02 5.320533e+03
7.736000e+02 5.307633e+03
7.735500e+02 5.307633e+03
7.735000e+02 5.309433e+03
7.734500e+02 5.309433e+03
7.734000e+02 5.311867e+03
7.733500e+02 5.311867e+03
7.733000e+02 5.302033e+03
7.732500e+02 5.302033e+03
7.732000e+02 5.290200e+03
7.731500e+02 5.290200e+03
7.731000e+02 5.334667e+03
7.730500e+02 5.334667e+03
7.730000e+02 5.351900e+03
7.729500e+02 5.351900e+03
7.729000e+02 5.310067e+03
7.728500e+02 5.310067e+03
7.728000e+02 5.282300e+03
7.727500e+02 5.282300e+03
7.727000e+02 5.369500e+03
7.726500e+02 5.369500e+03
7.726000e+02 5.326167e+03
7.725500e+02 5.326167e+03
7.725000e+02 5.313100e+03
7.724500e+02 5.313100e+03
7.724000e+02 5.326867e+03
7.723500e+02 5.326867e+03
7.723000e+02 5.340300e+03
7.722500e+02 5.340300e+03
7.722000e+02 5.340533e+03
7.721500e+02 5.340533e+03
7.721000e+02 5.371967e+03
7.720500e+02 5.371967e+03
7.720000e+02 5.383167e+03
7.719500e+02 5.383167e+03
7.719000e+02 5.337733e+03
7.718500e+02 5.337733e+03
7.718000e+02 5.348400e+03
7.717500e+02 5.348400e+03
7.717000e+02 5.366833e+03
7.716500e+02 5.366833e+03
7.716000e+02 5.361433e+03
7.715500e+02 5.361433e+03
7.715000e+02 5.403133e+03
7.714500e+02 5.403133e+03
7.714000e+02 5.348900e+03
7.713500e+02 5.348900e+03
7.713000e+02 5.367267e+03
7.712500e+02 5.367267e+03
7.712000e+02 5.410667e+03
7.711500e+02 5.410667e+03
7.711000e+02 5.375633e+03
7.710500e+02 5.375633e+03
7.710000e+02 5.414967e+03
7.709500e+02 5.414967e+03
7.709000e+02 5.379300e+03
7.708500e+02 5.379300e+03
7.708000e+02 5.370267e+03
7.707500e+02 5.370267e+03
7.707000e+02 5.320800e+03
7.706500e+02 5.320800e+03
7.706000e+02 5.342733e+03
7.705500e+02 5.342733e+03
7.705000e+02 5.341400e+03
7.704500e+02 5.341400e+03
7.704000e+02 5.361667e+03
7.703500e+02 5.361667e+03
7.703000e+02 5.408700e+03
7.702500e+02 5.408700e+03
7.702000e+02 5.389867e+03
7.701500e+02 5.389867e+03
7.701000e+02 5.379600e+03
7.700500e+02 5.379600e+03
7.700000e+02 5.322667e+03
7.699500e+02 5.322667e+03
7.699000e+02 5.360600e+03
7.698500e+02 5.360600e+03
7.698000e+02 5.367867e+03
7.697500e+02 5.367867e+03
7.697000e+02 5.330400e+03
7.696500e+02 5.330400e+03
7.696000e+02 5.348000e+03
7.695500e+02 5.348000e+03
7.695000e+02 5.334233e+03
7.694500e+02 5.334233e+03
7.694000e+02 5.323533e+03
7.693500e+02 5.323533e+03
7.693000e+02 5.309400e+03
7.692500e+02 5.309400e+03
7.692000e+02 5.300600e+03
7.691500e+02 5.300600e+03
7.691000e+02 5.305967e+03
7.690500e+02 5.305967e+03
7.690000e+02 5.319833e+03
7.689500e+02 5.319833e+03
7.689000e+02 5.303667e+03
7.688500e+02 5.303667e+03
7.688000e+02 5.283767e+03
7.687500e+02 5.283767e+03
7.687000e+02 5.238467e+03
7.686500e+02 5.238467e+03
7.686000e+02 5.256400e+03
7.685500e+02 5.256400e+03
7.685000e+02 5.254400e+03
7.684500e+02 5.254400e+03
7.684000e+02 5.225967e+03
7.683500e+02 5.225967e+03
7.683000e+02 5.268667e+03
7.682500e+02 5.268667e+03
7.682000e+02 5.240467e+03
7.681500e+02 5.240467e+03
7.681000e+02 5.199933e+03
7.680500e+02 5.199933e+03
7.680000e+02 5.203833e+03
7.679500e+02 5.203833e+03
7.679000e+02 5.203633e+03
7.678500e+02 5.203633e+03
7.678000e+02 5.144733e+03
7.677500e+02 5.144733e+03
7.677000e+02 5.081767e+03
7.676500e+02 5.081767e+03
7.676000e+02 5.145300e+03
7.675500e+02 5.145300e+03
7.675000e+02 5.119267e+03
7.674500e+02 5.119267e+03
7.674000e+02 5.138533e+03
7.673500e+02 5.138533e+03
7.673000e+02 5.118133e+03
7.672500e+02 5.118133e+03
7.672000e+02 5.138933e+03
7.671500e+02 5.138933e+03
7.671000e+02 5.107233e+03
7.670500e+02 5.107233e+03
7.670000e+02 5.073867e+03
7.669500e+02 5.073867e+03
7.669000e+02 5.046500e+03
7.668500e+02 5.046500e+03
7.668000e+02 5.048033e+03
7.667500e+02 5.048033e+03
7.667000e+02 5.057267e+03
7.666500e+02 5.057267e+03
7.666000e+02 5.039067e+03
7.665500e+02 5.039067e+03
7.665000e+02 5.022733e+03
7.664500e+02 5.022733e+03
7.664000e+02 5.001533e+03
7.663500e+02 5.001533e+03
7.663000e+02 4.982767e+03
7.662500e+02 4.982767e+03
7.662000e+02 5.003967e+03
7.661500e+02 5.003967e+03
7.661000e+02 5.005833e+03
7.660500e+02 5.005833e+03
7.660000e+02 5.002400e+03
7.659500e+02 5.002400e+03
7.659000e+02 4.997133e+03
7.658500e+02 4.997133e+03
7.658000e+02 4.937767e+03
7.657500e+02 4.937767e+03
7.657000e+02 4.934433e+03
7.656500e+02 4.934433e+03
7.656000e+02 4.957533e+03
7.655500e+02 4.957533e+03
7.655000e+02 4.962800e+03
7.654500e+02 4.962800e+03
7.654000e+02 4.954967e+03
7.653500e+02 4.954967e+03
7.653000e+02 4.883667e+03
7.652500e+02 4.883667e+03
7.652000e+02 4.914867e+03
7.651500e+02 4.914867e+03
7.651000e+02 4.923900e+03
7.650500e+02 4.923900e+03
7.650000e+02 4.919167e+03
7.649500e+02 4.919167e+03
7.649000e+02 4.909133e+03
7.648500e+02 4.909133e+03
7.648000e+02 4.924200e+03
7.647500e+02 4.924200e+03
7.647000e+02 4.917467e+03
7.646500e+02 4.917467e+03
7.646000e+02 4.906367e+03
7.645500e+02 4.906367e+03
7.645000e+02 4.903867e+03
7.644500e+02 4.903867e+03
7.644000e+02 4.904367e+03
7.643500e+02 4.904367e+03
7.643000e+02 4.914567e+03
7.642500e+02 4.914567e+03
7.642000e+02 4.895567e+03
7.641500e+02 4.895567e+03
7.641000e+02 4.902833e+03
7.640500e+02 4.902833e+03
7.640000e+02 4.881167e+03
7.639500e+02 4.881167e+03
7.639000e+02 4.865000e+03
7.638500e+02 4.865000e+03
7.638000e+02 4.899100e+03
7.637500e+02 4.899100e+03
7.637000e+02 4.893233e+03
7.636500e+02 4.893233e+03
7.636000e+02 4.911533e+03
7.635500e+02 4.911533e+03
7.635000e+02 4.901400e+03
7.634500e+02 4.901400e+03
7.634000e+02 4.922233e+03
7.633500e+02 4.922233e+03
7.633000e+02 4.898233e+03
7.632500e+02 4.898233e+03
7.632000e+02 4.860700e+03
7.631500e+02 4.860700e+03
7.631000e+02 4.919733e+03
7.630500e+02 4.919733e+03
7.630000e+02 4.895067e+03
7.629500e+02 4.895067e+03
7.629000e+02 4.885367e+03
7.628500e+02 4.885367e+03
7.628000e+02 4.874033e+03
7.627500e+02 4.874033e+03
7.627000e+02 4.905300e+03
7.626500e+02 4.905300e+03
7.626000e+02 4.901367e+03
7.625500e+02 4.901367e+03
7.625000e+02 4.873133e+03
7.624500e+02 4.873133e+03
7.624000e+02 4.850600e+03
7.623500e+02 4.850600e+03
7.623000e+02 4.908867e+03
7.622500e+02 4.908867e+03
7.622000e+02 4.882833e+03
7.621500e+02 4.882833e+03
7.621000e+02 4.922700e+03
7.620500e+02 4.922700e+03
7.620000e+02 4.906067e+03
7.619500e+02 4.906067e+03
7.619000e+02 4.901100e+03
7.618500e+02 4.901100e+03
7.618000e+02 4.899867e+03
7.617500e+02 4.899867e+03
7.617000e+02 4.938867e+03
7.616500e+02 4.938867e+03
7.616000e+02 4.857300e+03
7.615500e+02 4.857300e+03
7.615000e+02 4.896133e+03
7.614500e+02 4.896133e+03
7.614000e+02 4.896700e+03
7.613500e+02 4.896700e+03
7.613000e+02 4.847467e+03
7.612500e+02 4.847467e+03
7.612000e+02 4.886633e+03
7.611500e+02 4.886633e+03
7.611000e+02 4.925733e+03
7.610500e+02 4.925733e+03
7.610000e+02 4.949200e+03
7.609500e+02 4.949200e+03
7.609000e+02 4.937333e+03
7.608500e+02 4.937333e+03
7.608000e+02 4.975800e+03
7.607500e+02 4.975800e+03
7.607000e+02 4.925867e+03
7.606500e+02 4.925867e+03
7.606000e+02 4.926200e+03
7.605500e+02 4.926200e+03
7.605000e+02 4.956667e+03
7.604500e+02 4.956667e+03
7.604000e+02 4.964667e+03
7.603500e+02 4.964667e+03
7.603000e+02 4.920733e+03
7.602500e+02 4.920733e+03
7.602000e+02 4.875067e+03
7.601500e+02 4.875067e+03
7.601000e+02 4.919267e+03
7.600500e+02 4.919267e+03
7.600000e+02 4.966133e+03
7.599500e+02 4.966133e+03
7.599000e+02 4.972567e+03
7.598500e+02 4.972567e+03
7.598000e+02 4.946567e+03
7.597500e+02 4.946567e+03
7.597000e+02 4.978600e+03
7.596500e+02 4.978600e+03
7.596000e+02 4.944233e+03
7.595500e+02 4.944233e+03
7.595000e+02 4.962833e+03
7.594500e+02 4.962833e+03
7.594000e+02 4.984900e+03
7.593500e+02 4.984900e+03
7.593000e+02 4.917867e+03
7.592500e+02 4.917867e+03
7.592000e+02 4.966800e+03
7.591500e+02 4.966800e+03
7.591000e+02 4.971300e+03
7.590500e+02 4.971300e+03
7.590000e+02 4.959067e+03
7.589500e+02 4.959067e+03
7.589000e+02 5.008500e+03
7.588500e+02 5.008500e+03
7.588000e+02 4.991133e+03
7.587500e+02 4.991133e+03
7.587000e+02 4.998033e+03
7.586500e+02 4.998033e+03
7.586000e+02 5.036467e+03
7.585500e+02 5.036467e+03
7.585000e+02 5.011567e+03
7.584500e+02 5.011567e+03
7.584000e+02 5.040533e+03
7.583500e+02 5.040533e+03
7.583000e+02 5.007933e+03
7.582500e+02 5.007933e+03
7.582000e+02 5.019633e+03
7.581500e+02 5.019633e+03
7.581000e+02 5.033867e+03
7.580500e+02 5.033867e+03
7.580000e+02 5.030967e+03
7.579500e+02 5.030967e+03
7.579000e+02 5.039067e+03
7.578500e+02 5.039067e+03
7.578000e+02 5.044500e+03
7.577500e+02 5.044500e+03
7.577000e+02 5.017100e+03
7.576500e+02 5.017100e+03
7.576000e+02 5.038733e+03
7.575500e+02 5.038733e+03
7.575000e+02 5.041533e+03
7.574500e+02 5.041533e+03
7.574000e+02 5.046533e+03
7.573500e+02 5.046533e+03
7.573000e+02 5.048133e+03
7.572500e+02 5.048133e+03
7.572000e+02 5.054300e+03
7.571500e+02 5.054300e+03
7.571000e+02 5.098500e+03
7.570500e+02 5.098500e+03
7.570000e+02 5.074400e+03
7.569500e+02 5.074400e+03
7.569000e+02 5.035767e+03
7.568500e+02 5.035767e+03
7.568000e+02 5.047333e+03
7.567500e+02 5.047333e+03
7.567000e+02 5.051700e+03
7.566500e+02 5.051700e+03
7.566000e+02 5.060367e+03
7.565500e+02 5.060367e+03
7.565000e+02 5.039133e+03
7.564500e+02 5.039133e+03
7.564000e+02 5.081500e+03
7.563500e+02 5.081500e+03
7.563000e+02 5.053067e+03
7.562500e+02 5.053067e+03
7.562000e+02 5.056900e+03
7.561500e+02 5.056900e+03
7.561000e+02 5.073633e+03
7.560500e+02 5.073633e+03
7.560000e+02 5.048767e+03
7.559500e+02 5.048767e+03
7.559000e+02 5.079767e+03
7.558500e+02 5.079767e+03
7.558000e+02 5.082833e+03
7.557500e+02 5.082833e+03
7.557000e+02 5.084233e+03
7.556500e+02 5.084233e+03
7.556000e+02 5.108467e+03
7.555500e+02 5.108467e+03
7.555000e+02 5.086833e+03
7.554500e+02 5.086833e+03
7.554000e+02 5.113500e+03
7.553500e+02 5.113500e+03
7.553000e+02 5.124333e+03
7.552500e+02 5.124333e+03
7.552000e+02 5.100300e+03
7.551500e+02 5.100300e+03
7.551000e+02 5.108100e+03
7.550500e+02 5.108100e+03
7.550000e+02 5.140833e+03
7.549500e+02 5.140833e+03
7.549000e+02 5.125400e+03
7.548500e+02 5.125400e+03
7.548000e+02 5.123067e+03
7.547500e+02 5.123067e+03
7.547000e+02 5.110033e+03
7.546500e+02 5.110033e+03
7.546000e+02 5.122133e+03
7.545500e+02 5.122133e+03
7.545000e+02 5.143467e+03
7.544500e+02 5.143467e+03
7.544000e+02 5.149733e+03
7.543500e+02 5.149733e+03
7.543000e+02 5.141167e+03
7.542500e+02 5.141167e+03
7.542000e+02 5.125300e+03
7.541500e+02 5.125300e+03
7.541000e+02 5.144467e+03
7.540500e+02 5.144467e+03
7.540000e+02 5.145933e+03
7.539500e+02 5.145933e+03
7.539000e+02 5.115167e+03
7.538500e+02 5.115167e+03
7.538000e+02 5.126800e+03
7.537500e+02 5.126800e+03
7.537000e+02 5.163767e+03
7.536500e+02 5.163767e+03
7.536000e+02 5.176867e+03
7.535500e+02 5.176867e+03
7.535000e+02 5.188500e+03
7.534500e+02 5.188500e+03
7.534000e+02 5.145767e+03
7.533500e+02 5.145767e+03
7.533000e+02 5.159333e+03
7.532500e+02 5.159333e+03
7.532000e+02 5.164500e+03
7.531500e+02 5.164500e+03
7.531000e+02 5.199633e+03
7.530500e+02 5.199633e+03
7.530000e+02 5.207500e+03
7.529500e+02 5.207500e+03
7.529000e+02 5.180900e+03
7.528500e+02 5.180900e+03
7.528000e+02 5.185433e+03
7.527500e+02 5.185433e+03
7.527000e+02 5.242867e+03
7.526500e+02 5.242867e+03
7.526000e+02 5.179500e+03
7.525500e+02 5.179500e+03
7.525000e+02 5.188567e+03
7.524500e+02 5.188567e+03
7.524000e+02 5.171600e+03
7.523500e+02 5.171600e+03
7.523000e+02 5.223167e+03
7.522500e+02 5.223167e+03
7.522000e+02 5.217733e+03
7.521500e+02 5.217733e+03
7.521000e+02 5.193300e+03
7.520500e+02 5.193300e+03
7.520000e+02 5.178567e+03
7.519500e+02 5.178567e+03
7.519000e+02 5.231567e+03
7.518500e+02 5.231567e+03
7.518000e+02 5.241533e+03
7.517500e+02 5.241533e+03
7.517000e+02 5.233733e+03
7.516500e+02 5.233733e+03
7.516000e+02 5.231667e+03
7.515500e+02 5.231667e+03
7.515000e+02 5.209900e+03
7.514500e+02 5.209900e+03
7.514000e+02 5.214633e+03
7.513500e+02 5.214633e+03
7.513000e+02 5.193933e+03
7.512500e+02 5.193933e+03
7.512000e+02 5.218033e+03
7.511500e+02 5.218033e+03
7.511000e+02 5.234100e+03
7.510500e+02 5.234100e+03
7.510000e+02 5.255133e+03
7.509500e+02 5.255133e+03
7.509000e+02 5.274100e+03
7.508500e+02 5.274100e+03
7.508000e+02 5.270600e+03
7.507500e+02 5.270600e+03
7.507000e+02 5.296100e+03
7.506500e+02 5.296100e+03
7.506000e+02 5.283167e+03
7.505500e+02 5.283167e+03
7.505000e+02 5.253600e+03
7.504500e+02 5.253600e+03
7.504000e+02 5.294833e+03
7.503500e+02 5.294833e+03
7.503000e+02 5.274800e+03
7.502500e+02 5.274800e+03
7.502000e+02 5.272633e+03
7.501500e+02 5.272633e+03
7.501000e+02 5.239833e+03
7.500500e+02 5.239833e+03
7.500000e+02 5.281233e+03
7.499500e+02 5.281233e+03
7.499000e+02 5.300100e+03
7.498500e+02 5.300100e+03
7.498000e+02 5.310267e+03
7.497500e+02 5.310267e+03
7.497000e+02 5.311433e+03
7.496500e+02 5.311433e+03
7.496000e+02 5.315067e+03
7.495500e+02 5.315067e+03
7.495000e+02 5.315933e+03
7.494500e+02 5.315933e+03
7.494000e+02 5.325133e+03
7.493500e+02 5.325133e+03
7.493000e+02 5.321700e+03
7.492500e+02 5.321700e+03
7.492000e+02 5.323267e+03
7.491500e+02 5.323267e+03
7.491000e+02 5.352767e+03
7.490500e+02 5.352767e+03
7.490000e+02 5.348367e+03
7.489500e+02 5.348367e+03
7.489000e+02 5.358900e+03
7.488500e+02 5.358900e+03
7.488000e+02 5.332000e+03
7.487500e+02 5.332000e+03
7.487000e+02 5.327500e+03
7.486500e+02 5.327500e+03
7.486000e+02 5.349433e+03
7.485500e+02 5.349433e+03
7.485000e+02 5.409200e+03
7.484500e+02 5.409200e+03
7.484000e+02 5.393867e+03
7.483500e+02 5.393867e+03
7.483000e+02 5.373300e+03
7.482500e+02 5.373300e+03
7.482000e+02 5.325167e+03
7.481500e+02 5.325167e+03
7.481000e+02 5.385733e+03
7.480500e+02 5.385733e+03
7.480000e+02 5.425067e+03
7.479500e+02 5.425067e+03
7.479000e+02 5.419300e+03
7.478500e+02 5.419300e+03
7.478000e+02 5.379467e+03
7.477500e+02 5.379467e+03
7.477000e+02 5.412300e+03
7.476500e+02 5.412300e+03
7.476000e+02 5.421833e+03
7.475500e+02 5.421833e+03
7.475000e+02 5.417067e+03
7.474500e+02 5.417067e+03
7.474000e+02 5.402133e+03
7.473500e+02 5.402133e+03
7.473000e+02 5.416533e+03
7.472500e+02 5.416533e+03
7.472000e+02 5.399133e+03
7.471500e+02 5.399133e+03
7.471000e+02 5.418733e+03
7.470500e+02 5.418733e+03
7.470000e+02 5.460500e+03
7.469500e+02 5.460500e+03
7.469000e+02 5.453767e+03
7.468500e+02 5.453767e+03
7.468000e+02 5.472667e+03
7.467500e+02 5.472667e+03
7.467000e+02 5.455700e+03
7.466500e+02 5.455700e+03
7.466000e+02 5.437467e+03
7.465500e+02 5.437467e+03
7.465000e+02 5.433700e+03
7.464500e+02 5.433700e+03
7.464000e+02 5.419933e+03
7.463500e+02 5.419933e+03
7.463000e+02 5.491700e+03
7.462500e+02 5.491700e+03
7.462000e+02 5.477833e+03
7.461500e+02 5.477833e+03
7.461000e+02 5.461667e+03
7.460500e+02 5.461667e+03
7.460000e+02 5.490967e+03
7.459500e+02 5.490967e+03
7.459000e+02 5.487433e+03
7.458500e+02 5.487433e+03
7.458000e+02 5.529767e+03
7.457500e+02 5.529767e+03
7.457000e+02 5.508733e+03
7.456500e+02 5.508733e+03
7.456000e+02 5.489167e+03
7.455500e+02 5.489167e+03
7.455000e+02 5.504400e+03
7.454500e+02 5.504400e+03
7.454000e+02 5.512633e+03
7.453500e+02 5.512633e+03
7.453000e+02 5.534267e+03
7.452500e+02 5.534267e+03
7.452000e+02 5.532233e+03
7.451500e+02 5.532233e+03
7.451000e+02 5.543033e+03
7.450500e+02 5.543033e+03
7.450000e+02 5.560467e+03
7.449500e+02 5.560467e+03
7.449000e+02 5.536600e+03
7.448500e+02 5.536600e+03
7.448000e+02 5.560467e+03
7.447500e+02 5.560467e+03
7.447000e+02 5.562667e+03
7.446500e+02 5.562667e+03
7.446000e+02 5.542567e+03
7.445500e+02 5.542567e+03
7.445000e+02 5.530467e+03
7.444500e+02 5.530467e+03
7.444000e+02 5.601700e+03
7.443500e+02 5.601700e+03
7.443000e+02 5.580367e+03
7.442500e+02 5.580367e+03
7.442000e+02 5.563867e+03
7.441500e+02 5.563867e+03
7.441000e+02 5.546467e+03
7.440500e+02 5.546467e+03
7.440000e+02 5.549600e+03
7.439500e+02 5.549600e+03
7.439000e+02 5.608367e+03
7.438500e+02 5.608367e+03
7.438000e+02 5.581800e+03
7.437500e+02 5.581800e+03
7.437000e+02 5.576867e+03
7.436500e+02 5.576867e+03
7.436000e+02 5.540867e+03
7.435500e+02 5.540867e+03
7.435000e+02 5.539667e+03
7.434500e+02 5.539667e+03
7.434000e+02 5.577200e+03
7.433500e+02 5.577200e+03
7.433000e+02 5.578900e+03
7.432500e+02 5.578900e+03
7.432000e+02 5.567967e+03
7.431500e+02 5.567967e+03
7.431000e+02 5.604733e+03
7.430500e+02 5.604733e+03
7.430000e+02 5.550400e+03
7.429500e+02 5.550400e+03
7.429000e+02 5.539467e+03
7.428500e+02 5.539467e+03
7.428000e+02 5.546733e+03
7.427500e+02 5.546733e+03
7.427000e+02 5.540433e+03
7.426500e+02 5.540433e+03
7.426000e+02 5.498867e+03
7.425500e+02 5.498867e+03
7.425000e+02 5.524933e+03
7.424500e+02 5.524933e+03
7.424000e+02 5.530167e+03
7.423500e+02 5.530167e+03
7.423000e+02 5.500833e+03
7.422500e+02 5.500833e+03
7.422000e+02 5.518267e+03
7.421500e+02 5.518267e+03
7.421000e+02 5.506400e+03
7.420500e+02 5.506400e+03
7.420000e+02 5.509767e+03
7.419500e+02 5.509767e+03
7.419000e+02 5.510533e+03
7.418500e+02 5.510533e+03
7.418000e+02 5.494300e+03
7.417500e+02 5.494300e+03
7.417000e+02 5.467467e+03
7.416500e+02 5.467467e+03
7.416000e+02 5.461467e+03
7.415500e+02 5.461467e+03
7.415000e+02 5.484200e+03
7.414500e+02 5.484200e+03
7.414000e+02 5.449933e+03
7.413500e+02 5.449933e+03
7.413000e+02 5.472567e+03
7.412500e+02 5.472567e+03
7.412000e+02 5.464800e+03
7.411500e+02 5.464800e+03
7.411000e+02 5.443533e+03
7.410500e+02 5.443533e+03
7.410000e+02 5.460533e+03
7.409500e+02 5.460533e+03
7.409000e+02 5.410033e+03
7.408500e+02 5.410033e+03
7.408000e+02 5.457833e+03
7.407500e+02 5.457833e+03
7.407000e+02 5.439900e+03
7.406500e+02 5.439900e+03
7.406000e+02 5.425600e+03
7.405500e+02 5.425600e+03
7.405000e+02 5.423800e+03
7.404500e+02 5.423800e+03
7.404000e+02 5.373200e+03
7.403500e+02 5.373200e+03
7.403000e+02 5.417033e+03
7.402500e+02 5.417033e+03
7.402000e+02 5.417800e+03
7.401500e+02 5.417800e+03
7.401000e+02 5.432633e+03
7.400500e+02 5.432633e+03
7.400000e+02 5.358767e+03
7.399500e+02 5.358767e+03
7.399000e+02 5.433200e+03
7.398500e+02 5.433200e+03
7.398000e+02 5.422033e+03
7.397500e+02 5.422033e+03
7.397000e+02 5.451467e+03
7.396500e+02 5.451467e+03
7.396000e+02 5.470867e+03
7.395500e+02 5.470867e+03
7.395000e+02 5.430267e+03
7.394500e+02 5.430267e+03
7.394000e+02 5.441267e+03
7.393500e+02 5.441267e+03
7.393000e+02 5.456767e+03
7.392500e+02 5.456767e+03
7.392000e+02 5.456900e+03
7.391500e+02 5.456900e+03
7.391000e+02 5.434500e+03
7.390500e+02 5.434500e+03
7.390000e+02 5.454733e+03
7.389500e+02 5.454733e+03
7.389000e+02 5.462133e+03
7.388500e+02 5.462133e+03
7.388000e+02 5.414100e+03
7.387500e+02 5.414100e+03
7.387000e+02 5.431067e+03
7.386500e+02 5.431067e+03
7.386000e+02 5.405733e+03
7.385500e+02 5.405733e+03
7.385000e+02 5.467133e+03
7.384500e+02 5.467133e+03
7.384000e+02 5.462700e+03
7.383500e+02 5.462700e+03
7.383000e+02 5.472533e+03
7.382500e+02 5.472533e+03
7.382000e+02 5.464300e+03
7.381500e+02 5.464300e+03
7.381000e+02 5.479467e+03
7.380500e+02 5.479467e+03
7.380000e+02 5.488033e+03
7.379500e+02 5.488033e+03
7.379000e+02 5.472767e+03
7.378500e+02 5.472767e+03
7.378000e+02 5.461900e+03
7.377500e+02 5.461900e+03
7.377000e+02 5.474400e+03
7.376500e+02 5.474400e+03
7.376000e+02 5.511133e+03
7.375500e+02 5.511133e+03
7.375000e+02 5.474867e+03
7.374500e+02 5.474867e+03
7.374000e+02 5.440000e+03
7.373500e+02 5.440000e+03
7.373000e+02 5.467633e+03
7.372500e+02 5.467633e+03
7.372000e+02 5.481433e+03
7.371500e+02 5.481433e+03
7.371000e+02 5.492167e+03
7.370500e+02 5.492167e+03
7.370000e+02 5.503133e+03
7.369500e+02 5.503133e+03
7.369000e+02 5.557867e+03
7.368500e+02 5.557867e+03
7.368000e+02 5.552633e+03
7.367500e+02 5.552633e+03
7.367000e+02 5.557367e+03
7.366500e+02 5.557367e+03
7.366000e+02 5.589267e+03
7.365500e+02 5.589267e+03
7.365000e+02 5.563833e+03
7.364500e+02 5.563833e+03
7.364000e+02 5.542533e+03
7.363500e+02 5.542533e+03
7.363000e+02 5.604633e+03
7.362500e+02 5.604633e+03
7.362000e+02 5.581833e+03
7.361500e+02 5.581833e+03
7.361000e+02 5.608100e+03
7.360500e+02 5.608100e+03
7.360000e+02 5.628467e+03
7.359500e+02 5.628467e+03
7.359000e+02 5.611100e+03
7.358500e+02 5.611100e+03
7.358000e+02 5.644833e+03
7.357500e+02 5.644833e+03
7.357000e+02 5.677467e+03
7.356500e+02 5.677467e+03
7.356000e+02 5.682033e+03
7.355500e+02 5.682033e+03
7.355000e+02 5.684033e+03
7.354500e+02 5.684033e+03
7.354000e+02 5.695800e+03
7.353500e+02 5.695800e+03
7.353000e+02 5.756400e+03
7.352500e+02 5.756400e+03
7.352000e+02 5.705167e+03
7.351500e+02 5.705167e+03
7.351000e+02 5.745600e+03
7.350500e+02 5.745600e+03
7.350000e+02 5.783400e+03
7.349500e+02 5.783400e+03
7.349000e+02 5.761367e+03
7.348500e+02 5.761367e+03
7.348000e+02 5.823500e+03
7.347500e+02 5.823500e+03
7.347000e+02 5.881033e+03
7.346500e+02 5.881033e+03
7.346000e+02 5.831300e+03
7.345500e+02 5.831300e+03
7.345000e+02 5.855633e+03
7.344500e+02 5.855633e+03
7.344000e+02 5.884433e+03
7.343500e+02 5.884433e+03
7.343000e+02 5.932800e+03
7.342500e+02 5.932800e+03
7.342000e+02 5.964633e+03
7.341500e+02 5.964633e+03
7.341000e+02 5.953933e+03
7.340500e+02 5.953933e+03
7.340000e+02 5.958567e+03
7.339500e+02 5.958567e+03
7.339000e+02 6.025167e+03
7.338500e+02 6.025167e+03
7.338000e+02 6.033967e+03
7.337500e+02 6.033967e+03
7.337000e+02 6.072967e+03
7.336500e+02 6.072967e+03
7.336000e+02 6.071767e+03
7.335500e+02 6.071767e+03
7.335000e+02 6.081333e+03
7.334500e+02 6.081333e+03
7.334000e+02 6.111967e+03
7.333500e+02 6.111967e+03
7.333000e+02 6.123567e+03
7.332500e+02 6.123567e+03
7.332000e+02 6.174567e+03
7.331500e+02 6.174567e+03
7.331000e+02 6.201400e+03
7.330500e+02 6.201400e+03
7.330000e+02 6.256767e+03
7.329500e+02 6.256767e+03
7.329000e+02 6.247667e+03
7.328500e+02 6.247667e+03
7.328000e+02 6.302300e+03
7.327500e+02 6.302300e+03
7.327000e+02 6.317267e+03
7.326500e+02 6.317267e+03
7.326000e+02 6.373567e+03
7.325500e+02 6.373567e+03
7.325000e+02 6.361500e+03
7.324500e+02 6.361500e+03
7.324000e+02 6.445833e+03
7.323500e+02 6.445833e+03
7.323000e+02 6.472433e+03
7.322500e+02 6.472433e+03
7.322000e+02 6.495600e+03
7.321500e+02 6.495600e+03
7.321000e+02 6.540533e+03
7.320500e+02 6.540533e+03
7.320000e+02 6.570067e+03
7.319500e+02 6.570067e+03
7.319000e+02 6.595167e+03
7.318500e+02 6.595167e+03
7.318000e+02 6.646767e+03
7.317500e+02 6.646767e+03
7.317000e+02 6.675567e+03
7.316500e+02 6.675567e+03
7.316000e+02 6.727300e+03
7.315500e+02 6.727300e+03
7.315000e+02 6.698733e+03
7.314500e+02 6.698733e+03
7.314000e+02 6.743600e+03
7.313500e+02 6.743600e+03
7.313000e+02 6.816300e+03
7.312500e+02 6.816300e+03
7.312000e+02 6.872133e+03
7.311500e+02 6.872133e+03
7.311000e+02 6.916800e+03
7.310500e+02 6.916800e+03
7.310000e+02 6.947133e+03
7.309500e+02 6.947133e+03
7.309000e+02 6.946167e+03
7.308500e+02 6.946167e+03
7.308000e+02 7.033133e+03
7.307500e+02 7.033133e+03
7.307000e+02 7.056633e+03
7.306500e+02 7.056633e+03
7.306000e+02 7.070667e+03
7.305500e+02 7.070667e+03
7.305000e+02 7.125933e+03
7.304500e+02 7.125933e+03
7.304000e+02 7.139433e+03
7.303500e+02 7.139433e+03
7.303000e+02 7.155433e+03
7.302500e+02 7.155433e+03
7.302000e+02 7.160033e+03
7.301500e+02 7.160033e+03
7.301000e+02 7.259767e+03
7.300500e+02 7.259767e+03
7.300000e+02 7.268300e+03
7.299500e+02 7.268300e+03
7.299000e+02 7.274167e+03
7.298500e+02 7.274167e+03
7.298000e+02 7.274400e+03
7.297500e+02 7.274400e+03
7.297000e+02 7.282233e+03
7.296500e+02 7.282233e+03
7.296000e+02 7.332867e+03
7.295500e+02 7.332867e+03
7.295000e+02 7.302833e+03
7.294500e+02 7.302833e+03
7.294000e+02 7.292667e+03
7.293500e+02 7.292667e+03
7.293000e+02 7.283233e+03
7.292500e+02 7.283233e+03
7.292000e+02 7.320867e+03
7.291500e+02 7.320867e+03
7.291000e+02 7.296100e+03
7.290500e+02 7.296100e+03
7.290000e+02 7.317233e+03
7.289500e+02 7.317233e+03
7.289000e+02 7.298367e+03
7.288500e+02 7.298367e+03
7.288000e+02 7.275467e+03
7.287500e+02 7.275467e+03
7.287000e+02 7.222900e+03
7.286500e+02 7.222900e+03
7.286000e+02 7.181800e+03
7.285500e+02 7.181800e+03
7.285000e+02 7.222067e+03
7.284500e+02 7.222067e+03
7.284000e+02 7.180667e+03
7.283500e+02 7.180667e+03
7.283000e+02 7.202700e+03
7.282500e+02 7.202700e+03
7.282000e+02 7.193667e+03
7.281500e+02 7.193667e+03
7.281000e+02 7.100467e+03
7.280500e+02 7.100467e+03
7.280000e+02 7.132100e+03
7.279500e+02 7.132100e+03
7.279000e+02 7.105533e+03
7.278500e+02 7.105533e+03
7.278000e+02 7.060667e+03
7.277500e+02 7.060667e+03
7.277000e+02 7.051000e+03
7.276500e+02 7.051000e+03
7.276000e+02 7.083600e+03
7.275500e+02 7.083600e+03
7.275000e+02 7.050133e+03
7.274500e+02 7.050133e+03
7.274000e+02 7.091300e+03
7.273500e+02 7.091300e+03
7.273000e+02 7.052400e+03
7.272500e+02 7.052400e+03
7.272000e+02 7.074833e+03
7.271500e+02 7.074833e+03
7.271000e+02 7.076767e+03
7.270500e+02 7.076767e+03
7.270000e+02 7.101400e+03
7.269500e+02 7.101400e+03
7.269000e+02 7.128967e+03
7.268500e+02 7.128967e+03
7.268000e+02 7.104633e+03
7.267500e+02 7.104633e+03
7.267000e+02 7.061333e+03
7.266500e+02 7.061333e+03
7.266000e+02 7.155233e+03
7.265500e+02 7.155233e+03
7.265000e+02 7.251067e+03
7.264500e+02 7.251067e+03
7.264000e+02 7.212667e+03
7.263500e+02 7.212667e+03
7.263000e+02 7.252633e+03
7.262500e+02 7.252633e+03
7.262000e+02 7.339400e+03
7.261500e+02 7.339400e+03
7.261000e+02 7.370600e+03
7.260500e+02 7.370600e+03
7.260000e+02 7.427033e+03
7.259500e+02 7.427033e+03
7.259000e+02 7.508633e+03
7.258500e+02 7.508633e+03
7.258000e+02 7.568400e+03
7.257500e+02 7.568400e+03
7.257000e+02 7.596900e+03
7.256500e+02 7.596900e+03
7.256000e+02 7.631300e+03
7.255500e+02 7.631300e+03
7.255000e+02 7.686067e+03
7.254500e+02 7.686067e+03
7.254000e+02 7.749200e+03
7.253500e+02 7.749200e+03
7.253000e+02 7.875100e+03
7.252500e+02 7.875100e+03
7.252000e+02 7.982067e+03
7.251500e+02 7.982067e+03
7.251000e+02 8.052067e+03
7.250500e+02 8.052067e+03
7.250000e+02 8.156133e+03
7.249500e+02 8.156133e+03
7.249000e+02 8.273367e+03
7.248500e+02 8.273367e+03
7.248000e+02 8.333800e+03
7.247500e+02 8.333800e+03
7.247000e+02 8.451467e+03
7.246500e+02 8.451467e+03
7.246000e+02 8.570167e+03
7.245500e+02 8.570167e+03
7.245000e+02 8.699567e+03
7.244500e+02 8.699567e+03
7.244000e+02 8.783900e+03
7.243500e+02 8.783900e+03
7.243000e+02 8.893100e+03
7.242500e+02 8.893100e+03
7.242000e+02 8.981567e+03
7.241500e+02 8.981567e+03
7.241000e+02 9.052200e+03
7.240500e+02 9.052200e+03
7.240000e+02 9.175067e+03
7.239500e+02 9.175067e+03
7.239000e+02 9.243433e+03
7.238500e+02 9.243433e+03
7.238000e+02 9.258633e+03
7.237500e+02 9.258633e+03
7.237000e+02 9.357333e+03
7.236500e+02 9.357333e+03
7.236000e+02 9.374100e+03
7.235500e+02 9.374100e+03
7.235000e+02 9.415233e+03
7.234500e+02 9.415233e+03
7.234000e+02 9.462433e+03
7.233500e+02 9.462433e+03
7.233000e+02 9.482500e+03
7.232500e+02 9.482500e+03
7.232000e+02 9.518400e+03
7.231500e+02 9.518400e+03
7.231000e+02 9.530067e+03
7.230500e+02 9.530067e+03
7.230000e+02 9.497367e+03
7.229500e+02 9.497367e+03
7.229000e+02 9.514867e+03
7.228500e+02 9.514867e+03
7.228000e+02 9.530500e+03
7.227500e+02 9.530500e+03
7.227000e+02 9.489900e+03
7.226500e+02 9.489900e+03
7.226000e+02 9.385500e+03
7.225500e+02 9.385500e+03
7.225000e+02 9.218967e+03
7.224500e+02 9.218967e+03
7.224000e+02 9.217600e+03
7.223500e+02 9.217600e+03
7.223000e+02 9.131200e+03
7.222500e+02 9.131200e+03
7.222000e+02 8.909700e+03
7.221500e+02 8.909700e+03
7.221000e+02 8.811100e+03
7.220500e+02 8.811100e+03
7.220000e+02 8.690567e+03
7.219500e+02 8.690567e+03
7.219000e+02 8.537967e+03
7.218500e+02 8.537967e+03
7.218000e+02 8.377133e+03
7.217500e+02 8.377133e+03
7.217000e+02 8.247367e+03
7.216500e+02 8.247367e+03
7.216000e+02 8.051867e+03
7.215500e+02 8.051867e+03
7.215000e+02 7.857367e+03
7.214500e+02 7.857367e+03
7.214000e+02 7.738733e+03
7.213500e+02 7.738733e+03
7.213000e+02 7.568567e+03
7.212500e+02 7.568567e+03
7.212000e+02 7.417200e+03
7.211500e+02 7.417200e+03
7.211000e+02 7.255167e+03
7.210500e+02 7.255167e+03
7.210000e+02 7.096233e+03
7.209500e+02 7.096233e+03
7.209000e+02 6.982733e+03
7.208500e+02 6.982733e+03
7.208000e+02 6.850933e+03
7.207500e+02 6.850933e+03
7.207000e+02 6.737033e+03
7.206500e+02 6.737033e+03
7.206000e+02 6.621833e+03
7.205500e+02 6.621833e+03
7.205000e+02 6.554967e+03
7.204500e+02 6.554967e+03
7.204000e+02 6.428933e+03
7.203500e+02 6.428933e+03
7.203000e+02 6.330333e+03
7.202500e+02 6.330333e+03
7.202000e+02 6.227433e+03
7.201500e+02 6.227433e+03
7.201000e+02 6.145533e+03
7.200500e+02 6.145533e+03
7.200000e+02 6.081633e+03
7.199500e+02 6.081633e+03
7.199000e+02 6.064667e+03
7.198500e+02 6.064667e+03
7.198000e+02 6.035133e+03
7.197500e+02 6.035133e+03
7.197000e+02 6.008267e+03
7.196500e+02 6.008267e+03
7.196000e+02 5.953267e+03
7.195500e+02 5.953267e+03
7.195000e+02 5.917067e+03
7.194500e+02 5.917067e+03
7.194000e+02 5.879100e+03
7.193500e+02 5.879100e+03
7.193000e+02 5.887267e+03
7.192500e+02 5.887267e+03
7.192000e+02 5.905033e+03
7.191500e+02 5.905033e+03
7.191000e+02 5.853633e+03
7.190500e+02 5.853633e+03
7.190000e+02 5.841033e+03
7.189500e+02 5.841033e+03
7.189000e+02 5.845467e+03
7.188500e+02 5.845467e+03
7.188000e+02 5.896967e+03
7.187500e+02 5.896967e+03
7.187000e+02 5.857400e+03
7.186500e+02 5.857400e+03
7.186000e+02 5.931133e+03
7.185500e+02 5.931133e+03
7.185000e+02 5.967400e+03
7.184500e+02 5.967400e+03
7.184000e+02 5.998500e+03
7.183500e+02 5.998500e+03
7.183000e+02 6.042533e+03
7.182500e+02 6.042533e+03
7.182000e+02 6.076300e+03
7.181500e+02 6.076300e+03
7.181000e+02 6.133600e+03
7.180500e+02 6.133600e+03
7.180000e+02 6.141300e+03
7.179500e+02 6.141300e+03
7.179000e+02 6.266533e+03
7.178500e+02 6.266533e+03
7.178000e+02 6.251533e+03
7.177500e+02 6.251533e+03
7.177000e+02 6.303700e+03
7.176500e+02 6.303700e+03
7.176000e+02 6.334733e+03
7.175500e+02 6.334733e+03
7.175000e+02 6.452733e+03
7.174500e+02 6.452733e+03
7.174000e+02 6.528500e+03
7.173500e+02 6.528500e+03
7.173000e+02 6.563967e+03
7.172500e+02 6.563967e+03
7.172000e+02 6.636633e+03
7.171500e+02 6.636633e+03
7.171000e+02 6.684967e+03
7.170500e+02 6.684967e+03
7.170000e+02 6.767200e+03
7.169500e+02 6.767200e+03
7.169000e+02 6.826867e+03
7.168500e+02 6.826867e+03
7.168000e+02 6.882267e+03
7.167500e+02 6.882267e+03
7.167000e+02 6.890833e+03
7.166500e+02 6.890833e+03
7.166000e+02 6.961933e+03
7.165500e+02 6.961933e+03
7.165000e+02 7.002967e+03
7.164500e+02 7.002967e+03
7.164000e+02 7.010300e+03
7.163500e+02 7.010300e+03
7.163000e+02 7.074567e+03
7.162500e+02 7.074567e+03
7.162000e+02 7.162033e+03
7.161500e+02 7.162033e+03
7.161000e+02 7.139567e+03
7.160500e+02 7.139567e+03
7.160000e+02 7.163900e+03
7.159500e+02 7.163900e+03
7.159000e+02 7.215767e+03
7.158500e+02 7.215767e+03
7.158000e+02 7.292933e+03
7.157500e+02 7.292933e+03
7.157000e+02 7.317800e+03
7.156500e+02 7.317800e+03
7.156000e+02 7.341400e+03
7.155500e+02 7.341400e+03
7.155000e+02 7.361467e+03
7.154500e+02 7.361467e+03
7.154000e+02 7.355633e+03
7.153500e+02 7.355633e+03
7.153000e+02 7.352700e+03
7.152500e+02 7.352700e+03
7.152000e+02 7.325200e+03
7.151500e+02 7.325200e+03
7.151000e+02 7.290267e+03
7.150500e+02 7.290267e+03
7.150000e+02 7.239533e+03
7.149500e+02 7.239533e+03
7.149000e+02 7.296133e+03
7.148500e+02 7.296133e+03
7.148000e+02 7.339200e+03
7.147500e+02 7.339200e+03
7.147000e+02 7.308467e+03
7.146500e+02 7.308467e+03
7.146000e+02 7.314833e+03
7.145500e+02 7.314833e+03
7.145000e+02 7.310767e+03
7.144500e+02 7.310767e+03
7.144000e+02 7.285500e+03
7.143500e+02 7.285500e+03
7.143000e+02 7.246967e+03
7.142500e+02 7.246967e+03
7.142000e+02 7.345333e+03
7.141500e+02 7.345333e+03
7.141000e+02 7.364400e+03
7.140500e+02 7.364400e+03
7.140000e+02 7.296700e+03
7.139500e+02 7.296700e+03
7.139000e+02 7.353000e+03
7.138500e+02 7.353000e+03
7.138000e+02 7.442233e+03
7.137500e+02 7.442233e+03
7.137000e+02 7.413467e+03
7.136500e+02 7.413467e+03
7.136000e+02 7.485800e+03
7.135500e+02 7.485800e+03
7.135000e+02 7.585300e+03
7.134500e+02 7.585300e+03
7.134000e+02 7.625267e+03
7.133500e+02 7.625267e+03
7.133000e+02 7.731867e+03
7.132500e+02 7.731867e+03
7.132000e+02 7.772567e+03
7.131500e+02 7.772567e+03
7.131000e+02 7.868067e+03
7.130500e+02 7.868067e+03
7.130000e+02 7.949633e+03
7.129500e+02 7.949633e+03
7.129000e+02 8.062333e+03
7.128500e+02 8.062333e+03
7.128000e+02 8.134100e+03
7.127500e+02 8.134100e+03
7.127000e+02 8.194167e+03
7.126500e+02 8.194167e+03
7.126000e+02 8.295400e+03
7.125500e+02 8.295400e+03
7.125000e+02 8.453767e+03
7.124500e+02 8.453767e+03
7.124000e+02 8.565467e+03
7.123500e+02 8.565467e+03
7.123000e+02 8.707800e+03
7.122500e+02 8.707800e+03
7.122000e+02 8.794900e+03
7.121500e+02 8.794900e+03
7.121000e+02 8.926767e+03
7.120500e+02 8.926767e+03
7.120000e+02 9.092133e+03
7.119500e+02 9.092133e+03
7.119000e+02 9.291033e+03
7.118500e+02 9.291033e+03
7.118000e+02 9.441500e+03
7.117500e+02 9.441500e+03
7.117000e+02 9.556567e+03
7.116500e+02 9.556567e+03
7.116000e+02 9.726967e+03
7.115500e+02 9.726967e+03
7.115000e+02 9.829300e+03
7.114500e+02 9.829300e+03
7.114000e+02 9.998233e+03
7.113500e+02 9.998233e+03
7.113000e+02 1.018347e+04
7.112500e+02 1.018347e+04
7.112000e+02 1.035733e+04
7.111500e+02 1.035733e+04
7.111000e+02 1.045843e+04
7.110500e+02 1.045843e+04
7.110000e+02 1.059550e+04
7.109500e+02 1.059550e+04
7.109000e+02 1.082720e+04
7.108500e+02 1.082720e+04
7.108000e+02 1.097580e+04
7.107500e+02 1.097580e+04
7.107000e+02 1.112977e+04
7.106500e+02 1.112977e+04
7.106000e+02 1.124980e+04
7.105500e+02 1.124980e+04
7.105000e+02 1.129630e+04
7.104500e+02 1.129630e+04
7.104000e+02 1.139847e+04
7.103500e+02 1.139847e+04
7.103000e+02 1.153010e+04
7.102500e+02 1.153010e+04
7.102000e+02 1.159510e+04
7.101500e+02 1.159510e+04
7.101000e+02 1.177590e+04
7.100500e+02 1.177590e+04
7.100000e+02 1.174320e+04
7.099500e+02 1.174320e+04
7.099000e+02 1.187427e+04
7.098500e+02 1.187427e+04
7.098000e+02 1.190757e+04
7.097500e+02 1.190757e+04
7.097000e+02 1.186317e+04
7.096500e+02 1.186317e+04
7.096000e+02 1.185277e+04
7.095500e+02 1.185277e+04
7.095000e+02 1.179930e+04
7.094500e+02 1.179930e+04
7.094000e+02 1.170563e+04
7.093500e+02 1.170563e+04
7.093000e+02 1.158597e+04
7.092500e+02 1.158597e+04
7.092000e+02 1.143113e+04
7.091500e+02 1.143113e+04
7.091000e+02 1.126853e+04
7.090500e+02 1.126853e+04
7.090000e+02 1.105740e+04
7.089500e+02 1.105740e+04
7.089000e+02 1.074357e+04
7.088500e+02 1.074357e+04
7.088000e+02 1.051907e+04
7.087500e+02 1.051907e+04
7.087000e+02 1.015110e+04
7.086500e+02 1.015110e+04
7.086000e+02 9.747067e+03
7.085500e+02 9.747067e+03
7.085000e+02 9.327167e+03
7.084500e+02 9.327167e+03
7.084000e+02 8.841500e+03
7.083500e+02 8.841500e+03
7.083000e+02 8.379233e+03
7.082500e+02 8.379233e+03
7.082000e+02 7.895933e+03
7.081500e+02 7.895933e+03
7.081000e+02 7.381733e+03
7.080500e+02 7.381733e+03
7.080000e+02 6.849567e+03
7.079500e+02 6.849567e+03
7.079000e+02 6.354033e+03
7.078500e+02 6.354033e+03
7.078000e+02 5.855867e+03
7.077500e+02 5.855867e+03
7.077000e+02 5.376733e+03
7.076500e+02 5.376733e+03
7.076000e+02 4.900867e+03
7.075500e+02 4.900867e+03
7.075000e+02 4.485233e+03
7.074500e+02 4.485233e+03
7.074000e+02 4.109433e+03
7.073500e+02 4.109433e+03
7.073000e+02 3.754533e+03
7.072500e+02 3.754533e+03
7.072000e+02 3.454667e+03
7.071500e+02 3.454667e+03
7.071000e+02 3.147060e+03
7.070500e+02 3.147060e+03
7.070000e+02 2.923623e+03
7.069500e+02 2.923623e+03
7.069000e+02 2.739520e+03
7.068500e+02 2.739520e+03
7.068000e+02 2.542327e+03
7.067500e+02 2.542327e+03
7.067000e+02 2.389443e+03
7.066500e+02 2.389443e+03
7.066000e+02 2.250733e+03
7.065500e+02 2.250733e+03
7.065000e+02 2.093800e+03
7.064500e+02 2.093800e+03
7.064000e+02 2.003283e+03
7.063500e+02 2.003283e+03
7.063000e+02 1.901480e+03
7.062500e+02 1.901480e+03
7.062000e+02 1.804613e+03
7.061500e+02 1.804613e+03
7.061000e+02 1.717370e+03
7.060500e+02 1.717370e+03
7.060000e+02 1.634533e+03
7.059500e+02 1.634533e+03
7.059000e+02 1.585710e+03
7.058500e+02 1.585710e+03
7.058000e+02 1.534727e+03
7.057500e+02 1.534727e+03
7.057000e+02 1.475253e+03
7.056500e+02 1.475253e+03
7.056000e+02 1.436563e+03
7.055500e+02 1.436563e+03
7.055000e+02 1.396220e+03
7.054500e+02 1.396220e+03
7.054000e+02 1.385537e+03
7.053500e+02 1.385537e+03
7.053000e+02 1.388670e+03
7.052500e+02 1.388670e+03
7.052000e+02 1.357207e+03
7.051500e+02 1.357207e+03
7.051000e+02 1.335617e+03
7.050500e+02 1.335617e+03
7.050000e+02 1.358270e+03
7.049500e+02 1.358270e+03
7.049000e+02 1.343453e+03
7.048500e+02 1.343453e+03
7.048000e+02 1.331017e+03
7.047500e+02 1.331017e+03
7.047000e+02 1.337247e+03
7.046500e+02 1.337247e+03
7.046000e+02 1.288963e+03
7.045500e+02 1.288963e+03
7.045000e+02 1.282390e+03
7.044500e+02 1.282390e+03
7.044000e+02 1.281817e+03
7.043500e+02 1.281817e+03
7.043000e+02 1.265970e+03
7.042500e+02 1.265970e+03
7.042000e+02 1.272590e+03
7.041500e+02 1.272590e+03
7.041000e+02 1.262723e+03
7.040500e+02 1.262723e+03
7.040000e+02 1.248427e+03
7.039500e+02 1.248427e+03
7.039000e+02 1.226387e+03
7.038500e+02 1.226387e+03
7.038000e+02 1.237600e+03
7.037500e+02 1.237600e+03
7.037000e+02 1.195540e+03
7.036500e+02 1.195540e+03
7.036000e+02 1.218107e+03
7.035500e+02 1.218107e+03
7.035000e+02 1.226200e+03
7.034500e+02 1.226200e+03
7.034000e+02 1.230413e+03
7.033500e+02 1.230413e+03
7.033000e+02 1.226950e+03
7.032500e+02 1.226950e+03
7.032000e+02 1.221287e+03
7.031500e+02 1.221287e+03
7.031000e+02 1.219477e+03
7.030500e+02 1.219477e+03
7.030000e+02 1.220350e+03
7.029500e+02 1.220350e+03
7.029000e+02 1.224870e+03
7.028500e+02 1.224870e+03
7.028000e+02 1.199443e+03
7.027500e+02 1.199443e+03
7.027000e+02 1.216927e+03
7.026500e+02 1.216927e+03
7.026000e+02 1.211490e+03
7.025500e+02 1.211490e+03
7.025000e+02 1.200683e+03
7.024500e+02 1.200683e+03
7.024000e+02 1.199090e+03
7.023500e+02 1.199090e+03
7.023000e+02 1.193630e+03
7.022500e+02 1.193630e+03
7.022000e+02 1.193803e+03
7.021500e+02 1.193803e+03
7.021000e+02 1.193800e+03
7.020500e+02 1.193800e+03
7.020000e+02 1.202350e+03
7.019500e+02 1.202350e+03
7.019000e+02 1.201400e+03
7.018500e+02 1.201400e+03
7.018000e+02 1.204373e+03
7.017500e+02 1.204373e+03
7.017000e+02 1.211340e+03
7.016500e+02 1.211340e+03
7.016000e+02 1.202807e+03
7.015500e+02 1.202807e+03
7.015000e+02 1.202230e+03
7.014500e+02 1.202230e+03
7.014000e+02 1.191297e+03
7.013500e+02 1.191297e+03
7.013000e+02 1.183653e+03
7.012500e+02 1.183653e+03
7.012000e+02 1.164483e+03
7.011500e+02 1.164483e+03
7.011000e+02 1.171193e+03
7.010500e+02 1.171193e+03
7.010000e+02 1.173367e+03
7.009500e+02 1.173367e+03
7.009000e+02 1.166213e+03
7.008500e+02 1.166213e+03
7.008000e+02 1.184770e+03
7.007500e+02 1.184770e+03
7.007000e+02 1.177843e+03
7.006500e+02 1.177843e+03
7.006000e+02 1.181163e+03
7.005500e+02 1.181163e+03
7.005000e+02 1.176617e+03
7.004500e+02 1.176617e+03
7.004000e+02 1.171887e+03
7.003500e+02 1.171887e+03
7.003000e+02 1.167597e+03
7.002500e+02 1.167597e+03
7.002000e+02 1.170680e+03
7.001500e+02 1.170680e+03
7.001000e+02 1.187717e+03
7.000500e+02 1.187717e+03
7.000000e+02 1.167620e+03
6.999500e+02 1.167620e+03
6.999000e+02 1.181857e+03
6.998500e+02 1.181857e+03
6.998000e+02 1.177877e+03
6.997500e+02 1.177877e+03
6.997000e+02 1.156113e+03
6.996500e+02 1.156113e+03
6.996000e+02 1.166437e+03
6.995500e+02 1.166437e+03
6.995000e+02 1.177240e+03
6.994500e+02 1.177240e+03
6.994000e+02 1.168163e+03
6.993500e+02 1.168163e+03
6.993000e+02 1.160787e+03
6.992500e+02 1.160787e+03
6.992000e+02 1.162873e+03
6.991500e+02 1.162873e+03
6.991000e+02 1.143343e+03
6.990500e+02 1.143343e+03
6.990000e+02 1.162253e+03
6.989500e+02 1.162253e+03
6.989000e+02 1.169267e+03
6.988500e+02 1.169267e+03
6.988000e+02 1.171900e+03
6.987500e+02 1.171900e+03
6.987000e+02 1.158217e+03
6.986500e+02 1.158217e+03
6.986000e+02 1.163327e+03
6.985500e+02 1.163327e+03
6.985000e+02 1.147257e+03
6.984500e+02 1.147257e+03
6.984000e+02 1.171523e+03
6.983500e+02 1.171523e+03
6.983000e+02 1.169427e+03
6.982500e+02 1.169427e+03
6.982000e+02 1.167963e+03
6.981500e+02 1.167963e+03
6.981000e+02 1.154850e+03
6.980500e+02 1.154850e+03
6.980000e+02 1.152520e+03
6.979500e+02 1.152520e+03
6.979000e+02 1.176413e+03
6.978500e+02 1.176413e+03
6.978000e+02 1.156267e+03
6.977500e+02 1.156267e+03
6.977000e+02 1.169930e+03
6.976500e+02 1.169930e+03
6.976000e+02 1.166840e+03
6.975500e+02 1.166840e+03
6.975000e+02 1.156680e+03
6.974500e+02 1.156680e+03
6.974000e+02 1.163740e+03
6.973500e+02 1.163740e+03
6.973000e+02 1.176573e+03
6.972500e+02 1.176573e+03
6.972000e+02 1.173630e+03
6.971500e+02 1.173630e+03
6.971000e+02 1.176883e+03
6.970500e+02 1.176883e+03
6.970000e+02 1.154317e+03
6.969500e+02 1.154317e+03
6.969000e+02 1.154307e+03
6.968500e+02 1.154307e+03
6.968000e+02 1.151590e+03
6.967500e+02 1.151590e+03
6.967000e+02 1.161290e+03
6.966500e+02 1.161290e+03
6.966000e+02 1.163610e+03
6.965500e+02 1.163610e+03
6.965000e+02 1.156853e+03
6.964500e+02 1.156853e+03
6.964000e+02 1.153303e+03
6.963500e+02 1.153303e+03
6.963000e+02 1.144817e+03
6.962500e+02 1.144817e+03
6.962000e+02 1.151657e+03
6.961500e+02 1.151657e+03
6.961000e+02 1.147870e+03
6.960500e+02 1.147870e+03
6.960000e+02 1.150297e+03
6.959500e+02 1.150297e+03
6.959000e+02 1.154473e+03
6.958500e+02 1.154473e+03
6.958000e+02 1.145953e+03
6.957500e+02 1.145953e+03
6.957000e+02 1.163577e+03
6.956500e+02 1.163577e+03
6.956000e+02 1.148380e+03
6.955500e+02 1.148380e+03
6.955000e+02 1.145113e+03
6.954500e+02 1.145113e+03
6.954000e+02 1.138683e+03
6.953500e+02 1.138683e+03
6.953000e+02 1.163677e+03
6.952500e+02 1.163677e+03
6.952000e+02 1.143453e+03
6.951500e+02 1.143453e+03
6.951000e+02 1.141937e+03
6.950500e+02 1.141937e+03
6.950000e+02 1.160890e+03
6.949500e+02 1.160890e+03
6.949000e+02 1.150893e+03
6.948500e+02 1.150893e+03
6.948000e+02 1.136677e+03
6.947500e+02 1.136677e+03
6.947000e+02 1.135113e+03
6.946500e+02 1.135113e+03
6.946000e+02 1.139297e+03
6.945500e+02 1.139297e+03
6.945000e+02 1.136313e+03
6.944500e+02 1.136313e+03
6.944000e+02 1.155367e+03
6.943500e+02 1.155367e+03
6.943000e+02 1.156653e+03
6.942500e+02 1.156653e+03
6.942000e+02 1.136107e+03
6.941500e+02 1.136107e+03
6.941000e+02 1.163140e+03
6.940500e+02 1.163140e+03
6.940000e+02 1.163030e+03
