Co2pFe2p Fe3O4
8.400000e+02 8.851433e+03
8.399500e+02 8.851433e+03
8.399000e+02 8.883767e+03
8.398500e+02 8.883767e+03
8.398000e+02 8.833467e+03
8.397500e+02 8.833467e+03
8.397000e+02 8.806033e+03
8.396500e+02 8.806033e+03
8.396000e+02 8.788033e+03
8.395500e+02 8.788033e+03
8.395000e+02 8.729267e+03
8.394500e+02 8.729267e+03
8.394000e+02 8.730500e+03
8.393500e+02 8.730500e+03
8.393000e+02 8.691333e+03
8.392500e+02 8.691333e+03
8.392000e+02 8.751900e+03
8.391500e+02 8.751900e+03
8.391000e+02 8.777533e+03
8.390500e+02 8.777533e+03
8.390000e+02 8.772100e+03
8.389500e+02 8.772100e+03
8.389000e+02 8.700333e+03
8.388500e+02 8.700333e+03
8.388000e+02 8.651167e+03
8.387500e+02 8.651167e+03
8.387000e+02 8.598400e+03
8.386500e+02 8.598400e+03
8.386000e+02 8.562167e+03
8.385500e+02 8.562167e+03
8.385000e+02 8.508400e+03
8.384500e+02 8.508400e+03
8.384000e+02 8.448267e+03
8.383500e+02 8.448267e+03
8.383000e+02 8.513100e+03
8.382500e+02 8.513100e+03
8.382000e+02 8.500967e+03
8.381500e+02 8.500967e+03
8.381000e+02 8.529600e+03
8.380500e+02 8.529600e+03
8.380000e+02 8.617400e+03
8.379500e+02 8.617400e+03
8.379000e+02 8.548000e+03
8.378500e+02 8.548000e+03
8.378000e+02 8.468067e+03
8.377500e+02 8.468067e+03
8.377000e+02 8.443867e+03
8.376500e+02 8.443867e+03
8.376000e+02 8.409800e+03
8.375500e+02 8.409800e+03
8.375000e+02 8.443033e+03
8.374500e+02 8.443033e+03
8.374000e+02 8.451200e+03
8.373500e+02 8.451200e+03
8.373000e+02 8.381000e+03
8.372500e+02 8.381000e+03
8.372000e+02 8.341433e+03
8.371500e+02 8.341433e+03
8.371000e+02 8.366467e+03
8.370500e+02 8.366467e+03
8.370000e+02 8.347767e+03
8.369500e+02 8.347767e+03
8.369000e+02 8.346533e+03
8.368500e+02 8.346533e+03
8.368000e+02 8.317900e+03
8.367500e+02 8.317900e+03
8.367000e+02 8.345167e+03
8.366500e+02 8.345167e+03
8.366000e+02 8.332233e+03
8.365500e+02 8.332233e+03
8.365000e+02 8.391400e+03
8.364500e+02 8.391400e+03
8.364000e+02 8.336700e+03
8.363500e+02 8.336700e+03
8.363000e+02 8.345300e+03
8.362500e+02 8.345300e+03
8.362000e+02 8.252100e+03
8.361500e+02 8.252100e+03
8.361000e+02 8.268933e+03
8.360500e+02 8.268933e+03
8.360000e+02 8.283500e+03
8.359500e+02 8.283500e+03
8.359000e+02 8.193433e+03
8.358500e+02 8.193433e+03
8.358000e+02 8.179700e+03
8.357500e+02 8.179700e+03
8.357000e+02 8.164700e+03
8.356500e+02 8.164700e+03
8.356000e+02 8.191733e+03
8.355500e+02 8.191733e+03
8.355000e+02 8.142933e+03
8.354500e+02 8.142933e+03
8.354000e+02 8.242100e+03
8.353500e+02 8.242100e+03
8.353000e+02 8.081967e+03
8.352500e+02 8.081967e+03
8.352000e+02 8.044633e+03
8.351500e+02 8.044633e+03
8.351000e+02 8.062800e+03
8.350500e+02 8.062800e+03
8.350000e+02 8.131333e+03
8.349500e+02 8.131333e+03
8.349000e+02 8.062967e+03
8.348500e+02 8.062967e+03
8.348000e+02 7.948933e+03
8.347500e+02 7.948933e+03
8.347000e+02 7.982000e+03
8.346500e+02 7.982000e+03
8.346000e+02 7.915033e+03
8.345500e+02 7.915033e+03
8.345000e+02 7.913667e+03
8.344500e+02 7.913667e+03
8.344000e+02 7.888900e+03
8.343500e+02 7.888900e+03
8.343000e+02 7.816767e+03
8.342500e+02 7.816767e+03
8.342000e+02 7.817400e+03
8.341500e+02 7.817400e+03
8.341000e+02 7.696833e+03
8.340500e+02 7.696833e+03
8.340000e+02 7.710467e+03
8.339500e+02 7.710467e+03
8.339000e+02 7.661800e+03
8.338500e+02 7.661800e+03
8.338000e+02 7.613333e+03
8.337500e+02 7.613333e+03
8.337000e+02 7.536533e+03
8.336500e+02 7.536533e+03
8.336000e+02 7.465900e+03
8.335500e+02 7.465900e+03
8.335000e+02 7.353133e+03
8.334500e+02 7.353133e+03
8.334000e+02 7.264567e+03
8.333500e+02 7.264567e+03
8.333000e+02 7.239300e+03
8.332500e+02 7.239300e+03
8.332000e+02 7.145700e+03
8.331500e+02 7.145700e+03
8.331000e+02 7.181067e+03
8.330500e+02 7.181067e+03
8.330000e+02 7.074133e+03
8.329500e+02 7.074133e+03
8.329000e+02 7.020967e+03
8.328500e+02 7.020967e+03
8.328000e+02 7.015933e+03
8.327500e+02 7.015933e+03
8.327000e+02 6.937233e+03
8.326500e+02 6.937233e+03
8.326000e+02 6.814800e+03
8.325500e+02 6.814800e+03
8.325000e+02 6.791700e+03
8.324500e+02 6.791700e+03
8.324000e+02 6.766767e+03
8.323500e+02 6.766767e+03
8.323000e+02 6.709600e+03
8.322500e+02 6.709600e+03
8.322000e+02 6.641033e+03
8.321500e+02 6.641033e+03
8.321000e+02 6.555233e+03
8.320500e+02 6.555233e+03
8.320000e+02 6.552867e+03
8.319500e+02 6.552867e+03
8.319000e+02 6.463233e+03
8.318500e+02 6.463233e+03
8.318000e+02 6.452467e+03
8.317500e+02 6.452467e+03
8.317000e+02 6.431733e+03
8.316500e+02 6.431733e+03
8.316000e+02 6.447533e+03
8.315500e+02 6.447533e+03
8.315000e+02 6.356300e+03
8.314500e+02 6.356300e+03
8.314000e+02 6.282400e+03
8.313500e+02 6.282400e+03
8.313000e+02 6.309967e+03
8.312500e+02 6.309967e+03
8.312000e+02 6.325067e+03
8.311500e+02 6.325067e+03
8.311000e+02 6.302333e+03
8.310500e+02 6.302333e+03
8.310000e+02 6.289700e+03
8.309500e+02 6.289700e+03
8.309000e+02 6.281233e+03
8.308500e+02 6.281233e+03
8.308000e+02 6.255567e+03
8.307500e+02 6.255567e+03
8.307000e+02 6.256233e+03
8.306500e+02 6.256233e+03
8.306000e+02 6.173500e+03
8.305500e+02 6.173500e+03
8.305000e+02 6.164967e+03
8.304500e+02 6.164967e+03
8.304000e+02 6.107400e+03
8.303500e+02 6.107400e+03
8.303000e+02 6.136367e+03
8.302500e+02 6.136367e+03
8.302000e+02 6.170867e+03
8.301500e+02 6.170867e+03
8.301000e+02 6.202800e+03
8.300500e+02 6.202800e+03
8.300000e+02 6.175433e+03
8.299500e+02 6.175433e+03
8.299000e+02 6.125467e+03
8.298500e+02 6.125467e+03
8.298000e+02 6.121300e+03
8.297500e+02 6.121300e+03
8.297000e+02 6.132800e+03
8.296500e+02 6.132800e+03
8.296000e+02 6.111000e+03
8.295500e+02 6.111000e+03
8.295000e+02 6.105333e+03
8.294500e+02 6.105333e+03
8.294000e+02 6.120567e+03
8.293500e+02 6.120567e+03
8.293000e+02 6.105233e+03
8.292500e+02 6.105233e+03
8.292000e+02 6.148967e+03
8.291500e+02 6.148967e+03
8.291000e+02 6.055400e+03
8.290500e+02 6.055400e+03
8.290000e+02 6.072133e+03
8.289500e+02 6.072133e+03
8.289000e+02 6.066733e+03
8.288500e+02 6.066733e+03
8.288000e+02 5.954867e+03
8.287500e+02 5.954867e+03
8.287000e+02 6.032167e+03
8.286500e+02 6.032167e+03
8.286000e+02 6.092633e+03
8.285500e+02 6.092633e+03
8.285000e+02 6.050133e+03
8.284500e+02 6.050133e+03
8.284000e+02 6.084100e+03
8.283500e+02 6.084100e+03
8.283000e+02 6.030667e+03
8.282500e+02 6.030667e+03
8.282000e+02 6.058300e+03
8.281500e+02 6.058300e+03
8.281000e+02 6.017400e+03
8.280500e+02 6.017400e+03
8.280000e+02 6.011633e+03
8.279500e+02 6.011633e+03
8.279000e+02 6.011067e+03
8.278500e+02 6.011067e+03
8.278000e+02 5.975600e+03
8.277500e+02 5.975600e+03
8.277000e+02 5.974633e+03
8.276500e+02 5.974633e+03
8.276000e+02 5.974300e+03
8.275500e+02 5.974300e+03
8.275000e+02 5.979033e+03
8.274500e+02 5.979033e+03
8.274000e+02 6.002433e+03
8.273500e+02 6.002433e+03
8.273000e+02 5.992533e+03
8.272500e+02 5.992533e+03
8.272000e+02 5.977733e+03
8.271500e+02 5.977733e+03
8.271000e+02 5.971767e+03
8.270500e+02 5.971767e+03
8.270000e+02 5.917867e+03
8.269500e+02 5.917867e+03
8.269000e+02 5.945733e+03
8.268500e+02 5.945733e+03
8.268000e+02 5.949767e+03
8.267500e+02 5.949767e+03
8.267000e+02 5.952267e+03
8.266500e+02 5.952267e+03
8.266000e+02 5.918867e+03
8.265500e+02 5.918867e+03
8.265000e+02 5.959067e+03
8.264500e+02 5.959067e+03
8.264000e+02 5.962867e+03
8.263500e+02 5.962867e+03
8.263000e+02 5.907100e+03
8.262500e+02 5.907100e+03
8.262000e+02 5.893400e+03
8.261500e+02 5.893400e+03
8.261000e+02 5.894200e+03
8.260500e+02 5.894200e+03
8.260000e+02 5.927033e+03
8.259500e+02 5.927033e+03
8.259000e+02 5.878500e+03
8.258500e+02 5.878500e+03
8.258000e+02 5.825000e+03
8.257500e+02 5.825000e+03
8.257000e+02 5.867633e+03
8.256500e+02 5.867633e+03
8.256000e+02 5.925100e+03
8.255500e+02 5.925100e+03
8.255000e+02 5.871133e+03
8.254500e+02 5.871133e+03
8.254000e+02 5.900500e+03
8.253500e+02 5.900500e+03
8.253000e+02 5.930567e+03
8.252500e+02 5.930567e+03
8.252000e+02 5.822367e+03
8.251500e+02 5.822367e+03
8.251000e+02 5.860967e+03
8.250500e+02 5.860967e+03
8.250000e+02 5.902167e+03
8.249500e+02 5.902167e+03
8.249000e+02 5.856200e+03
8.248500e+02 5.856200e+03
8.248000e+02 5.890133e+03
8.247500e+02 5.890133e+03
8.247000e+02 5.827133e+03
8.246500e+02 5.827133e+03
8.246000e+02 5.826833e+03
8.245500e+02 5.826833e+03
8.245000e+02 5.836433e+03
8.244500e+02 5.836433e+03
8.244000e+02 5.866433e+03
8.243500e+02 5.866433e+03
8.243000e+02 5.845600e+03
8.242500e+02 5.845600e+03
8.242000e+02 5.895200e+03
8.241500e+02 5.895200e+03
8.241000e+02 5.826500e+03
8.240500e+02 5.826500e+03
8.240000e+02 5.727033e+03
8.239500e+02 5.727033e+03
8.239000e+02 5.774367e+03
8.238500e+02 5.774367e+03
8.238000e+02 5.860200e+03
8.237500e+02 5.860200e+03
8.237000e+02 5.868000e+03
8.236500e+02 5.868000e+03
8.236000e+02 5.855133e+03
8.235500e+02 5.855133e+03
8.235000e+02 5.810633e+03
8.234500e+02 5.810633e+03
8.234000e+02 5.819733e+03
8.233500e+02 5.819733e+03
8.233000e+02 5.845567e+03
8.232500e+02 5.845567e+03
8.232000e+02 5.757600e+03
8.231500e+02 5.757600e+03
8.231000e+02 5.704533e+03
8.230500e+02 5.704533e+03
8.230000e+02 5.788967e+03
8.229500e+02 5.788967e+03
8.229000e+02 5.798467e+03
8.228500e+02 5.798467e+03
8.228000e+02 5.830200e+03
8.227500e+02 5.830200e+03
8.227000e+02 5.849100e+03
8.226500e+02 5.849100e+03
8.226000e+02 5.823233e+03
8.225500e+02 5.823233e+03
8.225000e+02 5.771700e+03
8.224500e+02 5.771700e+03
8.224000e+02 5.792233e+03
8.223500e+02 5.792233e+03
8.223000e+02 5.758767e+03
8.222500e+02 5.758767e+03
8.222000e+02 5.749867e+03
8.221500e+02 5.749867e+03
8.221000e+02 5.745533e+03
8.220500e+02 5.745533e+03
8.220000e+02 5.802067e+03
8.219500e+02 5.802067e+03
8.219000e+02 5.738567e+03
8.218500e+02 5.738567e+03
8.218000e+02 5.742833e+03
8.217500e+02 5.742833e+03
8.217000e+02 5.797033e+03
8.216500e+02 5.797033e+03
8.216000e+02 5.733100e+03
8.215500e+02 5.733100e+03
8.215000e+02 5.706333e+03
8.214500e+02 5.706333e+03
8.214000e+02 5.665767e+03
8.213500e+02 5.665767e+03
8.213000e+02 5.730400e+03
8.212500e+02 5.730400e+03
8.212000e+02 5.731333e+03
8.211500e+02 5.731333e+03
8.211000e+02 5.664167e+03
8.210500e+02 5.664167e+03
8.210000e+02 5.680967e+03
8.209500e+02 5.680967e+03
8.209000e+02 5.652367e+03
8.208500e+02 5.652367e+03
8.208000e+02 5.609767e+03
8.207500e+02 5.609767e+03
8.207000e+02 5.622100e+03
8.206500e+02 5.622100e+03
8.206000e+02 5.637700e+03
8.205500e+02 5.637700e+03
8.205000e+02 5.656667e+03
8.204500e+02 5.656667e+03
8.204000e+02 5.642133e+03
8.203500e+02 5.642133e+03
8.203000e+02 5.614900e+03
8.202500e+02 5.614900e+03
8.202000e+02 5.621767e+03
8.201500e+02 5.621767e+03
8.201000e+02 5.650733e+03
8.200500e+02 5.650733e+03
8.200000e+02 5.658333e+03
8.199500e+02 5.658333e+03
8.199000e+02 5.613200e+03
8.198500e+02 5.613200e+03
8.198000e+02 5.620933e+03
8.197500e+02 5.620933e+03
8.197000e+02 5.652467e+03
8.196500e+02 5.652467e+03
8.196000e+02 5.596933e+03
8.195500e+02 5.596933e+03
8.195000e+02 5.606667e+03
8.194500e+02 5.606667e+03
8.194000e+02 5.637033e+03
8.193500e+02 5.637033e+03
8.193000e+02 5.658233e+03
8.192500e+02 5.658233e+03
8.192000e+02 5.604467e+03
8.191500e+02 5.604467e+03
8.191000e+02 5.575500e+03
8.190500e+02 5.575500e+03
8.190000e+02 5.570367e+03
8.189500e+02 5.570367e+03
8.189000e+02 5.623333e+03
8.188500e+02 5.623333e+03
8.188000e+02 5.570900e+03
8.187500e+02 5.570900e+03
8.187000e+02 5.652600e+03
8.186500e+02 5.652600e+03
8.186000e+02 5.602667e+03
8.185500e+02 5.602667e+03
8.185000e+02 5.558467e+03
8.184500e+02 5.558467e+03
8.184000e+02 5.623200e+03
8.183500e+02 5.623200e+03
8.183000e+02 5.616133e+03
8.182500e+02 5.616133e+03
8.182000e+02 5.647300e+03
8.181500e+02 5.647300e+03
8.181000e+02 5.563767e+03
8.180500e+02 5.563767e+03
8.180000e+02 5.587167e+03
8.179500e+02 5.587167e+03
8.179000e+02 5.583700e+03
8.178500e+02 5.583700e+03
8.178000e+02 5.618167e+03
8.177500e+02 5.618167e+03
8.177000e+02 5.602133e+03
8.176500e+02 5.602133e+03
8.176000e+02 5.564233e+03
8.175500e+02 5.564233e+03
8.175000e+02 5.588633e+03
8.174500e+02 5.588633e+03
8.174000e+02 5.567833e+03
8.173500e+02 5.567833e+03
8.173000e+02 5.569467e+03
8.172500e+02 5.569467e+03
8.172000e+02 5.595067e+03
8.171500e+02 5.595067e+03
8.171000e+02 5.630033e+03
8.170500e+02 5.630033e+03
8.170000e+02 5.595233e+03
8.169500e+02 5.595233e+03
8.169000e+02 5.609900e+03
8.168500e+02 5.609900e+03
8.168000e+02 5.627733e+03
8.167500e+02 5.627733e+03
8.167000e+02 5.619267e+03
8.166500e+02 5.619267e+03
8.166000e+02 5.612833e+03
8.165500e+02 5.612833e+03
8.165000e+02 5.636800e+03
8.164500e+02 5.636800e+03
8.164000e+02 5.657433e+03
8.163500e+02 5.657433e+03
8.163000e+02 5.634567e+03
8.162500e+02 5.634567e+03
8.162000e+02 5.610467e+03
8.161500e+02 5.610467e+03
8.161000e+02 5.562933e+03
8.160500e+02 5.562933e+03
8.160000e+02 5.606800e+03
8.159500e+02 5.606800e+03
8.159000e+02 5.598200e+03
8.158500e+02 5.598200e+03
8.158000e+02 5.629567e+03
8.157500e+02 5.629567e+03
8.157000e+02 5.598433e+03
8.156500e+02 5.598433e+03
8.156000e+02 5.591433e+03
8.155500e+02 5.591433e+03
8.155000e+02 5.591633e+03
8.154500e+02 5.591633e+03
8.154000e+02 5.592400e+03
8.153500e+02 5.592400e+03
8.153000e+02 5.639667e+03
8.152500e+02 5.639667e+03
8.152000e+02 5.625867e+03
8.151500e+02 5.625867e+03
8.151000e+02 5.570267e+03
8.150500e+02 5.570267e+03
8.150000e+02 5.628033e+03
8.149500e+02 5.628033e+03
8.149000e+02 5.607600e+03
8.148500e+02 5.607600e+03
8.148000e+02 5.599800e+03
8.147500e+02 5.599800e+03
8.147000e+02 5.610800e+03
8.146500e+02 5.610800e+03
8.146000e+02 5.600000e+03
8.145500e+02 5.600000e+03
8.145000e+02 5.608400e+03
8.144500e+02 5.608400e+03
8.144000e+02 5.663700e+03
8.143500e+02 5.663700e+03
8.143000e+02 5.689500e+03
8.142500e+02 5.689500e+03
8.142000e+02 5.650600e+03
8.141500e+02 5.650600e+03
8.141000e+02 5.692700e+03
8.140500e+02 5.692700e+03
8.140000e+02 5.623267e+03
8.139500e+02 5.623267e+03
8.139000e+02 5.623100e+03
8.138500e+02 5.623100e+03
8.138000e+02 5.599067e+03
8.137500e+02 5.599067e+03
8.137000e+02 5.598067e+03
8.136500e+02 5.598067e+03
8.136000e+02 5.670300e+03
8.135500e+02 5.670300e+03
8.135000e+02 5.623933e+03
8.134500e+02 5.623933e+03
8.134000e+02 5.665700e+03
8.133500e+02 5.665700e+03
8.133000e+02 5.653733e+03
8.132500e+02 5.653733e+03
8.132000e+02 5.623200e+03
8.131500e+02 5.623200e+03
8.131000e+02 5.729467e+03
8.130500e+02 5.729467e+03
8.130000e+02 5.676900e+03
8.129500e+02 5.676900e+03
8.129000e+02 5.716500e+03
8.128500e+02 5.716500e+03
8.128000e+02 5.668833e+03
8.127500e+02 5.668833e+03
8.127000e+02 5.656233e+03
8.126500e+02 5.656233e+03
8.126000e+02 5.704533e+03
8.125500e+02 5.704533e+03
8.125000e+02 5.677233e+03
8.124500e+02 5.677233e+03
8.124000e+02 5.658633e+03
8.123500e+02 5.658633e+03
8.123000e+02 5.697367e+03
8.122500e+02 5.697367e+03
8.122000e+02 5.662333e+03
8.121500e+02 5.662333e+03
8.121000e+02 5.654667e+03
8.120500e+02 5.654667e+03
8.120000e+02 5.651233e+03
8.119500e+02 5.651233e+03
8.119000e+02 5.669133e+03
8.118500e+02 5.669133e+03
8.118000e+02 5.682667e+03
8.117500e+02 5.682667e+03
8.117000e+02 5.668800e+03
8.116500e+02 5.668800e+03
8.116000e+02 5.660600e+03
8.115500e+02 5.660600e+03
8.115000e+02 5.699633e+03
8.114500e+02 5.699633e+03
8.114000e+02 5.702200e+03
8.113500e+02 5.702200e+03
8.113000e+02 5.678000e+03
8.112500e+02 5.678000e+03
8.112000e+02 5.696533e+03
8.111500e+02 5.696533e+03
8.111000e+02 5.689033e+03
8.110500e+02 5.689033e+03
8.110000e+02 5.693333e+03
8.109500e+02 5.693333e+03
8.109000e+02 5.674467e+03
8.108500e+02 5.674467e+03
8.108000e+02 5.672800e+03
8.107500e+02 5.672800e+03
8.107000e+02 5.698800e+03
8.106500e+02 5.698800e+03
8.106000e+02 5.701367e+03
8.105500e+02 5.701367e+03
8.105000e+02 5.674533e+03
8.104500e+02 5.674533e+03
8.104000e+02 5.747067e+03
8.103500e+02 5.747067e+03
8.103000e+02 5.748167e+03
8.102500e+02 5.748167e+03
8.102000e+02 5.711567e+03
8.101500e+02 5.711567e+03
8.101000e+02 5.712433e+03
8.100500e+02 5.712433e+03
8.100000e+02 5.719800e+03
8.099500e+02 5.719800e+03
8.099000e+02 5.736333e+03
8.098500e+02 5.736333e+03
8.098000e+02 5.754600e+03
8.097500e+02 5.754600e+03
8.097000e+02 5.787533e+03
8.096500e+02 5.787533e+03
8.096000e+02 5.701667e+03
8.095500e+02 5.701667e+03
8.095000e+02 5.685400e+03
8.094500e+02 5.685400e+03
8.094000e+02 5.744633e+03
8.093500e+02 5.744633e+03
8.093000e+02 5.721867e+03
8.092500e+02 5.721867e+03
8.092000e+02 5.690233e+03
8.091500e+02 5.690233e+03
8.091000e+02 5.704267e+03
8.090500e+02 5.704267e+03
8.090000e+02 5.741767e+03
8.089500e+02 5.741767e+03
8.089000e+02 5.691700e+03
8.088500e+02 5.691700e+03
8.088000e+02 5.659733e+03
8.087500e+02 5.659733e+03
8.087000e+02 5.746200e+03
8.086500e+02 5.746200e+03
8.086000e+02 5.700267e+03
8.085500e+02 5.700267e+03
8.085000e+02 5.682200e+03
8.084500e+02 5.682200e+03
8.084000e+02 5.716567e+03
8.083500e+02 5.716567e+03
8.083000e+02 5.729533e+03
8.082500e+02 5.729533e+03
8.082000e+02 5.764767e+03
8.081500e+02 5.764767e+03
8.081000e+02 5.748267e+03
8.080500e+02 5.748267e+03
8.080000e+02 5.719300e+03
8.079500e+02 5.719300e+03
8.079000e+02 5.755233e+03
8.078500e+02 5.755233e+03
8.078000e+02 5.684533e+03
8.077500e+02 5.684533e+03
8.077000e+02 5.753933e+03
8.076500e+02 5.753933e+03
8.076000e+02 5.755067e+03
8.075500e+02 5.755067e+03
8.075000e+02 5.702100e+03
8.074500e+02 5.702100e+03
8.074000e+02 5.739233e+03
8.073500e+02 5.739233e+03
8.073000e+02 5.708300e+03
8.072500e+02 5.708300e+03
8.072000e+02 5.761567e+03
8.071500e+02 5.761567e+03
8.071000e+02 5.745733e+03
8.070500e+02 5.745733e+03
8.070000e+02 5.671867e+03
8.069500e+02 5.671867e+03
8.069000e+02 5.756333e+03
8.068500e+02 5.756333e+03
8.068000e+02 5.754400e+03
8.067500e+02 5.754400e+03
8.067000e+02 5.769533e+03
8.066500e+02 5.769533e+03
8.066000e+02 5.760167e+03
8.065500e+02 5.760167e+03
8.065000e+02 5.731300e+03
8.064500e+02 5.731300e+03
8.064000e+02 5.732800e+03
8.063500e+02 5.732800e+03
8.063000e+02 5.773167e+03
8.062500e+02 5.773167e+03
8.062000e+02 5.770467e+03
8.061500e+02 5.770467e+03
8.061000e+02 5.780933e+03
8.060500e+02 5.780933e+03
8.060000e+02 5.792367e+03
8.059500e+02 5.792367e+03
8.059000e+02 5.756233e+03
8.058500e+02 5.756233e+03
8.058000e+02 5.808000e+03
8.057500e+02 5.808000e+03
8.057000e+02 5.837333e+03
8.056500e+02 5.837333e+03
8.056000e+02 5.814700e+03
8.055500e+02 5.814700e+03
8.055000e+02 5.807867e+03
8.054500e+02 5.807867e+03
8.054000e+02 5.773867e+03
8.053500e+02 5.773867e+03
8.053000e+02 5.745467e+03
8.052500e+02 5.745467e+03
8.052000e+02 5.750933e+03
8.051500e+02 5.750933e+03
8.051000e+02 5.765733e+03
8.050500e+02 5.765733e+03
8.050000e+02 5.758200e+03
8.049500e+02 5.758200e+03
8.049000e+02 5.751200e+03
8.048500e+02 5.751200e+03
8.048000e+02 5.775567e+03
8.047500e+02 5.775567e+03
8.047000e+02 5.779533e+03
8.046500e+02 5.779533e+03
8.046000e+02 5.785233e+03
8.045500e+02 5.785233e+03
8.045000e+02 5.785000e+03
8.044500e+02 5.785000e+03
8.044000e+02 5.826833e+03
8.043500e+02 5.826833e+03
8.043000e+02 5.751333e+03
8.042500e+02 5.751333e+03
8.042000e+02 5.768967e+03
8.041500e+02 5.768967e+03
8.041000e+02 5.790933e+03
8.040500e+02 5.790933e+03
8.040000e+02 5.811733e+03
8.039500e+02 5.811733e+03
8.039000e+02 5.814433e+03
8.038500e+02 5.814433e+03
8.038000e+02 5.758033e+03
8.037500e+02 5.758033e+03
8.037000e+02 5.802900e+03
8.036500e+02 5.802900e+03
8.036000e+02 5.818633e+03
8.035500e+02 5.818633e+03
8.035000e+02 5.799533e+03
8.034500e+02 5.799533e+03
8.034000e+02 5.815767e+03
8.033500e+02 5.815767e+03
8.033000e+02 5.793767e+03
8.032500e+02 5.793767e+03
8.032000e+02 5.833267e+03
8.031500e+02 5.833267e+03
8.031000e+02 5.846100e+03
8.030500e+02 5.846100e+03
8.030000e+02 5.810333e+03
8.029500e+02 5.810333e+03
8.029000e+02 5.750300e+03
8.028500e+02 5.750300e+03
8.028000e+02 5.842767e+03
8.027500e+02 5.842767e+03
8.027000e+02 5.863500e+03
8.026500e+02 5.863500e+03
8.026000e+02 5.878933e+03
8.025500e+02 5.878933e+03
8.025000e+02 5.838933e+03
8.024500e+02 5.838933e+03
8.024000e+02 5.802433e+03
8.023500e+02 5.802433e+03
8.023000e+02 5.808400e+03
8.022500e+02 5.808400e+03
8.022000e+02 5.837400e+03
8.021500e+02 5.837400e+03
8.021000e+02 5.813633e+03
8.020500e+02 5.813633e+03
8.020000e+02 5.856500e+03
8.019500e+02 5.856500e+03
8.019000e+02 5.787100e+03
8.018500e+02 5.787100e+03
8.018000e+02 5.828600e+03
8.017500e+02 5.828600e+03
8.017000e+02 5.846833e+03
8.016500e+02 5.846833e+03
8.016000e+02 5.798333e+03
8.015500e+02 5.798333e+03
8.015000e+02 5.782367e+03
8.014500e+02 5.782367e+03
8.014000e+02 5.806933e+03
8.013500e+02 5.806933e+03
8.013000e+02 5.809833e+03
8.012500e+02 5.809833e+03
8.012000e+02 5.856867e+03
8.011500e+02 5.856867e+03
8.011000e+02 5.852600e+03
8.010500e+02 5.852600e+03
8.010000e+02 5.822400e+03
8.009500e+02 5.822400e+03
8.009000e+02 5.880067e+03
8.008500e+02 5.880067e+03
8.008000e+02 5.856700e+03
8.007500e+02 5.856700e+03
8.007000e+02 5.852667e+03
8.006500e+02 5.852667e+03
8.006000e+02 5.854133e+03
8.005500e+02 5.854133e+03
8.005000e+02 5.886067e+03
8.004500e+02 5.886067e+03
8.004000e+02 5.825833e+03
8.003500e+02 5.825833e+03
8.003000e+02 5.875867e+03
8.002500e+02 5.875867e+03
8.002000e+02 5.873900e+03
8.001500e+02 5.873900e+03
8.001000e+02 5.845733e+03
8.000500e+02 5.845733e+03
8.000000e+02 5.838700e+03
7.999500e+02 5.838700e+03
7.999000e+02 5.833267e+03
7.998500e+02 5.833267e+03
7.998000e+02 5.882767e+03
7.997500e+02 5.882767e+03
7.997000e+02 5.869267e+03
7.996500e+02 5.869267e+03
7.996000e+02 5.832433e+03
7.995500e+02 5.832433e+03
7.995000e+02 5.833467e+03
7.994500e+02 5.833467e+03
7.994000e+02 5.863367e+03
7.993500e+02 5.863367e+03
7.993000e+02 5.920667e+03
7.992500e+02 5.920667e+03
7.992000e+02 5.877267e+03
7.991500e+02 5.877267e+03
7.991000e+02 5.901933e+03
7.990500e+02 5.901933e+03
7.990000e+02 5.853833e+03
7.989500e+02 5.853833e+03
7.989000e+02 5.892633e+03
7.988500e+02 5.892633e+03
7.988000e+02 5.882967e+03
7.987500e+02 5.882967e+03
7.987000e+02 5.904500e+03
7.986500e+02 5.904500e+03
7.986000e+02 5.887800e+03
7.985500e+02 5.887800e+03
7.985000e+02 5.872300e+03
7.984500e+02 5.872300e+03
7.984000e+02 5.845467e+03
7.983500e+02 5.845467e+03
7.983000e+02 5.849567e+03
7.982500e+02 5.849567e+03
7.982000e+02 5.909433e+03
7.981500e+02 5.909433e+03
7.981000e+02 5.885500e+03
7.980500e+02 5.885500e+03
7.980000e+02 5.887567e+03
7.979500e+02 5.887567e+03
7.979000e+02 5.941267e+03
7.978500e+02 5.941267e+03
7.978000e+02 5.970267e+03
7.977500e+02 5.970267e+03
7.977000e+02 5.907600e+03
7.976500e+02 5.907600e+03
7.976000e+02 5.931100e+03
7.975500e+02 5.931100e+03
7.975000e+02 5.904167e+03
7.974500e+02 5.904167e+03
7.974000e+02 5.938067e+03
7.973500e+02 5.938067e+03
7.973000e+02 5.946033e+03
7.972500e+02 5.946033e+03
7.972000e+02 5.871267e+03
7.971500e+02 5.871267e+03
7.971000e+02 5.877700e+03
7.970500e+02 5.877700e+03
7.970000e+02 5.961933e+03
7.969500e+02 5.961933e+03
7.969000e+02 5.940133e+03
7.968500e+02 5.940133e+03
7.968000e+02 5.915500e+03
7.967500e+02 5.915500e+03
7.967000e+02 5.928400e+03
7.966500e+02 5.928400e+03
7.966000e+02 5.920533e+03
7.965500e+02 5.920533e+03
7.965000e+02 5.891133e+03
7.964500e+02 5.891133e+03
7.964000e+02 5.963867e+03
7.963500e+02 5.963867e+03
7.963000e+02 6.004933e+03
7.962500e+02 6.004933e+03
7.962000e+02 5.954800e+03
7.961500e+02 5.954800e+03
7.961000e+02 5.956300e+03
7.960500e+02 5.956300e+03
7.960000e+02 6.004767e+03
7.959500e+02 6.004767e+03
7.959000e+02 6.005733e+03
7.958500e+02 6.005733e+03
7.958000e+02 6.040400e+03
7.957500e+02 6.040400e+03
7.957000e+02 6.082933e+03
7.956500e+02 6.082933e+03
7.956000e+02 6.008400e+03
7.955500e+02 6.008400e+03
7.955000e+02 6.031233e+03
7.954500e+02 6.031233e+03
7.954000e+02 6.034100e+03
7.953500e+02 6.034100e+03
7.953000e+02 6.088233e+03
7.952500e+02 6.088233e+03
7.952000e+02 6.149100e+03
7.951500e+02 6.149100e+03
7.951000e+02 6.124667e+03
7.950500e+02 6.124667e+03
7.950000e+02 6.138833e+03
7.949500e+02 6.138833e+03
7.949000e+02 6.119067e+03
7.948500e+02 6.119067e+03
7.948000e+02 6.146533e+03
7.947500e+02 6.146533e+03
7.947000e+02 6.121267e+03
7.946500e+02 6.121267e+03
7.946000e+02 6.109000e+03
7.945500e+02 6.109000e+03
7.945000e+02 6.088167e+03
7.944500e+02 6.088167e+03
7.944000e+02 6.154933e+03
7.943500e+02 6.154933e+03
7.943000e+02 6.146600e+03
7.942500e+02 6.146600e+03
7.942000e+02 6.190167e+03
7.941500e+02 6.190167e+03
7.941000e+02 6.247500e+03
7.940500e+02 6.247500e+03
7.940000e+02 6.273800e+03
7.939500e+02 6.273800e+03
7.939000e+02 6.213300e+03
7.938500e+02 6.213300e+03
7.938000e+02 6.220533e+03
7.937500e+02 6.220533e+03
7.937000e+02 6.238000e+03
7.936500e+02 6.238000e+03
7.936000e+02 6.255467e+03
7.935500e+02 6.255467e+03
7.935000e+02 6.238633e+03
7.934500e+02 6.238633e+03
7.934000e+02 6.251700e+03
7.933500e+02 6.251700e+03
7.933000e+02 6.307033e+03
7.932500e+02 6.307033e+03
7.932000e+02 6.304767e+03
7.931500e+02 6.304767e+03
7.931000e+02 6.284700e+03
7.930500e+02 6.284700e+03
7.930000e+02 6.344200e+03
7.929500e+02 6.344200e+03
7.929000e+02 6.391500e+03
7.928500e+02 6.391500e+03
7.928000e+02 6.358767e+03
7.927500e+02 6.358767e+03
7.927000e+02 6.381867e+03
7.926500e+02 6.381867e+03
7.926000e+02 6.389567e+03
7.925500e+02 6.389567e+03
7.925000e+02 6.400200e+03
7.924500e+02 6.400200e+03
7.924000e+02 6.394767e+03
7.923500e+02 6.394767e+03
7.923000e+02 6.423100e+03
7.922500e+02 6.423100e+03
7.922000e+02 6.449600e+03
7.921500e+02 6.449600e+03
7.921000e+02 6.529767e+03
7.920500e+02 6.529767e+03
7.920000e+02 6.509800e+03
7.919500e+02 6.509800e+03
7.919000e+02 6.547200e+03
7.918500e+02 6.547200e+03
7.918000e+02 6.503367e+03
7.917500e+02 6.503367e+03
7.917000e+02 6.519267e+03
7.916500e+02 6.519267e+03
7.916000e+02 6.523333e+03
7.915500e+02 6.523333e+03
7.915000e+02 6.658533e+03
7.914500e+02 6.658533e+03
7.914000e+02 6.674233e+03
7.913500e+02 6.674233e+03
7.913000e+02 6.646500e+03
7.912500e+02 6.646500e+03
7.912000e+02 6.660333e+03
7.911500e+02 6.660333e+03
7.911000e+02 6.663700e+03
7.910500e+02 6.663700e+03
7.910000e+02 6.710633e+03
7.909500e+02 6.710633e+03
7.909000e+02 6.670567e+03
7.908500e+02 6.670567e+03
7.908000e+02 6.691933e+03
7.907500e+02 6.691933e+03
7.907000e+02 6.760000e+03
7.906500e+02 6.760000e+03
7.906000e+02 6.760167e+03
7.905500e+02 6.760167e+03
7.905000e+02 6.719633e+03
7.904500e+02 6.719633e+03
7.904000e+02 6.802367e+03
7.903500e+02 6.802367e+03
7.903000e+02 6.757867e+03
7.902500e+02 6.757867e+03
7.902000e+02 6.823600e+03
7.901500e+02 6.823600e+03
7.901000e+02 6.879033e+03
7.900500e+02 6.879033e+03
7.900000e+02 6.870233e+03
7.899500e+02 6.870233e+03
7.899000e+02 6.937067e+03
7.898500e+02 6.937067e+03
7.898000e+02 6.890867e+03
7.897500e+02 6.890867e+03
7.897000e+02 6.925000e+03
7.896500e+02 6.925000e+03
7.896000e+02 6.933200e+03
7.895500e+02 6.933200e+03
7.895000e+02 6.980567e+03
7.894500e+02 6.980567e+03
7.894000e+02 6.954733e+03
7.893500e+02 6.954733e+03
7.893000e+02 7.003700e+03
7.892500e+02 7.003700e+03
7.892000e+02 7.011600e+03
7.891500e+02 7.011600e+03
7.891000e+02 7.078733e+03
7.890500e+02 7.078733e+03
7.890000e+02 7.070833e+03
7.889500e+02 7.070833e+03
7.889000e+02 7.095567e+03
7.888500e+02 7.095567e+03
7.888000e+02 7.087133e+03
7.887500e+02 7.087133e+03
7.887000e+02 7.141567e+03
7.886500e+02 7.141567e+03
7.886000e+02 7.097867e+03
7.885500e+02 7.097867e+03
7.885000e+02 7.097767e+03
7.884500e+02 7.097767e+03
7.884000e+02 7.133433e+03
7.883500e+02 7.133433e+03
7.883000e+02 7.119033e+03
7.882500e+02 7.119033e+03
7.882000e+02 7.109933e+03
7.881500e+02 7.109933e+03
7.881000e+02 7.083100e+03
7.880500e+02 7.083100e+03
7.880000e+02 7.153467e+03
7.879500e+02 7.153467e+03
7.879000e+02 7.189600e+03
7.878500e+02 7.189600e+03
7.878000e+02 7.167400e+03
7.877500e+02 7.167400e+03
7.877000e+02 7.149533e+03
7.876500e+02 7.149533e+03
7.876000e+02 7.175900e+03
7.875500e+02 7.175900e+03
7.875000e+02 7.135467e+03
7.874500e+02 7.135467e+03
7.874000e+02 7.157200e+03
7.873500e+02 7.157200e+03
7.873000e+02 7.161333e+03
7.872500e+02 7.161333e+03
7.872000e+02 7.253300e+03
7.871500e+02 7.253300e+03
7.871000e+02 7.204400e+03
7.870500e+02 7.204400e+03
7.870000e+02 7.210533e+03
7.869500e+02 7.210533e+03
7.869000e+02 7.275300e+03
7.868500e+02 7.275300e+03
7.868000e+02 7.244433e+03
7.867500e+02 7.244433e+03
7.867000e+02 7.241967e+03
7.866500e+02 7.241967e+03
7.866000e+02 7.244800e+03
7.865500e+02 7.244800e+03
7.865000e+02 7.258233e+03
7.864500e+02 7.258233e+03
7.864000e+02 7.272000e+03
7.863500e+02 7.272000e+03
7.863000e+02 7.284433e+03
7.862500e+02 7.284433e+03
7.862000e+02 7.280233e+03
7.861500e+02 7.280233e+03
7.861000e+02 7.321733e+03
7.860500e+02 7.321733e+03
7.860000e+02 7.309967e+03
7.859500e+02 7.309967e+03
7.859000e+02 7.353967e+03
7.858500e+02 7.353967e+03
7.858000e+02 7.302100e+03
7.857500e+02 7.302100e+03
7.857000e+02 7.303967e+03
7.856500e+02 7.303967e+03
7.856000e+02 7.316933e+03
7.855500e+02 7.316933e+03
7.855000e+02 7.292200e+03
7.854500e+02 7.292200e+03
7.854000e+02 7.321267e+03
7.853500e+02 7.321267e+03
7.853000e+02 7.368967e+03
7.852500e+02 7.368967e+03
7.852000e+02 7.406200e+03
7.851500e+02 7.406200e+03
7.851000e+02 7.337667e+03
7.850500e+02 7.337667e+03
7.850000e+02 7.354633e+03
7.849500e+02 7.354633e+03
7.849000e+02 7.378900e+03
7.848500e+02 7.378900e+03
7.848000e+02 7.408033e+03
7.847500e+02 7.408033e+03
7.847000e+02 7.336033e+03
7.846500e+02 7.336033e+03
7.846000e+02 7.340800e+03
7.845500e+02 7.340800e+03
7.845000e+02 7.361833e+03
7.844500e+02 7.361833e+03
7.844000e+02 7.354433e+03
7.843500e+02 7.354433e+03
7.843000e+02 7.451833e+03
7.842500e+02 7.451833e+03
7.842000e+02 7.434233e+03
7.841500e+02 7.434233e+03
7.841000e+02 7.485133e+03
7.840500e+02 7.485133e+03
7.840000e+02 7.482867e+03
7.839500e+02 7.482867e+03
7.839000e+02 7.548400e+03
7.838500e+02 7.548400e+03
7.838000e+02 7.485933e+03
7.837500e+02 7.485933e+03
7.837000e+02 7.483433e+03
7.836500e+02 7.483433e+03
7.836000e+02 7.473800e+03
7.835500e+02 7.473800e+03
7.835000e+02 7.503433e+03
7.834500e+02 7.503433e+03
7.834000e+02 7.452533e+03
7.833500e+02 7.452533e+03
7.833000e+02 7.525700e+03
7.832500e+02 7.525700e+03
7.832000e+02 7.522000e+03
7.831500e+02 7.522000e+03
7.831000e+02 7.547600e+03
7.830500e+02 7.547600e+03
7.830000e+02 7.451533e+03
7.829500e+02 7.451533e+03
7.829000e+02 7.437867e+03
7.828500e+02 7.437867e+03
7.828000e+02 7.459633e+03
7.827500e+02 7.459633e+03
7.827000e+02 7.519733e+03
7.826500e+02 7.519733e+03
7.826000e+02 7.469133e+03
7.825500e+02 7.469133e+03
7.825000e+02 7.455800e+03
7.824500e+02 7.455800e+03
7.824000e+02 7.420267e+03
7.823500e+02 7.420267e+03
7.823000e+02 7.481067e+03
7.822500e+02 7.481067e+03
7.822000e+02 7.403033e+03
7.821500e+02 7.403033e+03
7.821000e+02 7.390033e+03
7.820500e+02 7.390033e+03
7.820000e+02 7.393867e+03
7.819500e+02 7.393867e+03
7.819000e+02 7.353533e+03
7.818500e+02 7.353533e+03
7.818000e+02 7.295467e+03
7.817500e+02 7.295467e+03
7.817000e+02 7.258333e+03
7.816500e+02 7.258333e+03
7.816000e+02 7.275800e+03
7.815500e+02 7.275800e+03
7.815000e+02 7.239733e+03
7.814500e+02 7.239733e+03
7.814000e+02 7.171633e+03
7.813500e+02 7.171633e+03
7.813000e+02 7.147467e+03
7.812500e+02 7.147467e+03
7.812000e+02 7.142367e+03
7.811500e+02 7.142367e+03
7.811000e+02 7.094767e+03
7.810500e+02 7.094767e+03
7.810000e+02 7.042333e+03
7.809500e+02 7.042333e+03
7.809000e+02 7.047133e+03
7.808500e+02 7.047133e+03
7.808000e+02 6.970800e+03
7.807500e+02 6.970800e+03
7.807000e+02 6.931967e+03
7.806500e+02 6.931967e+03
7.806000e+02 6.943933e+03
7.805500e+02 6.943933e+03
7.805000e+02 6.903467e+03
7.804500e+02 6.903467e+03
7.804000e+02 6.816067e+03
7.803500e+02 6.816067e+03
7.803000e+02 6.742467e+03
7.802500e+02 6.742467e+03
7.802000e+02 6.695200e+03
7.801500e+02 6.695200e+03
7.801000e+02 6.646267e+03
7.800500e+02 6.646267e+03
7.800000e+02 6.635533e+03
7.799500e+02 6.635533e+03
7.799000e+02 6.561900e+03
7.798500e+02 6.561900e+03
7.798000e+02 6.583133e+03
7.797500e+02 6.583133e+03
7.797000e+02 6.547133e+03
7.796500e+02 6.547133e+03
7.796000e+02 6.499667e+03
7.795500e+02 6.499667e+03
7.795000e+02 6.457767e+03
7.794500e+02 6.457767e+03
7.794000e+02 6.358433e+03
7.793500e+02 6.358433e+03
7.793000e+02 6.384000e+03
7.792500e+02 6.384000e+03
7.792000e+02 6.326833e+03
7.791500e+02 6.326833e+03
7.791000e+02 6.264467e+03
7.790500e+02 6.264467e+03
7.790000e+02 6.203800e+03
7.789500e+02 6.203800e+03
7.789000e+02 6.218067e+03
7.788500e+02 6.218067e+03
7.788000e+02 6.244700e+03
7.787500e+02 6.244700e+03
7.787000e+02 6.200167e+03
7.786500e+02 6.200167e+03
7.786000e+02 6.106433e+03
7.785500e+02 6.106433e+03
7.785000e+02 6.107033e+03
7.784500e+02 6.107033e+03
7.784000e+02 6.018700e+03
7.783500e+02 6.018700e+03
7.783000e+02 6.025533e+03
7.782500e+02 6.025533e+03
7.782000e+02 5.966700e+03
7.781500e+02 5.966700e+03
7.781000e+02 5.947133e+03
7.780500e+02 5.947133e+03
7.780000e+02 5.962333e+03
7.779500e+02 5.962333e+03
7.779000e+02 5.918233e+03
7.778500e+02 5.918233e+03
7.778000e+02 5.911600e+03
7.777500e+02 5.911600e+03
7.777000e+02 5.979833e+03
7.776500e+02 5.979833e+03
7.776000e+02 5.913100e+03
7.775500e+02 5.913100e+03
7.775000e+02 5.900867e+03
7.774500e+02 5.900867e+03
7.774000e+02 5.868300e+03
7.773500e+02 5.868300e+03
7.773000e+02 5.859033e+03
7.772500e+02 5.859033e+03
7.772000e+02 5.809500e+03
7.771500e+02 5.809500e+03
7.771000e+02 5.805600e+03
7.770500e+02 5.805600e+03
7.770000e+02 5.862233e+03
7.769500e+02 5.862233e+03
7.769000e+02 5.799767e+03
7.768500e+02 5.799767e+03
7.768000e+02 5.780200e+03
7.767500e+02 5.780200e+03
7.767000e+02 5.747433e+03
7.766500e+02 5.747433e+03
7.766000e+02 5.759967e+03
7.765500e+02 5.759967e+03
7.765000e+02 5.723833e+03
7.764500e+02 5.723833e+03
7.764000e+02 5.686067e+03
7.763500e+02 5.686067e+03
7.763000e+02 5.718600e+03
7.762500e+02 5.718600e+03
7.762000e+02 5.782933e+03
7.761500e+02 5.782933e+03
7.761000e+02 5.718867e+03
7.760500e+02 5.718867e+03
7.760000e+02 5.738467e+03
7.759500e+02 5.738467e+03
7.759000e+02 5.719533e+03
7.758500e+02 5.719533e+03
7.758000e+02 5.739800e+03
7.757500e+02 5.739800e+03
7.757000e+02 5.694967e+03
7.756500e+02 5.694967e+03
7.756000e+02 5.741800e+03
7.755500e+02 5.741800e+03
7.755000e+02 5.716033e+03
7.754500e+02 5.716033e+03
7.754000e+02 5.684867e+03
7.753500e+02 5.684867e+03
7.753000e+02 5.676633e+03
7.752500e+02 5.676633e+03
7.752000e+02 5.706933e+03
7.751500e+02 5.706933e+03
7.751000e+02 5.720067e+03
7.750500e+02 5.720067e+03
7.750000e+02 5.654900e+03
7.749500e+02 5.654900e+03
7.749000e+02 5.697667e+03
7.748500e+02 5.697667e+03
7.748000e+02 5.769833e+03
7.747500e+02 5.769833e+03
7.747000e+02 5.739433e+03
7.746500e+02 5.739433e+03
7.746000e+02 5.746067e+03
7.745500e+02 5.746067e+03
7.745000e+02 5.746033e+03
7.744500e+02 5.746033e+03
7.744000e+02 5.775000e+03
7.743500e+02 5.775000e+03
7.743000e+02 5.739633e+03
7.742500e+02 5.739633e+03
7.742000e+02 5.733133e+03
7.741500e+02 5.733133e+03
7.741000e+02 5.763633e+03
7.740500e+02 5.763633e+03
7.740000e+02 5.737400e+03
7.739500e+02 5.737400e+03
7.739000e+02 5.697100e+03
7.738500e+02 5.697100e+03
7.738000e+02 5.739867e+03
7.737500e+02 5.739867e+03
7.737000e+02 5.778167e+03
7.736500e+02 5.778167e+03
7.736000e+02 5.780500e+03
7.735500e+02 5.780500e+03
7.735000e+02 5.751533e+03
7.734500e+02 5.751533e+03
7.734000e+02 5.699267e+03
7.733500e+02 5.699267e+03
7.733000e+02 5.747433e+03
7.732500e+02 5.747433e+03
7.732000e+02 5.731033e+03
7.731500e+02 5.731033e+03
7.731000e+02 5.727033e+03
7.730500e+02 5.727033e+03
7.730000e+02 5.697600e+03
7.729500e+02 5.697600e+03
7.729000e+02 5.774133e+03
7.728500e+02 5.774133e+03
7.728000e+02 5.763133e+03
7.727500e+02 5.763133e+03
7.727000e+02 5.754333e+03
7.726500e+02 5.754333e+03
7.726000e+02 5.726433e+03
7.725500e+02 5.726433e+03
7.725000e+02 5.832067e+03
7.724500e+02 5.832067e+03
7.724000e+02 5.798433e+03
7.723500e+02 5.798433e+03
7.723000e+02 5.798767e+03
7.722500e+02 5.798767e+03
7.722000e+02 5.771700e+03
7.721500e+02 5.771700e+03
7.721000e+02 5.702267e+03
7.720500e+02 5.702267e+03
7.720000e+02 5.774800e+03
7.719500e+02 5.774800e+03
7.719000e+02 5.749500e+03
7.718500e+02 5.749500e+03
7.718000e+02 5.687367e+03
7.717500e+02 5.687367e+03
7.717000e+02 5.755133e+03
7.716500e+02 5.755133e+03
7.716000e+02 5.785200e+03
7.715500e+02 5.785200e+03
7.715000e+02 5.750400e+03
7.714500e+02 5.750400e+03
7.714000e+02 5.849500e+03
7.713500e+02 5.849500e+03
7.713000e+02 5.835867e+03
7.712500e+02 5.835867e+03
7.712000e+02 5.831133e+03
7.711500e+02 5.831133e+03
7.711000e+02 5.776367e+03
7.710500e+02 5.776367e+03
7.710000e+02 5.849633e+03
7.709500e+02 5.849633e+03
7.709000e+02 5.811500e+03
7.708500e+02 5.811500e+03
7.708000e+02 5.785500e+03
7.707500e+02 5.785500e+03
7.707000e+02 5.788467e+03
7.706500e+02 5.788467e+03
7.706000e+02 5.812633e+03
7.705500e+02 5.812633e+03
7.705000e+02 5.847467e+03
7.704500e+02 5.847467e+03
7.704000e+02 5.794400e+03
7.703500e+02 5.794400e+03
7.703000e+02 5.748100e+03
7.702500e+02 5.748100e+03
7.702000e+02 5.751200e+03
7.701500e+02 5.751200e+03
7.701000e+02 5.782533e+03
7.700500e+02 5.782533e+03
7.700000e+02 5.842267e+03
7.699500e+02 5.842267e+03
7.699000e+02 5.787967e+03
7.698500e+02 5.787967e+03
7.698000e+02 5.759400e+03
7.697500e+02 5.759400e+03
7.697000e+02 5.772767e+03
7.696500e+02 5.772767e+03
7.696000e+02 5.818433e+03
7.695500e+02 5.818433e+03
7.695000e+02 5.773467e+03
7.694500e+02 5.773467e+03
7.694000e+02 5.763533e+03
7.693500e+02 5.763533e+03
7.693000e+02 5.744767e+03
7.692500e+02 5.744767e+03
7.692000e+02 5.739033e+03
7.691500e+02 5.739033e+03
7.691000e+02 5.745733e+03
7.690500e+02 5.745733e+03
7.690000e+02 5.731467e+03
7.689500e+02 5.731467e+03
7.689000e+02 5.736033e+03
7.688500e+02 5.736033e+03
7.688000e+02 5.757300e+03
7.687500e+02 5.757300e+03
7.687000e+02 5.706900e+03
7.686500e+02 5.706900e+03
7.686000e+02 5.634900e+03
7.685500e+02 5.634900e+03
7.685000e+02 5.651467e+03
7.684500e+02 5.651467e+03
7.684000e+02 5.685867e+03
7.683500e+02 5.685867e+03
7.683000e+02 5.659600e+03
7.682500e+02 5.659600e+03
7.682000e+02 5.620667e+03
7.681500e+02 5.620667e+03
7.681000e+02 5.626900e+03
7.680500e+02 5.626900e+03
7.680000e+02 5.624333e+03
7.679500e+02 5.624333e+03
7.679000e+02 5.625867e+03
7.678500e+02 5.625867e+03
7.678000e+02 5.589400e+03
7.677500e+02 5.589400e+03
7.677000e+02 5.599500e+03
7.676500e+02 5.599500e+03
7.676000e+02 5.544300e+03
7.675500e+02 5.544300e+03
7.675000e+02 5.547433e+03
7.674500e+02 5.547433e+03
7.674000e+02 5.574433e+03
7.673500e+02 5.574433e+03
7.673000e+02 5.542000e+03
7.672500e+02 5.542000e+03
7.672000e+02 5.550000e+03
7.671500e+02 5.550000e+03
7.671000e+02 5.530933e+03
7.670500e+02 5.530933e+03
7.670000e+02 5.502700e+03
7.669500e+02 5.502700e+03
7.669000e+02 5.493267e+03
7.668500e+02 5.493267e+03
7.668000e+02 5.460500e+03
7.667500e+02 5.460500e+03
7.667000e+02 5.466833e+03
7.666500e+02 5.466833e+03
7.666000e+02 5.435833e+03
7.665500e+02 5.435833e+03
7.665000e+02 5.436633e+03
7.664500e+02 5.436633e+03
7.664000e+02 5.450400e+03
7.663500e+02 5.450400e+03
7.663000e+02 5.426900e+03
7.662500e+02 5.426900e+03
7.662000e+02 5.414467e+03
7.661500e+02 5.414467e+03
7.661000e+02 5.411133e+03
7.660500e+02 5.411133e+03
7.660000e+02 5.430767e+03
7.659500e+02 5.430767e+03
7.659000e+02 5.360267e+03
7.658500e+02 5.360267e+03
7.658000e+02 5.346300e+03
7.657500e+02 5.346300e+03
7.657000e+02 5.404767e+03
7.656500e+02 5.404767e+03
7.656000e+02 5.390267e+03
7.655500e+02 5.390267e+03
7.655000e+02 5.357100e+03
7.654500e+02 5.357100e+03
7.654000e+02 5.363633e+03
7.653500e+02 5.363633e+03
7.653000e+02 5.353867e+03
7.652500e+02 5.353867e+03
7.652000e+02 5.372667e+03
7.651500e+02 5.372667e+03
7.651000e+02 5.392433e+03
7.650500e+02 5.392433e+03
7.650000e+02 5.368200e+03
7.649500e+02 5.368200e+03
7.649000e+02 5.329133e+03
7.648500e+02 5.329133e+03
7.648000e+02 5.350933e+03
7.647500e+02 5.350933e+03
7.647000e+02 5.318067e+03
7.646500e+02 5.318067e+03
7.646000e+02 5.328167e+03
7.645500e+02 5.328167e+03
7.645000e+02 5.344100e+03
7.644500e+02 5.344100e+03
7.644000e+02 5.297733e+03
7.643500e+02 5.297733e+03
7.643000e+02 5.297767e+03
7.642500e+02 5.297767e+03
7.642000e+02 5.307700e+03
7.641500e+02 5.307700e+03
7.641000e+02 5.354433e+03
7.640500e+02 5.354433e+03
7.640000e+02 5.312167e+03
7.639500e+02 5.312167e+03
7.639000e+02 5.296267e+03
7.638500e+02 5.296267e+03
7.638000e+02 5.313667e+03
7.637500e+02 5.313667e+03
7.637000e+02 5.294733e+03
7.636500e+02 5.294733e+03
7.636000e+02 5.276033e+03
7.635500e+02 5.276033e+03
7.635000e+02 5.303300e+03
7.634500e+02 5.303300e+03
7.634000e+02 5.323533e+03
7.633500e+02 5.323533e+03
7.633000e+02 5.271733e+03
7.632500e+02 5.271733e+03
7.632000e+02 5.269467e+03
7.631500e+02 5.269467e+03
7.631000e+02 5.262767e+03
7.630500e+02 5.262767e+03
7.630000e+02 5.310867e+03
7.629500e+02 5.310867e+03
7.629000e+02 5.304833e+03
7.628500e+02 5.304833e+03
7.628000e+02 5.315567e+03
7.627500e+02 5.315567e+03
7.627000e+02 5.295333e+03
7.626500e+02 5.295333e+03
7.626000e+02 5.336033e+03
7.625500e+02 5.336033e+03
7.625000e+02 5.337433e+03
7.624500e+02 5.337433e+03
7.624000e+02 5.296533e+03
7.623500e+02 5.296533e+03
7.623000e+02 5.313933e+03
7.622500e+02 5.313933e+03
7.622000e+02 5.322200e+03
7.621500e+02 5.322200e+03
7.621000e+02 5.330033e+03
7.620500e+02 5.330033e+03
7.620000e+02 5.306833e+03
7.619500e+02 5.306833e+03
7.619000e+02 5.339033e+03
7.618500e+02 5.339033e+03
7.618000e+02 5.322367e+03
7.617500e+02 5.322367e+03
7.617000e+02 5.346533e+03
7.616500e+02 5.346533e+03
7.616000e+02 5.355567e+03
7.615500e+02 5.355567e+03
7.615000e+02 5.328500e+03
7.614500e+02 5.328500e+03
7.614000e+02 5.313367e+03
7.613500e+02 5.313367e+03
7.613000e+02 5.381267e+03
7.612500e+02 5.381267e+03
7.612000e+02 5.405167e+03
7.611500e+02 5.405167e+03
7.611000e+02 5.366867e+03
7.610500e+02 5.366867e+03
7.610000e+02 5.362767e+03
7.609500e+02 5.362767e+03
7.609000e+02 5.352667e+03
7.608500e+02 5.352667e+03
7.608000e+02 5.335667e+03
7.607500e+02 5.335667e+03
7.607000e+02 5.361067e+03
7.606500e+02 5.361067e+03
7.606000e+02 5.313600e+03
7.605500e+02 5.313600e+03
7.605000e+02 5.362167e+03
7.604500e+02 5.362167e+03
7.604000e+02 5.349900e+03
7.603500e+02 5.349900e+03
7.603000e+02 5.354133e+03
7.602500e+02 5.354133e+03
7.602000e+02 5.351900e+03
7.601500e+02 5.351900e+03
7.601000e+02 5.363667e+03
7.600500e+02 5.363667e+03
7.600000e+02 5.408133e+03
7.599500e+02 5.408133e+03
7.599000e+02 5.427600e+03
7.598500e+02 5.427600e+03
7.598000e+02 5.406767e+03
7.597500e+02 5.406767e+03
7.597000e+02 5.397900e+03
7.596500e+02 5.397900e+03
7.596000e+02 5.416433e+03
7.595500e+02 5.416433e+03
7.595000e+02 5.414133e+03
7.594500e+02 5.414133e+03
7.594000e+02 5.369000e+03
7.593500e+02 5.369000e+03
7.593000e+02 5.375867e+03
7.592500e+02 5.375867e+03
7.592000e+02 5.366400e+03
7.591500e+02 5.366400e+03
7.591000e+02 5.357700e+03
7.590500e+02 5.357700e+03
7.590000e+02 5.419500e+03
7.589500e+02 5.419500e+03
7.589000e+02 5.421100e+03
7.588500e+02 5.421100e+03
7.588000e+02 5.436833e+03
7.587500e+02 5.436833e+03
7.587000e+02 5.443867e+03
7.586500e+02 5.443867e+03
7.586000e+02 5.472600e+03
7.585500e+02 5.472600e+03
7.585000e+02 5.465333e+03
7.584500e+02 5.465333e+03
7.584000e+02 5.416733e+03
7.583500e+02 5.416733e+03
7.583000e+02 5.424800e+03
7.582500e+02 5.424800e+03
7.582000e+02 5.421933e+03
7.581500e+02 5.421933e+03
7.581000e+02 5.399533e+03
7.580500e+02 5.399533e+03
7.580000e+02 5.411400e+03
7.579500e+02 5.411400e+03
7.579000e+02 5.457567e+03
7.578500e+02 5.457567e+03
7.578000e+02 5.481133e+03
7.577500e+02 5.481133e+03
7.577000e+02 5.407333e+03
7.576500e+02 5.407333e+03
7.576000e+02 5.432933e+03
7.575500e+02 5.432933e+03
7.575000e+02 5.463667e+03
7.574500e+02 5.463667e+03
7.574000e+02 5.450367e+03
7.573500e+02 5.450367e+03
7.573000e+02 5.450133e+03
7.572500e+02 5.450133e+03
7.572000e+02 5.454200e+03
7.571500e+02 5.454200e+03
7.571000e+02 5.458700e+03
7.570500e+02 5.458700e+03
7.570000e+02 5.514833e+03
7.569500e+02 5.514833e+03
7.569000e+02 5.510567e+03
7.568500e+02 5.510567e+03
7.568000e+02 5.467900e+03
7.567500e+02 5.467900e+03
7.567000e+02 5.476800e+03
7.566500e+02 5.476800e+03
7.566000e+02 5.504700e+03
7.565500e+02 5.504700e+03
7.565000e+02 5.483133e+03
7.564500e+02 5.483133e+03
7.564000e+02 5.431200e+03
7.563500e+02 5.431200e+03
7.563000e+02 5.494467e+03
7.562500e+02 5.494467e+03
7.562000e+02 5.516033e+03
7.561500e+02 5.516033e+03
7.561000e+02 5.508767e+03
7.560500e+02 5.508767e+03
7.560000e+02 5.482900e+03
7.559500e+02 5.482900e+03
7.559000e+02 5.481200e+03
7.558500e+02 5.481200e+03
7.558000e+02 5.481000e+03
7.557500e+02 5.481000e+03
7.557000e+02 5.546000e+03
7.556500e+02 5.546000e+03
7.556000e+02 5.490267e+03
7.555500e+02 5.490267e+03
7.555000e+02 5.481100e+03
7.554500e+02 5.481100e+03
7.554000e+02 5.501567e+03
7.553500e+02 5.501567e+03
7.553000e+02 5.550233e+03
7.552500e+02 5.550233e+03
7.552000e+02 5.495333e+03
7.551500e+02 5.495333e+03
7.551000e+02 5.495800e+03
7.550500e+02 5.495800e+03
7.550000e+02 5.527233e+03
7.549500e+02 5.527233e+03
7.549000e+02 5.561167e+03
7.548500e+02 5.561167e+03
7.548000e+02 5.535167e+03
7.547500e+02 5.535167e+03
7.547000e+02 5.521233e+03
7.546500e+02 5.521233e+03
7.546000e+02 5.563067e+03
7.545500e+02 5.563067e+03
7.545000e+02 5.530033e+03
7.544500e+02 5.530033e+03
7.544000e+02 5.570833e+03
7.543500e+02 5.570833e+03
7.543000e+02 5.590833e+03
7.542500e+02 5.590833e+03
7.542000e+02 5.583067e+03
7.541500e+02 5.583067e+03
7.541000e+02 5.591500e+03
7.540500e+02 5.591500e+03
7.540000e+02 5.544967e+03
7.539500e+02 5.544967e+03
7.539000e+02 5.525167e+03
7.538500e+02 5.525167e+03
7.538000e+02 5.584267e+03
7.537500e+02 5.584267e+03
7.537000e+02 5.564700e+03
7.536500e+02 5.564700e+03
7.536000e+02 5.574733e+03
7.535500e+02 5.574733e+03
7.535000e+02 5.601467e+03
7.534500e+02 5.601467e+03
7.534000e+02 5.593033e+03
7.533500e+02 5.593033e+03
7.533000e+02 5.596500e+03
7.532500e+02 5.596500e+03
7.532000e+02 5.594500e+03
7.531500e+02 5.594500e+03
7.531000e+02 5.587633e+03
7.530500e+02 5.587633e+03
7.530000e+02 5.597800e+03
7.529500e+02 5.597800e+03
7.529000e+02 5.612200e+03
7.528500e+02 5.612200e+03
7.528000e+02 5.613233e+03
7.527500e+02 5.613233e+03
7.527000e+02 5.649033e+03
7.526500e+02 5.649033e+03
7.526000e+02 5.657600e+03
7.525500e+02 5.657600e+03
7.525000e+02 5.649967e+03
7.524500e+02 5.649967e+03
7.524000e+02 5.594933e+03
7.523500e+02 5.594933e+03
7.523000e+02 5.642900e+03
7.522500e+02 5.642900e+03
7.522000e+02 5.642733e+03
7.521500e+02 5.642733e+03
7.521000e+02 5.625967e+03
7.520500e+02 5.625967e+03
7.520000e+02 5.649533e+03
7.519500e+02 5.649533e+03
7.519000e+02 5.611333e+03
7.518500e+02 5.611333e+03
7.518000e+02 5.683200e+03
7.517500e+02 5.683200e+03
7.517000e+02 5.680267e+03
7.516500e+02 5.680267e+03
7.516000e+02 5.661400e+03
7.515500e+02 5.661400e+03
7.515000e+02 5.652367e+03
7.514500e+02 5.652367e+03
7.514000e+02 5.669767e+03
7.513500e+02 5.669767e+03
7.513000e+02 5.667133e+03
7.512500e+02 5.667133e+03
7.512000e+02 5.664000e+03
7.511500e+02 5.664000e+03
7.511000e+02 5.656600e+03
7.510500e+02 5.656600e+03
7.510000e+02 5.706033e+03
7.509500e+02 5.706033e+03
7.509000e+02 5.672833e+03
7.508500e+02 5.672833e+03
7.508000e+02 5.686233e+03
7.507500e+02 5.686233e+03
7.507000e+02 5.719700e+03
7.506500e+02 5.719700e+03
7.506000e+02 5.697833e+03
7.505500e+02 5.697833e+03
7.505000e+02 5.734033e+03
7.504500e+02 5.734033e+03
7.504000e+02 5.694900e+03
7.503500e+02 5.694900e+03
7.503000e+02 5.729433e+03
7.502500e+02 5.729433e+03
7.502000e+02 5.726367e+03
7.501500e+02 5.726367e+03
7.501000e+02 5.728567e+03
7.500500e+02 5.728567e+03
7.500000e+02 5.741933e+03
7.499500e+02 5.741933e+03
7.499000e+02 5.674067e+03
7.498500e+02 5.674067e+03
7.498000e+02 5.720600e+03
7.497500e+02 5.720600e+03
7.497000e+02 5.755267e+03
7.496500e+02 5.755267e+03
7.496000e+02 5.735567e+03
7.495500e+02 5.735567e+03
7.495000e+02 5.763967e+03
7.494500e+02 5.763967e+03
7.494000e+02 5.794433e+03
7.493500e+02 5.794433e+03
7.493000e+02 5.743433e+03
7.492500e+02 5.743433e+03
7.492000e+02 5.721400e+03
7.491500e+02 5.721400e+03
7.491000e+02 5.743000e+03
7.490500e+02 5.743000e+03
7.490000e+02 5.727600e+03
7.489500e+02 5.727600e+03
7.489000e+02 5.781233e+03
7.488500e+02 5.781233e+03
7.488000e+02 5.793200e+03
7.487500e+02 5.793200e+03
7.487000e+02 5.801700e+03
7.486500e+02 5.801700e+03
7.486000e+02 5.790367e+03
7.485500e+02 5.790367e+03
7.485000e+02 5.789000e+03
7.484500e+02 5.789000e+03
7.484000e+02 5.830267e+03
7.483500e+02 5.830267e+03
7.483000e+02 5.840533e+03
7.482500e+02 5.840533e+03
7.482000e+02 5.834900e+03
7.481500e+02 5.834900e+03
7.481000e+02 5.856867e+03
7.480500e+02 5.856867e+03
7.480000e+02 5.849333e+03
7.479500e+02 5.849333e+03
7.479000e+02 5.807433e+03
7.478500e+02 5.807433e+03
7.478000e+02 5.780500e+03
7.477500e+02 5.780500e+03
7.477000e+02 5.811500e+03
7.476500e+02 5.811500e+03
7.476000e+02 5.845100e+03
7.475500e+02 5.845100e+03
7.475000e+02 5.860433e+03
7.474500e+02 5.860433e+03
7.474000e+02 5.858467e+03
7.473500e+02 5.858467e+03
7.473000e+02 5.867800e+03
7.472500e+02 5.867800e+03
7.472000e+02 5.852733e+03
7.471500e+02 5.852733e+03
7.471000e+02 5.841033e+03
7.470500e+02 5.841033e+03
7.470000e+02 5.827900e+03
7.469500e+02 5.827900e+03
7.469000e+02 5.889200e+03
7.468500e+02 5.889200e+03
7.468000e+02 5.914033e+03
7.467500e+02 5.914033e+03
7.467000e+02 5.858567e+03
7.466500e+02 5.858567e+03
7.466000e+02 5.830000e+03
7.465500e+02 5.830000e+03
7.465000e+02 5.896133e+03
7.464500e+02 5.896133e+03
7.464000e+02 5.902867e+03
7.463500e+02 5.902867e+03
7.463000e+02 5.911900e+03
7.462500e+02 5.911900e+03
7.462000e+02 5.891100e+03
7.461500e+02 5.891100e+03
7.461000e+02 5.895933e+03
7.460500e+02 5.895933e+03
7.460000e+02 5.886233e+03
7.459500e+02 5.886233e+03
7.459000e+02 5.909467e+03
7.458500e+02 5.909467e+03
7.458000e+02 5.915033e+03
7.457500e+02 5.915033e+03
7.457000e+02 5.928133e+03
7.456500e+02 5.928133e+03
7.456000e+02 5.959800e+03
7.455500e+02 5.959800e+03
7.455000e+02 5.969867e+03
7.454500e+02 5.969867e+03
7.454000e+02 6.014933e+03
7.453500e+02 6.014933e+03
7.453000e+02 5.998600e+03
7.452500e+02 5.998600e+03
7.452000e+02 6.013667e+03
7.451500e+02 6.013667e+03
7.451000e+02 6.029467e+03
7.450500e+02 6.029467e+03
7.450000e+02 6.048867e+03
7.449500e+02 6.048867e+03
7.449000e+02 6.039633e+03
7.448500e+02 6.039633e+03
7.448000e+02 6.020067e+03
7.447500e+02 6.020067e+03
7.447000e+02 6.040900e+03
7.446500e+02 6.040900e+03
7.446000e+02 6.108733e+03
7.445500e+02 6.108733e+03
7.445000e+02 6.072267e+03
7.444500e+02 6.072267e+03
7.444000e+02 6.111567e+03
7.443500e+02 6.111567e+03
7.443000e+02 6.089733e+03
7.442500e+02 6.089733e+03
7.442000e+02 6.103167e+03
7.441500e+02 6.103167e+03
7.441000e+02 6.115133e+03
7.440500e+02 6.115133e+03
7.440000e+02 6.190900e+03
7.439500e+02 6.190900e+03
7.439000e+02 6.182700e+03
7.438500e+02 6.182700e+03
7.438000e+02 6.101567e+03
7.437500e+02 6.101567e+03
7.437000e+02 6.149100e+03
7.436500e+02 6.149100e+03
7.436000e+02 6.170200e+03
7.435500e+02 6.170200e+03
7.435000e+02 6.174267e+03
7.434500e+02 6.174267e+03
7.434000e+02 6.172767e+03
7.433500e+02 6.172767e+03
7.433000e+02 6.210600e+03
7.432500e+02 6.210600e+03
7.432000e+02 6.229933e+03
7.431500e+02 6.229933e+03
7.431000e+02 6.197400e+03
7.430500e+02 6.197400e+03
7.430000e+02 6.217067e+03
7.429500e+02 6.217067e+03
7.429000e+02 6.146733e+03
7.428500e+02 6.146733e+03
7.428000e+02 6.162267e+03
7.427500e+02 6.162267e+03
7.427000e+02 6.211400e+03
7.426500e+02 6.211400e+03
7.426000e+02 6.176267e+03
7.425500e+02 6.176267e+03
7.425000e+02 6.142233e+03
7.424500e+02 6.142233e+03
7.424000e+02 6.119800e+03
7.423500e+02 6.119800e+03
7.423000e+02 6.160667e+03
7.422500e+02 6.160667e+03
7.422000e+02 6.167067e+03
7.421500e+02 6.167067e+03
7.421000e+02 6.184767e+03
7.420500e+02 6.184767e+03
7.420000e+02 6.144400e+03
7.419500e+02 6.144400e+03
7.419000e+02 6.131700e+03
7.418500e+02 6.131700e+03
7.418000e+02 6.086900e+03
7.417500e+02 6.086900e+03
7.417000e+02 6.038000e+03
7.416500e+02 6.038000e+03
7.416000e+02 6.123833e+03
7.415500e+02 6.123833e+03
7.415000e+02 6.116000e+03
7.414500e+02 6.116000e+03
7.414000e+02 6.098033e+03
7.413500e+02 6.098033e+03
7.413000e+02 6.097067e+03
7.412500e+02 6.097067e+03
7.412000e+02 6.045867e+03
7.411500e+02 6.045867e+03
7.411000e+02 6.058667e+03
7.410500e+02 6.058667e+03
7.410000e+02 6.033267e+03
7.409500e+02 6.033267e+03
7.409000e+02 6.024000e+03
7.408500e+02 6.024000e+03
7.408000e+02 6.033833e+03
7.407500e+02 6.033833e+03
7.407000e+02 6.019467e+03
7.406500e+02 6.019467e+03
7.406000e+02 6.019833e+03
7.405500e+02 6.019833e+03
7.405000e+02 6.060033e+03
7.404500e+02 6.060033e+03
7.404000e+02 6.018167e+03
7.403500e+02 6.018167e+03
7.403000e+02 5.981767e+03
7.402500e+02 5.981767e+03
7.402000e+02 6.025733e+03
7.401500e+02 6.025733e+03
7.401000e+02 6.021333e+03
7.400500e+02 6.021333e+03
7.400000e+02 6.011433e+03
7.399500e+02 6.011433e+03
7.399000e+02 6.054933e+03
7.398500e+02 6.054933e+03
7.398000e+02 6.030933e+03
7.397500e+02 6.030933e+03
7.397000e+02 6.014667e+03
7.396500e+02 6.014667e+03
7.396000e+02 6.011433e+03
7.395500e+02 6.011433e+03
7.395000e+02 6.051933e+03
7.394500e+02 6.051933e+03
7.394000e+02 6.054367e+03
7.393500e+02 6.054367e+03
7.393000e+02 6.060067e+03
7.392500e+02 6.060067e+03
7.392000e+02 6.071867e+03
7.391500e+02 6.071867e+03
7.391000e+02 6.022567e+03
7.390500e+02 6.022567e+03
7.390000e+02 6.068267e+03
7.389500e+02 6.068267e+03
7.389000e+02 6.068700e+03
7.388500e+02 6.068700e+03
7.388000e+02 6.123600e+03
7.387500e+02 6.123600e+03
7.387000e+02 6.060233e+03
7.386500e+02 6.060233e+03
7.386000e+02 6.103500e+03
7.385500e+02 6.103500e+03
7.385000e+02 6.124667e+03
7.384500e+02 6.124667e+03
7.384000e+02 6.075133e+03
7.383500e+02 6.075133e+03
7.383000e+02 6.095233e+03
7.382500e+02 6.095233e+03
7.382000e+02 6.155467e+03
7.381500e+02 6.155467e+03
7.381000e+02 6.136033e+03
7.380500e+02 6.136033e+03
7.380000e+02 6.150167e+03
7.379500e+02 6.150167e+03
7.379000e+02 6.096033e+03
7.378500e+02 6.096033e+03
7.378000e+02 6.156300e+03
7.377500e+02 6.156300e+03
7.377000e+02 6.203933e+03
7.376500e+02 6.203933e+03
7.376000e+02 6.184933e+03
7.375500e+02 6.184933e+03
7.375000e+02 6.245233e+03
7.374500e+02 6.245233e+03
7.374000e+02 6.249267e+03
7.373500e+02 6.249267e+03
7.373000e+02 6.246767e+03
7.372500e+02 6.246767e+03
7.372000e+02 6.214533e+03
7.371500e+02 6.214533e+03
7.371000e+02 6.223233e+03
7.370500e+02 6.223233e+03
7.370000e+02 6.269567e+03
7.369500e+02 6.269567e+03
7.369000e+02 6.308600e+03
7.368500e+02 6.308600e+03
7.368000e+02 6.286033e+03
7.367500e+02 6.286033e+03
7.367000e+02 6.302333e+03
7.366500e+02 6.302333e+03
7.366000e+02 6.333900e+03
7.365500e+02 6.333900e+03
7.365000e+02 6.359533e+03
7.364500e+02 6.359533e+03
7.364000e+02 6.430733e+03
7.363500e+02 6.430733e+03
7.363000e+02 6.434500e+03
7.362500e+02 6.434500e+03
7.362000e+02 6.398767e+03
7.361500e+02 6.398767e+03
7.361000e+02 6.490133e+03
7.360500e+02 6.490133e+03
7.360000e+02 6.496200e+03
7.359500e+02 6.496200e+03
7.359000e+02 6.459200e+03
7.358500e+02 6.459200e+03
7.358000e+02 6.448667e+03
7.357500e+02 6.448667e+03
7.357000e+02 6.503967e+03
7.356500e+02 6.503967e+03
7.356000e+02 6.495633e+03
7.355500e+02 6.495633e+03
7.355000e+02 6.562500e+03
7.354500e+02 6.562500e+03
7.354000e+02 6.565200e+03
7.353500e+02 6.565200e+03
7.353000e+02 6.547100e+03
7.352500e+02 6.547100e+03
7.352000e+02 6.618467e+03
7.351500e+02 6.618467e+03
7.351000e+02 6.615033e+03
7.350500e+02 6.615033e+03
7.350000e+02 6.616533e+03
7.349500e+02 6.616533e+03
7.349000e+02 6.657233e+03
7.348500e+02 6.657233e+03
7.348000e+02 6.665567e+03
7.347500e+02 6.665567e+03
7.347000e+02 6.692867e+03
7.346500e+02 6.692867e+03
7.346000e+02 6.706433e+03
7.345500e+02 6.706433e+03
7.345000e+02 6.714133e+03
7.344500e+02 6.714133e+03
7.344000e+02 6.739067e+03
7.343500e+02 6.739067e+03
7.343000e+02 6.748367e+03
7.342500e+02 6.748367e+03
7.342000e+02 6.754767e+03
7.341500e+02 6.754767e+03
7.341000e+02 6.790933e+03
7.340500e+02 6.790933e+03
7.340000e+02 6.860633e+03
7.339500e+02 6.860633e+03
7.339000e+02 6.846933e+03
7.338500e+02 6.846933e+03
7.338000e+02 6.867700e+03
7.337500e+02 6.867700e+03
7.337000e+02 6.913233e+03
7.336500e+02 6.913233e+03
7.336000e+02 6.880233e+03
7.335500e+02 6.880233e+03
7.335000e+02 6.915833e+03
7.334500e+02 6.915833e+03
7.334000e+02 6.976900e+03
7.333500e+02 6.976900e+03
7.333000e+02 6.953000e+03
7.332500e+02 6.953000e+03
7.332000e+02 6.988533e+03
7.331500e+02 6.988533e+03
7.331000e+02 6.953600e+03
7.330500e+02 6.953600e+03
7.330000e+02 6.992867e+03
7.329500e+02 6.992867e+03
7.329000e+02 7.017800e+03
7.328500e+02 7.017800e+03
7.328000e+02 7.033667e+03
7.327500e+02 7.033667e+03
7.327000e+02 7.051567e+03
7.326500e+02 7.051567e+03
7.326000e+02 7.060733e+03
7.325500e+02 7.060733e+03
7.325000e+02 7.128967e+03
7.324500e+02 7.128967e+03
7.324000e+02 7.170500e+03
7.323500e+02 7.170500e+03
7.323000e+02 7.110333e+03
7.322500e+02 7.110333e+03
7.322000e+02 7.157167e+03
7.321500e+02 7.157167e+03
7.321000e+02 7.160167e+03
7.320500e+02 7.160167e+03
7.320000e+02 7.238100e+03
7.319500e+02 7.238100e+03
7.319000e+02 7.216100e+03
7.318500e+02 7.216100e+03
7.318000e+02 7.249567e+03
7.317500e+02 7.249567e+03
7.317000e+02 7.213300e+03
7.316500e+02 7.213300e+03
7.316000e+02 7.329733e+03
7.315500e+02 7.329733e+03
7.315000e+02 7.302900e+03
7.314500e+02 7.302900e+03
7.314000e+02 7.287500e+03
7.313500e+02 7.287500e+03
7.313000e+02 7.344533e+03
7.312500e+02 7.344533e+03
7.312000e+02 7.396600e+03
7.311500e+02 7.396600e+03
7.311000e+02 7.410567e+03
7.310500e+02 7.410567e+03
7.310000e+02 7.453833e+03
7.309500e+02 7.453833e+03
7.309000e+02 7.457967e+03
7.308500e+02 7.457967e+03
7.308000e+02 7.439333e+03
7.307500e+02 7.439333e+03
7.307000e+02 7.494600e+03
7.306500e+02 7.494600e+03
7.306000e+02 7.541400e+03
7.305500e+02 7.541400e+03
7.305000e+02 7.557167e+03
7.304500e+02 7.557167e+03
7.304000e+02 7.633833e+03
7.303500e+02 7.633833e+03
7.303000e+02 7.637667e+03
7.302500e+02 7.637667e+03
7.302000e+02 7.708800e+03
7.301500e+02 7.708800e+03
7.301000e+02 7.677867e+03
7.300500e+02 7.677867e+03
7.300000e+02 7.704733e+03
7.299500e+02 7.704733e+03
7.299000e+02 7.704233e+03
7.298500e+02 7.704233e+03
7.298000e+02 7.736267e+03
7.297500e+02 7.736267e+03
7.297000e+02 7.725767e+03
7.296500e+02 7.725767e+03
7.296000e+02 7.756000e+03
7.295500e+02 7.756000e+03
7.295000e+02 7.783100e+03
7.294500e+02 7.783100e+03
7.294000e+02 7.729033e+03
7.293500e+02 7.729033e+03
7.293000e+02 7.768400e+03
7.292500e+02 7.768400e+03
7.292000e+02 7.814300e+03
7.291500e+02 7.814300e+03
7.291000e+02 7.783600e+03
7.290500e+02 7.783600e+03
7.290000e+02 7.786000e+03
7.289500e+02 7.786000e+03
7.289000e+02 7.822633e+03
7.288500e+02 7.822633e+03
7.288000e+02 7.818767e+03
7.287500e+02 7.818767e+03
7.287000e+02 7.804067e+03
7.286500e+02 7.804067e+03
7.286000e+02 7.782300e+03
7.285500e+02 7.782300e+03
7.285000e+02 7.850133e+03
7.284500e+02 7.850133e+03
7.284000e+02 7.835633e+03
7.283500e+02 7.835633e+03
7.283000e+02 7.824400e+03
7.282500e+02 7.824400e+03
7.282000e+02 7.904800e+03
7.281500e+02 7.904800e+03
7.281000e+02 7.865767e+03
7.280500e+02 7.865767e+03
7.280000e+02 7.922267e+03
7.279500e+02 7.922267e+03
7.279000e+02 7.969500e+03
7.278500e+02 7.969500e+03
7.278000e+02 7.818900e+03
7.277500e+02 7.818900e+03
7.277000e+02 7.853367e+03
7.276500e+02 7.853367e+03
7.276000e+02 7.870700e+03
7.275500e+02 7.870700e+03
7.275000e+02 7.928167e+03
7.274500e+02 7.928167e+03
7.274000e+02 7.994533e+03
7.273500e+02 7.994533e+03
7.273000e+02 7.948767e+03
7.272500e+02 7.948767e+03
7.272000e+02 7.991300e+03
7.271500e+02 7.991300e+03
7.271000e+02 7.994567e+03
7.270500e+02 7.994567e+03
7.270000e+02 8.089200e+03
7.269500e+02 8.089200e+03
7.269000e+02 8.108433e+03
7.268500e+02 8.108433e+03
7.268000e+02 8.086433e+03
7.267500e+02 8.086433e+03
7.267000e+02 8.192900e+03
7.266500e+02 8.192900e+03
7.266000e+02 8.159800e+03
7.265500e+02 8.159800e+03
7.265000e+02 8.217400e+03
7.264500e+02 8.217400e+03
7.264000e+02 8.304367e+03
7.263500e+02 8.304367e+03
7.263000e+02 8.333567e+03
7.262500e+02 8.333567e+03
7.262000e+02 8.388567e+03
7.261500e+02 8.388567e+03
7.261000e+02 8.371567e+03
7.260500e+02 8.371567e+03
7.260000e+02 8.441567e+03
7.259500e+02 8.441567e+03
7.259000e+02 8.465767e+03
7.258500e+02 8.465767e+03
7.258000e+02 8.535067e+03
7.257500e+02 8.535067e+03
7.257000e+02 8.587867e+03
7.256500e+02 8.587867e+03
7.256000e+02 8.602533e+03
7.255500e+02 8.602533e+03
7.255000e+02 8.652333e+03
7.254500e+02 8.652333e+03
7.254000e+02 8.722067e+03
7.253500e+02 8.722067e+03
7.253000e+02 8.759667e+03
7.252500e+02 8.759667e+03
7.252000e+02 8.871900e+03
7.251500e+02 8.871900e+03
7.251000e+02 8.934733e+03
7.250500e+02 8.934733e+03
7.250000e+02 8.980900e+03
7.249500e+02 8.980900e+03
7.249000e+02 9.044667e+03
7.248500e+02 9.044667e+03
7.248000e+02 9.120433e+03
7.247500e+02 9.120433e+03
7.247000e+02 9.112567e+03
7.246500e+02 9.112567e+03
7.246000e+02 9.202833e+03
7.245500e+02 9.202833e+03
7.245000e+02 9.269467e+03
7.244500e+02 9.269467e+03
7.244000e+02 9.318633e+03
7.243500e+02 9.318633e+03
7.243000e+02 9.380867e+03
7.242500e+02 9.380867e+03
7.242000e+02 9.388500e+03
7.241500e+02 9.388500e+03
7.241000e+02 9.404167e+03
7.240500e+02 9.404167e+03
7.240000e+02 9.459767e+03
7.239500e+02 9.459767e+03
7.239000e+02 9.543500e+03
7.238500e+02 9.543500e+03
7.238000e+02 9.635067e+03
7.237500e+02 9.635067e+03
7.237000e+02 9.669433e+03
7.236500e+02 9.669433e+03
7.236000e+02 9.697533e+03
7.235500e+02 9.697533e+03
7.235000e+02 9.725233e+03
7.234500e+02 9.725233e+03
7.234000e+02 9.755300e+03
7.233500e+02 9.755300e+03
7.233000e+02 9.773533e+03
7.232500e+02 9.773533e+03
7.232000e+02 9.813433e+03
7.231500e+02 9.813433e+03
7.231000e+02 9.799300e+03
7.230500e+02 9.799300e+03
7.230000e+02 9.832200e+03
7.229500e+02 9.832200e+03
7.229000e+02 9.821967e+03
7.228500e+02 9.821967e+03
7.228000e+02 9.809800e+03
7.227500e+02 9.809800e+03
7.227000e+02 9.744033e+03
7.226500e+02 9.744033e+03
7.226000e+02 9.705100e+03
7.225500e+02 9.705100e+03
7.225000e+02 9.619767e+03
7.224500e+02 9.619767e+03
7.224000e+02 9.556033e+03
7.223500e+02 9.556033e+03
7.223000e+02 9.514133e+03
7.222500e+02 9.514133e+03
7.222000e+02 9.403133e+03
7.221500e+02 9.403133e+03
7.221000e+02 9.334667e+03
7.220500e+02 9.334667e+03
7.220000e+02 9.256733e+03
7.219500e+02 9.256733e+03
7.219000e+02 9.162800e+03
7.218500e+02 9.162800e+03
7.218000e+02 8.986267e+03
7.217500e+02 8.986267e+03
7.217000e+02 8.890633e+03
7.216500e+02 8.890633e+03
7.216000e+02 8.722400e+03
7.215500e+02 8.722400e+03
7.215000e+02 8.570900e+03
7.214500e+02 8.570900e+03
7.214000e+02 8.396667e+03
7.213500e+02 8.396667e+03
7.213000e+02 8.172033e+03
7.212500e+02 8.172033e+03
7.212000e+02 8.009933e+03
7.211500e+02 8.009933e+03
7.211000e+02 7.884167e+03
7.210500e+02 7.884167e+03
7.210000e+02 7.746600e+03
7.209500e+02 7.746600e+03
7.209000e+02 7.588267e+03
7.208500e+02 7.588267e+03
7.208000e+02 7.434167e+03
7.207500e+02 7.434167e+03
7.207000e+02 7.351767e+03
7.206500e+02 7.351767e+03
7.206000e+02 7.208533e+03
7.205500e+02 7.208533e+03
7.205000e+02 7.108000e+03
7.204500e+02 7.108000e+03
7.204000e+02 7.082533e+03
7.203500e+02 7.082533e+03
7.203000e+02 7.026300e+03
7.202500e+02 7.026300e+03
7.202000e+02 6.912933e+03
7.201500e+02 6.912933e+03
7.201000e+02 6.911700e+03
7.200500e+02 6.911700e+03
7.200000e+02 6.892500e+03
7.199500e+02 6.892500e+03
7.199000e+02 6.842933e+03
7.198500e+02 6.842933e+03
7.198000e+02 6.770333e+03
7.197500e+02 6.770333e+03
7.197000e+02 6.802867e+03
7.196500e+02 6.802867e+03
7.196000e+02 6.767533e+03
7.195500e+02 6.767533e+03
7.195000e+02 6.737500e+03
7.194500e+02 6.737500e+03
7.194000e+02 6.699233e+03
7.193500e+02 6.699233e+03
7.193000e+02 6.675233e+03
7.192500e+02 6.675233e+03
7.192000e+02 6.686633e+03
7.191500e+02 6.686633e+03
7.191000e+02 6.688167e+03
7.190500e+02 6.688167e+03
7.190000e+02 6.621833e+03
7.189500e+02 6.621833e+03
7.189000e+02 6.645133e+03
7.188500e+02 6.645133e+03
7.188000e+02 6.651633e+03
7.187500e+02 6.651633e+03
7.187000e+02 6.631433e+03
7.186500e+02 6.631433e+03
7.186000e+02 6.620033e+03
7.185500e+02 6.620033e+03
7.185000e+02 6.615433e+03
7.184500e+02 6.615433e+03
7.184000e+02 6.625033e+03
7.183500e+02 6.625033e+03
7.183000e+02 6.642867e+03
7.182500e+02 6.642867e+03
7.182000e+02 6.677000e+03
7.181500e+02 6.677000e+03
7.181000e+02 6.691267e+03
7.180500e+02 6.691267e+03
7.180000e+02 6.718833e+03
7.179500e+02 6.718833e+03
7.179000e+02 6.668400e+03
7.178500e+02 6.668400e+03
7.178000e+02 6.742233e+03
7.177500e+02 6.742233e+03
7.177000e+02 6.800467e+03
7.176500e+02 6.800467e+03
7.176000e+02 6.776200e+03
7.175500e+02 6.776200e+03
7.175000e+02 6.784633e+03
7.174500e+02 6.784633e+03
7.174000e+02 6.850967e+03
7.173500e+02 6.850967e+03
7.173000e+02 6.858600e+03
7.172500e+02 6.858600e+03
7.172000e+02 6.873767e+03
7.171500e+02 6.873767e+03
7.171000e+02 6.887967e+03
7.170500e+02 6.887967e+03
7.170000e+02 6.913067e+03
7.169500e+02 6.913067e+03
7.169000e+02 6.966733e+03
7.168500e+02 6.966733e+03
7.168000e+02 6.975200e+03
7.167500e+02 6.975200e+03
7.167000e+02 7.024000e+03
7.166500e+02 7.024000e+03
7.166000e+02 7.125667e+03
7.165500e+02 7.125667e+03
7.165000e+02 7.064967e+03
7.164500e+02 7.064967e+03
7.164000e+02 7.027133e+03
7.163500e+02 7.027133e+03
7.163000e+02 7.082967e+03
7.162500e+02 7.082967e+03
7.162000e+02 7.127600e+03
7.161500e+02 7.127600e+03
7.161000e+02 7.128533e+03
7.160500e+02 7.128533e+03
7.160000e+02 7.175867e+03
7.159500e+02 7.175867e+03
7.159000e+02 7.223300e+03
7.158500e+02 7.223300e+03
7.158000e+02 7.181167e+03
7.157500e+02 7.181167e+03
7.157000e+02 7.223600e+03
7.156500e+02 7.223600e+03
7.156000e+02 7.259900e+03
7.155500e+02 7.259900e+03
7.155000e+02 7.248333e+03
7.154500e+02 7.248333e+03
7.154000e+02 7.285933e+03
7.153500e+02 7.285933e+03
7.153000e+02 7.303400e+03
7.152500e+02 7.303400e+03
7.152000e+02 7.343200e+03
7.151500e+02 7.343200e+03
7.151000e+02 7.320267e+03
7.150500e+02 7.320267e+03
7.150000e+02 7.350200e+03
7.149500e+02 7.350200e+03
7.149000e+02 7.424100e+03
7.148500e+02 7.424100e+03
7.148000e+02 7.405933e+03
7.147500e+02 7.405933e+03
7.147000e+02 7.440633e+03
7.146500e+02 7.440633e+03
7.146000e+02 7.487600e+03
7.145500e+02 7.487600e+03
7.145000e+02 7.565567e+03
7.144500e+02 7.565567e+03
7.144000e+02 7.576667e+03
7.143500e+02 7.576667e+03
7.143000e+02 7.609633e+03
7.142500e+02 7.609633e+03
7.142000e+02 7.690233e+03
7.141500e+02 7.690233e+03
7.141000e+02 7.713167e+03
7.140500e+02 7.713167e+03
7.140000e+02 7.778067e+03
7.139500e+02 7.778067e+03
7.139000e+02 7.822833e+03
7.138500e+02 7.822833e+03
7.138000e+02 7.894267e+03
7.137500e+02 7.894267e+03
7.137000e+02 8.048767e+03
7.136500e+02 8.048767e+03
7.136000e+02 8.116700e+03
7.135500e+02 8.116700e+03
7.135000e+02 8.140333e+03
7.134500e+02 8.140333e+03
7.134000e+02 8.267300e+03
7.133500e+02 8.267300e+03
7.133000e+02 8.294333e+03
7.132500e+02 8.294333e+03
7.132000e+02 8.380967e+03
7.131500e+02 8.380967e+03
7.131000e+02 8.482000e+03
7.130500e+02 8.482000e+03
7.130000e+02 8.523867e+03
7.129500e+02 8.523867e+03
7.129000e+02 8.621033e+03
7.128500e+02 8.621033e+03
7.128000e+02 8.694067e+03
7.127500e+02 8.694067e+03
7.127000e+02 8.825367e+03
7.126500e+02 8.825367e+03
7.126000e+02 8.984533e+03
7.125500e+02 8.984533e+03
7.125000e+02 9.088000e+03
7.124500e+02 9.088000e+03
7.124000e+02 9.125000e+03
7.123500e+02 9.125000e+03
7.123000e+02 9.130633e+03
7.122500e+02 9.130633e+03
7.122000e+02 9.220867e+03
7.121500e+02 9.220867e+03
7.121000e+02 9.360900e+03
7.120500e+02 9.360900e+03
7.120000e+02 9.462333e+03
7.119500e+02 9.462333e+03
7.119000e+02 9.537200e+03
7.118500e+02 9.537200e+03
7.118000e+02 9.661200e+03
7.117500e+02 9.661200e+03
7.117000e+02 9.766767e+03
7.116500e+02 9.766767e+03
7.116000e+02 9.870900e+03
7.115500e+02 9.870900e+03
7.115000e+02 9.990267e+03
7.114500e+02 9.990267e+03
7.114000e+02 1.004200e+04
7.113500e+02 1.004200e+04
7.113000e+02 1.013073e+04
7.112500e+02 1.013073e+04
7.112000e+02 1.027827e+04
7.111500e+02 1.027827e+04
7.111000e+02 1.035723e+04
7.110500e+02 1.035723e+04
7.110000e+02 1.048970e+04
7.109500e+02 1.048970e+04
7.109000e+02 1.052650e+04
7.108500e+02 1.052650e+04
7.108000e+02 1.064270e+04
7.107500e+02 1.064270e+04
7.107000e+02 1.065450e+04
7.106500e+02 1.065450e+04
7.106000e+02 1.064370e+04
7.105500e+02 1.064370e+04
7.105000e+02 1.070253e+04
7.104500e+02 1.070253e+04
7.104000e+02 1.075817e+04
7.103500e+02 1.075817e+04
7.103000e+02 1.078440e+04
7.102500e+02 1.078440e+04
7.102000e+02 1.082403e+04
7.101500e+02 1.082403e+04
7.101000e+02 1.082290e+04
7.100500e+02 1.082290e+04
7.100000e+02 1.085057e+04
7.099500e+02 1.085057e+04
7.099000e+02 1.074340e+04
7.098500e+02 1.074340e+04
7.098000e+02 1.074970e+04
7.097500e+02 1.074970e+04
7.097000e+02 1.060737e+04
7.096500e+02 1.060737e+04
7.096000e+02 1.045810e+04
7.095500e+02 1.045810e+04
7.095000e+02 1.037547e+04
7.094500e+02 1.037547e+04
7.094000e+02 1.023713e+04
7.093500e+02 1.023713e+04
7.093000e+02 1.010550e+04
7.092500e+02 1.010550e+04
7.092000e+02 9.929867e+03
7.091500e+02 9.929867e+03
7.091000e+02 9.812300e+03
7.090500e+02 9.812300e+03
7.090000e+02 9.654067e+03
7.089500e+02 9.654067e+03
7.089000e+02 9.482300e+03
7.088500e+02 9.482300e+03
7.088000e+02 9.257000e+03
7.087500e+02 9.257000e+03
7.087000e+02 9.045267e+03
7.086500e+02 9.045267e+03
7.086000e+02 8.819500e+03
7.085500e+02 8.819500e+03
7.085000e+02 8.510300e+03
7.084500e+02 8.510300e+03
7.084000e+02 8.226867e+03
7.083500e+02 8.226867e+03
7.083000e+02 7.851700e+03
7.082500e+02 7.851700e+03
7.082000e+02 7.399433e+03
7.081500e+02 7.399433e+03
7.081000e+02 6.984433e+03
7.080500e+02 6.984433e+03
7.080000e+02 6.519767e+03
7.079500e+02 6.519767e+03
7.079000e+02 5.980000e+03
7.078500e+02 5.980000e+03
7.078000e+02 5.472333e+03
7.077500e+02 5.472333e+03
7.077000e+02 4.949500e+03
7.076500e+02 4.949500e+03
7.076000e+02 4.435167e+03
7.075500e+02 4.435167e+03
7.075000e+02 3.995733e+03
7.074500e+02 3.995733e+03
7.074000e+02 3.569400e+03
7.073500e+02 3.569400e+03
7.073000e+02 3.241057e+03
7.072500e+02 3.241057e+03
7.072000e+02 2.975783e+03
7.071500e+02 2.975783e+03
7.071000e+02 2.739663e+03
7.070500e+02 2.739663e+03
7.070000e+02 2.550927e+03
7.069500e+02 2.550927e+03
7.069000e+02 2.405537e+03
7.068500e+02 2.405537e+03
7.068000e+02 2.278723e+03
7.067500e+02 2.278723e+03
7.067000e+02 2.177050e+03
7.066500e+02 2.177050e+03
7.066000e+02 2.078737e+03
7.065500e+02 2.078737e+03
7.065000e+02 2.006690e+03
7.064500e+02 2.006690e+03
7.064000e+02 1.925757e+03
7.063500e+02 1.925757e+03
7.063000e+02 1.855890e+03
7.062500e+02 1.855890e+03
7.062000e+02 1.758757e+03
7.061500e+02 1.758757e+03
7.061000e+02 1.746720e+03
7.060500e+02 1.746720e+03
7.060000e+02 1.707240e+03
7.059500e+02 1.707240e+03
7.059000e+02 1.665857e+03
7.058500e+02 1.665857e+03
7.058000e+02 1.599720e+03
7.057500e+02 1.599720e+03
7.057000e+02 1.588507e+03
7.056500e+02 1.588507e+03
7.056000e+02 1.575003e+03
7.055500e+02 1.575003e+03
7.055000e+02 1.571470e+03
7.054500e+02 1.571470e+03
7.054000e+02 1.530537e+03
7.053500e+02 1.530537e+03
7.053000e+02 1.520243e+03
7.052500e+02 1.520243e+03
7.052000e+02 1.505500e+03
7.051500e+02 1.505500e+03
7.051000e+02 1.495593e+03
7.050500e+02 1.495593e+03
7.050000e+02 1.494720e+03
7.049500e+02 1.494720e+03
7.049000e+02 1.480827e+03
7.048500e+02 1.480827e+03
7.048000e+02 1.477000e+03
7.047500e+02 1.477000e+03
7.047000e+02 1.470380e+03
7.046500e+02 1.470380e+03
7.046000e+02 1.478960e+03
7.045500e+02 1.478960e+03
7.045000e+02 1.460947e+03
7.044500e+02 1.460947e+03
7.044000e+02 1.469517e+03
7.043500e+02 1.469517e+03
7.043000e+02 1.423970e+03
7.042500e+02 1.423970e+03
7.042000e+02 1.439293e+03
7.041500e+02 1.439293e+03
7.041000e+02 1.450637e+03
7.040500e+02 1.450637e+03
7.040000e+02 1.445977e+03
7.039500e+02 1.445977e+03
7.039000e+02 1.440690e+03
7.038500e+02 1.440690e+03
7.038000e+02 1.411430e+03
7.037500e+02 1.411430e+03
7.037000e+02 1.397950e+03
7.036500e+02 1.397950e+03
7.036000e+02 1.408860e+03
7.035500e+02 1.408860e+03
7.035000e+02 1.411027e+03
7.034500e+02 1.411027e+03
7.034000e+02 1.419740e+03
7.033500e+02 1.419740e+03
7.033000e+02 1.440900e+03
7.032500e+02 1.440900e+03
7.032000e+02 1.438947e+03
7.031500e+02 1.438947e+03
7.031000e+02 1.396767e+03
7.030500e+02 1.396767e+03
7.030000e+02 1.382017e+03
7.029500e+02 1.382017e+03
7.029000e+02 1.386070e+03
7.028500e+02 1.386070e+03
7.028000e+02 1.411787e+03
7.027500e+02 1.411787e+03
7.027000e+02 1.393217e+03
7.026500e+02 1.393217e+03
7.026000e+02 1.398320e+03
7.025500e+02 1.398320e+03
7.025000e+02 1.376687e+03
7.024500e+02 1.376687e+03
7.024000e+02 1.363020e+03
7.023500e+02 1.363020e+03
7.023000e+02 1.384043e+03
7.022500e+02 1.384043e+03
7.022000e+02 1.377813e+03
7.021500e+02 1.377813e+03
7.021000e+02 1.373040e+03
7.020500e+02 1.373040e+03
7.020000e+02 1.382780e+03
7.019500e+02 1.382780e+03
7.019000e+02 1.393430e+03
7.018500e+02 1.393430e+03
7.018000e+02 1.372170e+03
7.017500e+02 1.372170e+03
7.017000e+02 1.376917e+03
7.016500e+02 1.376917e+03
7.016000e+02 1.360480e+03
7.015500e+02 1.360480e+03
7.015000e+02 1.386633e+03
7.014500e+02 1.386633e+03
7.014000e+02 1.384823e+03
7.013500e+02 1.384823e+03
7.013000e+02 1.364783e+03
7.012500e+02 1.364783e+03
7.012000e+02 1.357253e+03
7.011500e+02 1.357253e+03
7.011000e+02 1.372947e+03
7.010500e+02 1.372947e+03
7.010000e+02 1.367623e+03
7.009500e+02 1.367623e+03
7.009000e+02 1.374473e+03
7.008500e+02 1.374473e+03
7.008000e+02 1.374320e+03
7.007500e+02 1.374320e+03
7.007000e+02 1.366130e+03
7.006500e+02 1.366130e+03
7.006000e+02 1.361213e+03
7.005500e+02 1.361213e+03
7.005000e+02 1.360507e+03
7.004500e+02 1.360507e+03
7.004000e+02 1.342037e+03
7.003500e+02 1.342037e+03
7.003000e+02 1.361763e+03
7.002500e+02 1.361763e+03
7.002000e+02 1.363607e+03
7.001500e+02 1.363607e+03
7.001000e+02 1.362503e+03
7.000500e+02 1.362503e+03
7.000000e+02 1.380137e+03
6.999500e+02 1.380137e+03
6.999000e+02 1.357783e+03
6.998500e+02 1.357783e+03
6.998000e+02 1.340927e+03
6.997500e+02 1.340927e+03
6.997000e+02 1.363583e+03
6.996500e+02 1.363583e+03
6.996000e+02 1.369200e+03
6.995500e+02 1.369200e+03
6.995000e+02 1.367620e+03
6.994500e+02 1.367620e+03
6.994000e+02 1.377020e+03
6.993500e+02 1.377020e+03
6.993000e+02 1.343527e+03
6.992500e+02 1.343527e+03
6.992000e+02 1.375820e+03
6.991500e+02 1.375820e+03
6.991000e+02 1.368243e+03
6.990500e+02 1.368243e+03
6.990000e+02 1.371020e+03
6.989500e+02 1.371020e+03
6.989000e+02 1.373133e+03
6.988500e+02 1.373133e+03
6.988000e+02 1.375910e+03
6.987500e+02 1.375910e+03
6.987000e+02 1.354397e+03
6.986500e+02 1.354397e+03
6.986000e+02 1.361047e+03
6.985500e+02 1.361047e+03
6.985000e+02 1.364103e+03
6.984500e+02 1.364103e+03
6.984000e+02 1.351920e+03
6.983500e+02 1.351920e+03
6.983000e+02 1.362323e+03
6.982500e+02 1.362323e+03
6.982000e+02 1.360400e+03
6.981500e+02 1.360400e+03
6.981000e+02 1.370957e+03
6.980500e+02 1.370957e+03
6.980000e+02 1.373163e+03
6.979500e+02 1.373163e+03
6.979000e+02 1.366277e+03
6.978500e+02 1.366277e+03
6.978000e+02 1.356917e+03
6.977500e+02 1.356917e+03
6.977000e+02 1.336717e+03
6.976500e+02 1.336717e+03
6.976000e+02 1.352740e+03
6.975500e+02 1.352740e+03
6.975000e+02 1.360757e+03
6.974500e+02 1.360757e+03
6.974000e+02 1.348410e+03
6.973500e+02 1.348410e+03
6.973000e+02 1.363610e+03
6.972500e+02 1.363610e+03
6.972000e+02 1.358327e+03
6.971500e+02 1.358327e+03
6.971000e+02 1.378223e+03
6.970500e+02 1.378223e+03
6.970000e+02 1.374957e+03
6.969500e+02 1.374957e+03
6.969000e+02 1.342203e+03
6.968500e+02 1.342203e+03
6.968000e+02 1.354467e+03
6.967500e+02 1.354467e+03
6.967000e+02 1.350710e+03
6.966500e+02 1.350710e+03
6.966000e+02 1.368343e+03
6.965500e+02 1.368343e+03
6.965000e+02 1.349913e+03
6.964500e+02 1.349913e+03
6.964000e+02 1.363033e+03
6.963500e+02 1.363033e+03
6.963000e+02 1.361147e+03
6.962500e+02 1.361147e+03
6.962000e+02 1.353133e+03
6.961500e+02 1.353133e+03
6.961000e+02 1.378443e+03
6.960500e+02 1.378443e+03
6.960000e+02 1.377210e+03
6.959500e+02 1.377210e+03
6.959000e+02 1.366790e+03
6.958500e+02 1.366790e+03
6.958000e+02 1.356927e+03
6.957500e+02 1.356927e+03
6.957000e+02 1.348240e+03
6.956500e+02 1.348240e+03
6.956000e+02 1.355943e+03
6.955500e+02 1.355943e+03
6.955000e+02 1.348150e+03
6.954500e+02 1.348150e+03
6.954000e+02 1.351043e+03
6.953500e+02 1.351043e+03
6.953000e+02 1.334493e+03
6.952500e+02 1.334493e+03
6.952000e+02 1.360187e+03
6.951500e+02 1.360187e+03
6.951000e+02 1.360323e+03
6.950500e+02 1.360323e+03
6.950000e+02 1.368737e+03
6.949500e+02 1.368737e+03
6.949000e+02 1.357600e+03
6.948500e+02 1.357600e+03
6.948000e+02 1.328237e+03
6.947500e+02 1.328237e+03
6.947000e+02 1.359173e+03
6.946500e+02 1.359173e+03
6.946000e+02 1.362587e+03
6.945500e+02 1.362587e+03
6.945000e+02 1.364543e+03
6.944500e+02 1.364543e+03
6.944000e+02 1.366103e+03
6.943500e+02 1.366103e+03
6.943000e+02 1.357580e+03
6.942500e+02 1.357580e+03
6.942000e+02 1.381027e+03
6.941500e+02 1.381027e+03
6.941000e+02 1.352003e+03
6.940500e+02 1.352003e+03
6.940000e+02 1.346400e+03
