Fe2p Fe2O3
7.700000e+002	5.792367e+003		
7.699000e+002	5.779400e+003		
7.698000e+002	5.779667e+003		
7.697000e+002	5.727200e+003		
7.696000e+002	5.772567e+003		
7.695000e+002	5.772267e+003		
7.694000e+002	5.773433e+003		
7.693000e+002	5.814900e+003		
7.692000e+002	5.759000e+003		
7.691000e+002	5.682667e+003		
7.690000e+002	5.750200e+003		
7.689000e+002	5.745833e+003		
7.688000e+002	5.764667e+003		
7.687000e+002	5.680767e+003		
7.686000e+002	5.695733e+003		
7.685000e+002	5.755933e+003		
7.684000e+002	5.758133e+003		
7.683000e+002	5.622400e+003		
7.682000e+002	5.605767e+003		
7.681000e+002	5.676500e+003		
7.680000e+002	5.749867e+003		
7.679000e+002	5.694000e+003		
7.678000e+002	5.709133e+003		
7.677000e+002	5.631933e+003		
7.676000e+002	5.581867e+003		
7.675000e+002	5.573900e+003		
7.674000e+002	5.558000e+003		
7.673000e+002	5.588967e+003		
7.672000e+002	5.561967e+003		
7.671000e+002	5.536233e+003		
7.670000e+002	5.507167e+003		
7.669000e+002	5.525100e+003		
7.668000e+002	5.495500e+003		
7.667000e+002	5.493700e+003		
7.666000e+002	5.458100e+003		
7.665000e+002	5.481367e+003		
7.664000e+002	5.489300e+003		
7.663000e+002	5.413433e+003		
7.662000e+002	5.499167e+003		
7.661000e+002	5.439133e+003		
7.660000e+002	5.399667e+003		
7.659000e+002	5.420700e+003		
7.658000e+002	5.440733e+003		
7.657000e+002	5.411900e+003		
7.656000e+002	5.381933e+003		
7.655000e+002	5.382967e+003		
7.654000e+002	5.389300e+003		
7.653000e+002	5.371600e+003		
7.652000e+002	5.417700e+003		
7.651000e+002	5.388633e+003		
7.650000e+002	5.338533e+003		
7.649000e+002	5.355433e+003		
7.648000e+002	5.365500e+003		
7.647000e+002	5.378000e+003		
7.646000e+002	5.379267e+003		
7.645000e+002	5.362967e+003		
7.644000e+002	5.346067e+003		
7.643000e+002	5.434500e+003		
7.642000e+002	5.363533e+003		
7.641000e+002	5.358333e+003		
7.640000e+002	5.348900e+003		
7.639000e+002	5.322867e+003		
7.638000e+002	5.378867e+003		
7.637000e+002	5.393633e+003		
7.636000e+002	5.368100e+003		
7.635000e+002	5.316400e+003		
7.634000e+002	5.356833e+003		
7.633000e+002	5.363033e+003		
7.632000e+002	5.383700e+003		
7.631000e+002	5.381200e+003		
7.630000e+002	5.384367e+003		
7.629000e+002	5.337767e+003		
7.628000e+002	5.339467e+003		
7.627000e+002	5.314733e+003		
7.626000e+002	5.342433e+003		
7.625000e+002	5.389300e+003		
7.624000e+002	5.323533e+003		
7.623000e+002	5.290133e+003		
7.622000e+002	5.325500e+003		
7.621000e+002	5.324867e+003		
7.620000e+002	5.327467e+003		
7.619000e+002	5.355033e+003		
7.618000e+002	5.358133e+003		
7.617000e+002	5.391733e+003		
7.616000e+002	5.329833e+003		
7.615000e+002	5.320900e+003		
7.614000e+002	5.411800e+003		
7.613000e+002	5.402033e+003		
7.612000e+002	5.251300e+003		
7.611000e+002	5.351567e+003		
7.610000e+002	5.425833e+003		
7.609000e+002	5.433433e+003		
7.608000e+002	5.307000e+003		
7.607000e+002	5.328900e+003		
7.606000e+002	5.364133e+003		
7.605000e+002	5.344933e+003		
7.604000e+002	5.383467e+003		
7.603000e+002	5.342667e+003		
7.602000e+002	5.350300e+003		
7.601000e+002	5.384533e+003		
7.600000e+002	5.394333e+003		
7.599000e+002	5.422800e+003		
7.598000e+002	5.347867e+003		
7.597000e+002	5.414033e+003		
7.596000e+002	5.414033e+003		
7.595000e+002	5.387700e+003		
7.594000e+002	5.460067e+003		
7.593000e+002	5.395367e+003		
7.592000e+002	5.388633e+003		
7.591000e+002	5.353833e+003		
7.590000e+002	5.375933e+003		
7.589000e+002	5.456500e+003		
7.588000e+002	5.480067e+003		
7.587000e+002	5.479767e+003		
7.586000e+002	5.408233e+003		
7.585000e+002	5.350767e+003		
7.584000e+002	5.408467e+003		
7.583000e+002	5.371867e+003		
7.582000e+002	5.425200e+003		
7.581000e+002	5.488100e+003		
7.580000e+002	5.539333e+003		
7.579000e+002	5.461033e+003		
7.578000e+002	5.433767e+003		
7.577000e+002	5.426100e+003		
7.576000e+002	5.422500e+003		
7.575000e+002	5.425867e+003		
7.574000e+002	5.460733e+003		
7.573000e+002	5.458500e+003		
7.572000e+002	5.500900e+003		
7.571000e+002	5.483967e+003		
7.570000e+002	5.546500e+003		
7.569000e+002	5.464967e+003		
7.568000e+002	5.477267e+003		
7.567000e+002	5.496267e+003		
7.566000e+002	5.441200e+003		
7.565000e+002	5.460933e+003		
7.564000e+002	5.464400e+003		
7.563000e+002	5.473267e+003		
7.562000e+002	5.482567e+003		
7.561000e+002	5.444767e+003		
7.560000e+002	5.521867e+003		
7.559000e+002	5.493567e+003		
7.558000e+002	5.561933e+003		
7.557000e+002	5.491367e+003		
7.556000e+002	5.534233e+003		
7.555000e+002	5.585000e+003		
7.554000e+002	5.515633e+003		
7.553000e+002	5.502433e+003		
7.552000e+002	5.490033e+003		
7.551000e+002	5.536400e+003		
7.550000e+002	5.534533e+003		
7.549000e+002	5.491900e+003		
7.548000e+002	5.497200e+003		
7.547000e+002	5.551600e+003		
7.546000e+002	5.445567e+003		
7.545000e+002	5.486567e+003		
7.544000e+002	5.545500e+003		
7.543000e+002	5.478533e+003		
7.542000e+002	5.479267e+003		
7.541000e+002	5.543267e+003		
7.540000e+002	5.591033e+003		
7.539000e+002	5.565500e+003		
7.538000e+002	5.548200e+003		
7.537000e+002	5.502233e+003		
7.536000e+002	5.556267e+003		
7.535000e+002	5.551633e+003		
7.534000e+002	5.586400e+003		
7.533000e+002	5.545267e+003		
7.532000e+002	5.572133e+003		
7.531000e+002	5.566667e+003		
7.530000e+002	5.564533e+003		
7.529000e+002	5.555733e+003		
7.528000e+002	5.623433e+003		
7.527000e+002	5.601033e+003		
7.526000e+002	5.689400e+003		
7.525000e+002	5.635000e+003		
7.524000e+002	5.571200e+003		
7.523000e+002	5.619300e+003		
7.522000e+002	5.623933e+003		
7.521000e+002	5.579100e+003		
7.520000e+002	5.600800e+003		
7.519000e+002	5.655267e+003		
7.518000e+002	5.650967e+003		
7.517000e+002	5.577467e+003		
7.516000e+002	5.619267e+003		
7.515000e+002	5.636267e+003		
7.514000e+002	5.551700e+003		
7.513000e+002	5.655800e+003		
7.512000e+002	5.601533e+003		
7.511000e+002	5.586567e+003		
7.510000e+002	5.596067e+003		
7.509000e+002	5.703400e+003		
7.508000e+002	5.648667e+003		
7.507000e+002	5.667033e+003		
7.506000e+002	5.671000e+003		
7.505000e+002	5.632233e+003		
7.504000e+002	5.657700e+003		
7.503000e+002	5.706200e+003		
7.502000e+002	5.679433e+003		
7.501000e+002	5.648433e+003		
7.500000e+002	5.586033e+003		
7.499000e+002	5.593167e+003		
7.498000e+002	5.663533e+003		
7.497000e+002	5.647100e+003		
7.496000e+002	5.651367e+003		
7.495000e+002	5.704567e+003		
7.494000e+002	5.674667e+003		
7.493000e+002	5.654567e+003		
7.492000e+002	5.707467e+003		
7.491000e+002	5.657300e+003		
7.490000e+002	5.687567e+003		
7.489000e+002	5.688000e+003		
7.488000e+002	5.739467e+003		
7.487000e+002	5.771567e+003		
7.486000e+002	5.731733e+003		
7.485000e+002	5.724267e+003		
7.484000e+002	5.760467e+003		
7.483000e+002	5.751267e+003		
7.482000e+002	5.779967e+003		
7.481000e+002	5.777700e+003		
7.480000e+002	5.761567e+003		
7.479000e+002	5.717467e+003		
7.478000e+002	5.773933e+003		
7.477000e+002	5.808933e+003		
7.476000e+002	5.767467e+003		
7.475000e+002	5.788500e+003		
7.474000e+002	5.757033e+003		
7.473000e+002	5.832100e+003		
7.472000e+002	5.767067e+003		
7.471000e+002	5.746800e+003		
7.470000e+002	5.705200e+003		
7.469000e+002	5.705700e+003		
7.468000e+002	5.732000e+003		
7.467000e+002	5.763100e+003		
7.466000e+002	5.834667e+003		
7.465000e+002	5.830733e+003		
7.464000e+002	5.832467e+003		
7.463000e+002	5.820700e+003		
7.462000e+002	5.776200e+003		
7.461000e+002	5.740367e+003		
7.460000e+002	5.761567e+003		
7.459000e+002	5.812867e+003		
7.458000e+002	5.776533e+003		
7.457000e+002	5.773733e+003		
7.456000e+002	5.770967e+003		
7.455000e+002	5.836700e+003		
7.454000e+002	5.823133e+003		
7.453000e+002	5.826667e+003		
7.452000e+002	5.881967e+003		
7.451000e+002	5.867033e+003		
7.450000e+002	5.936600e+003		
7.449000e+002	5.938867e+003		
7.448000e+002	5.971267e+003		
7.447000e+002	5.942400e+003		
7.446000e+002	5.954433e+003		
7.445000e+002	5.935000e+003		
7.444000e+002	5.996533e+003		
7.443000e+002	5.987300e+003		
7.442000e+002	6.041467e+003		
7.441000e+002	6.079867e+003		
7.440000e+002	6.136433e+003		
7.439000e+002	6.140300e+003		
7.438000e+002	6.166867e+003		
7.437000e+002	6.203767e+003		
7.436000e+002	6.256667e+003		
7.435000e+002	6.196567e+003		
7.434000e+002	6.270867e+003		
7.433000e+002	6.260433e+003		
7.432000e+002	6.282400e+003		
7.431000e+002	6.279433e+003		
7.430000e+002	6.277367e+003		
7.429000e+002	6.325600e+003		
7.428000e+002	6.290600e+003		
7.427000e+002	6.307133e+003		
7.426000e+002	6.303233e+003		
7.425000e+002	6.314167e+003		
7.424000e+002	6.327633e+003		
7.423000e+002	6.295633e+003		
7.422000e+002	6.352000e+003		
7.421000e+002	6.389867e+003		
7.420000e+002	6.327900e+003		
7.419000e+002	6.326800e+003		
7.418000e+002	6.313333e+003		
7.417000e+002	6.305300e+003		
7.416000e+002	6.236000e+003		
7.415000e+002	6.246567e+003		
7.414000e+002	6.242267e+003		
7.413000e+002	6.253200e+003		
7.412000e+002	6.180633e+003		
7.411000e+002	6.250033e+003		
7.410000e+002	6.254867e+003		
7.409000e+002	6.136567e+003		
7.408000e+002	6.104367e+003		
7.407000e+002	6.175433e+003		
7.406000e+002	6.149267e+003		
7.405000e+002	6.130200e+003		
7.404000e+002	6.098567e+003		
7.403000e+002	6.093733e+003		
7.402000e+002	6.066567e+003		
7.401000e+002	6.028600e+003		
7.400000e+002	6.125267e+003		
7.399000e+002	6.150767e+003		
7.398000e+002	6.106733e+003		
7.397000e+002	6.090400e+003		
7.396000e+002	6.141067e+003		
7.395000e+002	6.024233e+003		
7.394000e+002	6.027667e+003		
7.393000e+002	6.112300e+003		
7.392000e+002	6.061900e+003		
7.391000e+002	6.044533e+003		
7.390000e+002	5.958733e+003		
7.389000e+002	6.011500e+003		
7.388000e+002	6.074667e+003		
7.387000e+002	6.039733e+003		
7.386000e+002	6.123800e+003		
7.385000e+002	6.045967e+003		
7.384000e+002	6.097267e+003		
7.383000e+002	6.205400e+003		
7.382000e+002	6.111500e+003		
7.381000e+002	6.109000e+003		
7.380000e+002	6.094300e+003		
7.379000e+002	6.153467e+003		
7.378000e+002	6.183833e+003		
7.377000e+002	6.199967e+003		
7.376000e+002	6.270000e+003		
7.375000e+002	6.256500e+003		
7.374000e+002	6.245100e+003		
7.373000e+002	6.308033e+003		
7.372000e+002	6.260767e+003		
7.371000e+002	6.275433e+003		
7.370000e+002	6.299467e+003		
7.369000e+002	6.374300e+003		
7.368000e+002	6.387800e+003		
7.367000e+002	6.381533e+003		
7.366000e+002	6.381233e+003		
7.365000e+002	6.455900e+003		
7.364000e+002	6.411067e+003		
7.363000e+002	6.448600e+003		
7.362000e+002	6.467267e+003		
7.361000e+002	6.461933e+003		
7.360000e+002	6.464400e+003		
7.359000e+002	6.460933e+003		
7.358000e+002	6.481533e+003		
7.357000e+002	6.513167e+003		
7.356000e+002	6.528733e+003		
7.355000e+002	6.605400e+003		
7.354000e+002	6.623300e+003		
7.353000e+002	6.705467e+003		
7.352000e+002	6.655567e+003		
7.351000e+002	6.745767e+003		
7.350000e+002	6.711967e+003		
7.349000e+002	6.716633e+003		
7.348000e+002	6.719600e+003		
7.347000e+002	6.823133e+003		
7.346000e+002	6.892200e+003		
7.345000e+002	6.840700e+003		
7.344000e+002	6.915600e+003		
7.343000e+002	6.945900e+003		
7.342000e+002	7.008867e+003		
7.341000e+002	6.956333e+003		
7.340000e+002	6.966100e+003		
7.339000e+002	6.994333e+003		
7.338000e+002	7.053967e+003		
7.337000e+002	7.075900e+003		
7.336000e+002	7.032833e+003		
7.335000e+002	7.165033e+003		
7.334000e+002	7.123467e+003		
7.333000e+002	7.108833e+003		
7.332000e+002	7.077333e+003		
7.331000e+002	7.146833e+003		
7.330000e+002	7.141000e+003		
7.329000e+002	7.130600e+003		
7.328000e+002	7.120000e+003		
7.327000e+002	7.133567e+003		
7.326000e+002	7.207667e+003		
7.325000e+002	7.155000e+003		
7.324000e+002	7.206100e+003		
7.323000e+002	7.249933e+003		
7.322000e+002	7.169667e+003		
7.321000e+002	7.177133e+003		
7.320000e+002	7.180867e+003		
7.319000e+002	7.178400e+003		
7.318000e+002	7.166933e+003		
7.317000e+002	7.127300e+003		
7.316000e+002	7.113933e+003		
7.315000e+002	7.026867e+003		
7.314000e+002	7.084400e+003		
7.313000e+002	7.088800e+003		
7.312000e+002	7.066933e+003		
7.311000e+002	7.021933e+003		
7.310000e+002	7.021767e+003		
7.309000e+002	6.999233e+003		
7.308000e+002	7.058333e+003		
7.307000e+002	7.004067e+003		
7.306000e+002	6.934800e+003		
7.305000e+002	6.973367e+003		
7.304000e+002	6.982500e+003		
7.303000e+002	6.934800e+003		
7.302000e+002	7.037133e+003		
7.301000e+002	6.963633e+003		
7.300000e+002	6.992833e+003		
7.299000e+002	7.076733e+003		
7.298000e+002	7.005967e+003		
7.297000e+002	7.073767e+003		
7.296000e+002	7.015833e+003		
7.295000e+002	7.026333e+003		
7.294000e+002	7.023033e+003		
7.293000e+002	7.044167e+003		
7.292000e+002	7.073200e+003		
7.291000e+002	7.119700e+003		
7.290000e+002	7.154867e+003		
7.289000e+002	7.210367e+003		
7.288000e+002	7.252700e+003		
7.287000e+002	7.263733e+003		
7.286000e+002	7.303433e+003		
7.285000e+002	7.307300e+003		
7.284000e+002	7.391400e+003		
7.283000e+002	7.488833e+003		
7.282000e+002	7.490300e+003		
7.281000e+002	7.574567e+003		
7.280000e+002	7.543733e+003		
7.279000e+002	7.622400e+003		
7.278000e+002	7.678600e+003		
7.277000e+002	7.717133e+003		
7.276000e+002	7.767500e+003		
7.275000e+002	7.872567e+003		
7.274000e+002	7.838233e+003		
7.273000e+002	7.907267e+003		
7.272000e+002	8.103733e+003		
7.271000e+002	8.152833e+003		
7.270000e+002	8.180500e+003		
7.269000e+002	8.246433e+003		
7.268000e+002	8.324800e+003		
7.267000e+002	8.305867e+003		
7.266000e+002	8.382300e+003		
7.265000e+002	8.430567e+003		
7.264000e+002	8.432033e+003		
7.263000e+002	8.599633e+003		
7.262000e+002	8.639967e+003		
7.261000e+002	8.767733e+003		
7.260000e+002	8.838267e+003		
7.259000e+002	8.909667e+003		
7.258000e+002	8.903133e+003		
7.257000e+002	9.054867e+003		
7.256000e+002	9.077233e+003		
7.255000e+002	9.220400e+003		
7.254000e+002	9.237267e+003		
7.253000e+002	9.315733e+003		
7.252000e+002	9.390167e+003		
7.251000e+002	9.410467e+003		
7.250000e+002	9.444600e+003		
7.249000e+002	9.600867e+003		
7.248000e+002	9.670167e+003		
7.247000e+002	9.665233e+003		
7.246000e+002	9.732400e+003		
7.245000e+002	9.764933e+003		
7.244000e+002	9.780667e+003		
7.243000e+002	9.809067e+003		
7.242000e+002	9.731167e+003		
7.241000e+002	9.689300e+003		
7.240000e+002	9.677800e+003		
7.239000e+002	9.672667e+003		
7.238000e+002	9.540067e+003		
7.237000e+002	9.450400e+003		
7.236000e+002	9.325867e+003		
7.235000e+002	9.184033e+003		
7.234000e+002	9.111200e+003		
7.233000e+002	9.023833e+003		
7.232000e+002	8.878100e+003		
7.231000e+002	8.795833e+003		
7.230000e+002	8.602933e+003		
7.229000e+002	8.445033e+003		
7.228000e+002	8.237700e+003		
7.227000e+002	7.938167e+003		
7.226000e+002	7.626500e+003		
7.225000e+002	7.372867e+003		
7.224000e+002	7.231067e+003		
7.223000e+002	7.037933e+003		
7.222000e+002	7.005133e+003		
7.221000e+002	6.908067e+003		
7.220000e+002	6.786000e+003		
7.219000e+002	6.714700e+003		
7.218000e+002	6.697700e+003		
7.217000e+002	6.677867e+003		
7.216000e+002	6.622167e+003		
7.215000e+002	6.589133e+003		
7.214000e+002	6.617033e+003		
7.213000e+002	6.597600e+003		
7.212000e+002	6.568733e+003		
7.211000e+002	6.594700e+003		
7.210000e+002	6.632133e+003		
7.209000e+002	6.642733e+003		
7.208000e+002	6.729833e+003		
7.207000e+002	6.657633e+003		
7.206000e+002	6.693900e+003		
7.205000e+002	6.766967e+003		
7.204000e+002	6.787200e+003		
7.203000e+002	6.826267e+003		
7.202000e+002	6.869233e+003		
7.201000e+002	6.875233e+003		
7.200000e+002	6.894767e+003		
7.199000e+002	6.883733e+003		
7.198000e+002	6.939267e+003		
7.197000e+002	6.877633e+003		
7.196000e+002	6.906767e+003		
7.195000e+002	6.996100e+003		
7.194000e+002	6.939333e+003		
7.193000e+002	6.865967e+003		
7.192000e+002	6.922400e+003		
7.191000e+002	6.892267e+003		
7.190000e+002	6.944033e+003		
7.189000e+002	6.946133e+003		
7.188000e+002	6.899233e+003		
7.187000e+002	6.947100e+003		
7.186000e+002	6.880400e+003		
7.185000e+002	6.785033e+003		
7.184000e+002	6.688000e+003		
7.183000e+002	6.746267e+003		
7.182000e+002	6.697467e+003		
7.181000e+002	6.718867e+003		
7.180000e+002	6.633033e+003		
7.179000e+002	6.585667e+003		
7.178000e+002	6.482367e+003		
7.177000e+002	6.487767e+003		
7.176000e+002	6.396933e+003		
7.175000e+002	6.394100e+003		
7.174000e+002	6.328633e+003		
7.173000e+002	6.355233e+003		
7.172000e+002	6.257000e+003		
7.171000e+002	6.159367e+003		
7.170000e+002	6.176200e+003		
7.169000e+002	6.110867e+003		
7.168000e+002	6.048500e+003		
7.167000e+002	6.090633e+003		
7.166000e+002	6.011600e+003		
7.165000e+002	6.016533e+003		
7.164000e+002	5.999567e+003		
7.163000e+002	6.025300e+003		
7.162000e+002	5.997533e+003		
7.161000e+002	5.971067e+003		
7.160000e+002	6.086800e+003		
7.159000e+002	5.970100e+003		
7.158000e+002	5.971367e+003		
7.157000e+002	5.973567e+003		
7.156000e+002	5.983567e+003		
7.155000e+002	5.943000e+003		
7.154000e+002	5.976133e+003		
7.153000e+002	6.052733e+003		
7.152000e+002	6.165400e+003		
7.151000e+002	6.261867e+003		
7.150000e+002	6.227300e+003		
7.149000e+002	6.185067e+003		
7.148000e+002	6.290500e+003		
7.147000e+002	6.374367e+003		
7.146000e+002	6.470200e+003		
7.145000e+002	6.574433e+003		
7.144000e+002	6.607600e+003		
7.143000e+002	6.700133e+003		
7.142000e+002	6.729433e+003		
7.141000e+002	6.858567e+003		
7.140000e+002	7.012533e+003		
7.139000e+002	7.161233e+003		
7.138000e+002	7.208033e+003		
7.137000e+002	7.342567e+003		
7.136000e+002	7.470200e+003		
7.135000e+002	7.540167e+003		
7.134000e+002	7.627000e+003		
7.133000e+002	7.842300e+003		
7.132000e+002	7.944567e+003		
7.131000e+002	8.075167e+003		
7.130000e+002	8.137100e+003		
7.129000e+002	8.217067e+003		
7.128000e+002	8.422533e+003		
7.127000e+002	8.634100e+003		
7.126000e+002	8.655467e+003		
7.125000e+002	8.787400e+003		
7.124000e+002	8.878367e+003		
7.123000e+002	9.008600e+003		
7.122000e+002	9.142433e+003		
7.121000e+002	9.341700e+003		
7.120000e+002	9.490200e+003		
7.119000e+002	9.757800e+003		
7.118000e+002	9.931967e+003		
7.117000e+002	1.015450e+004		
7.116000e+002	1.040747e+004		
7.115000e+002	1.055353e+004		
7.114000e+002	1.080810e+004		
7.113000e+002	1.091730e+004		
7.112000e+002	1.097727e+004		
7.111000e+002	1.113103e+004		
7.110000e+002	1.122537e+004		
7.109000e+002	1.115237e+004		
7.108000e+002	1.094020e+004		
7.107000e+002	1.084580e+004		
7.106000e+002	1.072900e+004		
7.105000e+002	1.056267e+004		
7.104000e+002	1.041613e+004		
7.103000e+002	1.041433e+004		
7.102000e+002	1.045013e+004		
7.101000e+002	1.052657e+004		
7.100000e+002	1.050387e+004		
7.099000e+002	1.044693e+004		
7.098000e+002	1.014123e+004		
7.097000e+002	9.622733e+003		
7.096000e+002	8.922867e+003		
7.095000e+002	8.083633e+003		
7.094000e+002	7.023067e+003		
7.093000e+002	5.926400e+003		
7.092000e+002	4.910667e+003		
7.091000e+002	4.126167e+003		
7.090000e+002	3.421233e+003		
7.089000e+002	2.920410e+003		
7.088000e+002	2.637100e+003		
7.087000e+002	2.473027e+003		
7.086000e+002	2.293163e+003		
7.085000e+002	2.149733e+003		
7.084000e+002	2.040860e+003		
7.083000e+002	1.979343e+003		
7.082000e+002	1.899923e+003		
7.081000e+002	1.883287e+003		
7.080000e+002	1.860660e+003		
7.079000e+002	1.815610e+003		
7.078000e+002	1.777003e+003		
7.077000e+002	1.731860e+003		
7.076000e+002	1.720747e+003		
7.075000e+002	1.705617e+003		
7.074000e+002	1.731007e+003		
7.073000e+002	1.707423e+003		
7.072000e+002	1.683390e+003		
7.071000e+002	1.644147e+003		
7.070000e+002	1.607820e+003		
7.069000e+002	1.595033e+003		
7.068000e+002	1.619183e+003		
7.067000e+002	1.601627e+003		
7.066000e+002	1.633767e+003		
7.065000e+002	1.604320e+003		
7.064000e+002	1.648633e+003		
7.063000e+002	1.600680e+003		
7.062000e+002	1.565477e+003		
7.061000e+002	1.573600e+003		
7.060000e+002	1.526417e+003		
7.059000e+002	1.556273e+003		
7.058000e+002	1.559180e+003		
7.057000e+002	1.577260e+003		
7.056000e+002	1.579033e+003		
7.055000e+002	1.523533e+003		
7.054000e+002	1.549877e+003		
7.053000e+002	1.561647e+003		
7.052000e+002	1.532170e+003		
7.051000e+002	1.576813e+003		
7.050000e+002	1.525093e+003		
7.049000e+002	1.519917e+003		
7.048000e+002	1.540273e+003		
7.047000e+002	1.486430e+003		
7.046000e+002	1.511900e+003		
7.045000e+002	1.509723e+003		
7.044000e+002	1.547793e+003		
7.043000e+002	1.507247e+003		
7.042000e+002	1.488973e+003		
7.041000e+002	1.490473e+003		
7.040000e+002	1.498560e+003		
7.039000e+002	1.501147e+003		
7.038000e+002	1.479783e+003		
7.037000e+002	1.466667e+003		
7.036000e+002	1.474967e+003		
7.035000e+002	1.504553e+003		
7.034000e+002	1.529507e+003		
7.033000e+002	1.535597e+003		
7.032000e+002	1.526647e+003		
7.031000e+002	1.508640e+003		
7.030000e+002	1.511080e+003		
7.029000e+002	1.478697e+003		
7.028000e+002	1.495943e+003		
7.027000e+002	1.485167e+003		
7.026000e+002	1.488537e+003		
7.025000e+002	1.503903e+003		
7.024000e+002	1.453460e+003		
7.023000e+002	1.497883e+003		
7.022000e+002	1.485987e+003		
7.021000e+002	1.497833e+003		
7.020000e+002	1.500150e+003		
7.019000e+002	1.486913e+003		
7.018000e+002	1.494863e+003		
7.017000e+002	1.473603e+003		
7.016000e+002	1.481890e+003		
7.015000e+002	1.510617e+003		
7.014000e+002	1.488947e+003		
7.013000e+002	1.460150e+003		
7.012000e+002	1.476040e+003		
7.011000e+002	1.467710e+003		
7.010000e+002	1.457340e+003		
7.009000e+002	1.488353e+003		
7.008000e+002	1.490787e+003		
7.007000e+002	1.475977e+003		
7.006000e+002	1.436373e+003		
7.005000e+002	1.473090e+003		
7.004000e+002	1.478050e+003		
7.003000e+002	1.476060e+003		
7.002000e+002	1.467267e+003		
7.001000e+002	1.467007e+003		
7.000000e+002	1.461683e+003		
6.999000e+002	1.486817e+003		
6.998000e+002	1.505380e+003		
6.997000e+002	1.472487e+003		
6.996000e+002	1.455100e+003		
6.995000e+002	1.467187e+003		
6.994000e+002	1.453343e+003		
6.993000e+002	1.441663e+003		
6.992000e+002	1.461487e+003		
6.991000e+002	1.450253e+003		
6.990000e+002	1.460367e+003		
6.989000e+002	1.480897e+003		
6.988000e+002	1.457957e+003		
6.987000e+002	1.463777e+003		
6.986000e+002	1.462523e+003		
6.985000e+002	1.467633e+003		
6.984000e+002	1.468880e+003		
6.983000e+002	1.450553e+003		
6.982000e+002	1.489943e+003		
6.981000e+002	1.466703e+003		
6.980000e+002	1.454917e+003		
6.979000e+002	1.476500e+003		
6.978000e+002	1.472017e+003		
6.977000e+002	1.457587e+003		
6.976000e+002	1.468637e+003		
6.975000e+002	1.443890e+003		
6.974000e+002	1.459797e+003		
6.973000e+002	1.458083e+003		
6.972000e+002	1.493330e+003		
6.971000e+002	1.473490e+003		
6.970000e+002	1.456623e+003		
6.969000e+002	1.439970e+003		
6.968000e+002	1.458657e+003		
6.967000e+002	1.446547e+003		
6.966000e+002	1.448007e+003		
6.965000e+002	1.480107e+003		
6.964000e+002	1.491087e+003		
6.963000e+002	1.448177e+003		
6.962000e+002	1.481203e+003		
6.961000e+002	1.497247e+003		
6.960000e+002	1.483670e+003		
6.959000e+002	1.486953e+003		
6.958000e+002	1.482453e+003		
6.957000e+002	1.487270e+003		
6.956000e+002	1.501133e+003		
6.955000e+002	1.462773e+003		
6.954000e+002	1.477783e+003		
6.953000e+002	1.483373e+003		
6.952000e+002	1.469887e+003		
6.951000e+002	1.480193e+003		
6.950000e+002	1.464303e+003		
6.949000e+002	1.471497e+003		
6.948000e+002	1.476380e+003		
6.947000e+002	1.487680e+003		
6.946000e+002	1.467233e+003		
6.945000e+002	1.527293e+003		
6.944000e+002	1.495553e+003		
6.943000e+002	1.458287e+003		
6.942000e+002	1.444693e+003		
6.941000e+002	1.451037e+003		
6.940000e+002	1.430243e+003		
6.939000e+002	1.420393e+003		
6.938000e+002	1.442463e+003		
6.937000e+002	1.487607e+003		
6.936000e+002	1.480457e+003		
6.935000e+002	1.507673e+003		
6.934000e+002	1.484483e+003		
6.933000e+002	1.491100e+003		
6.932000e+002	1.487247e+003		
6.931000e+002	1.501670e+003		
6.930000e+002	1.506473e+003		
6.929000e+002	1.435273e+003		
6.928000e+002	1.467903e+003		
6.927000e+002	1.454887e+003		
6.926000e+002	1.448547e+003		
6.925000e+002	1.453773e+003		
6.924000e+002	1.449487e+003		
6.923000e+002	1.456263e+003		
6.922000e+002	1.456970e+003		
6.921000e+002	1.492347e+003		
6.920000e+002	1.467093e+003		
6.919000e+002	1.485523e+003		
6.918000e+002	1.511243e+003		
6.917000e+002	1.504767e+003		
6.916000e+002	1.500030e+003		
6.915000e+002	1.470233e+003		
6.914000e+002	1.449010e+003		
6.913000e+002	1.455973e+003		
6.912000e+002	1.462813e+003		
6.911000e+002	1.496617e+003		
6.910000e+002	1.485010e+003		
6.909000e+002	1.468037e+003		
6.908000e+002	1.461050e+003		
6.907000e+002	1.473360e+003		
6.906000e+002	1.451137e+003		
6.905000e+002	1.467787e+003		
6.904000e+002	1.465530e+003		
6.903000e+002	1.499743e+003		
6.902000e+002	1.482760e+003		
6.901000e+002	1.484563e+003		
6.900000e+002	1.484230e+003		
6.899000e+002	1.469227e+003		
6.898000e+002	1.482173e+003		
6.897000e+002	1.461720e+003		
6.896000e+002	1.460267e+003		
6.895000e+002	1.464607e+003		
6.894000e+002	1.461863e+003		
6.893000e+002	1.489600e+003		
6.892000e+002	1.489777e+003		
6.891000e+002	1.464003e+003		
6.890000e+002	1.490637e+003		
6.889000e+002	1.475030e+003		
6.888000e+002	1.448880e+003		
6.887000e+002	1.447073e+003		
6.886000e+002	1.479327e+003		
6.885000e+002	1.505623e+003		
6.884000e+002	1.501990e+003		
6.883000e+002	1.480257e+003		
6.882000e+002	1.487977e+003		
6.881000e+002	1.491650e+003		
6.880000e+002	1.489757e+003		
6.879000e+002	1.481770e+003		
6.878000e+002	1.502000e+003		
6.877000e+002	1.477630e+003		
6.876000e+002	1.498480e+003		
6.875000e+002	1.478620e+003		
6.874000e+002	1.513210e+003		
6.873000e+002	1.477620e+003		
6.872000e+002	1.487777e+003		
6.871000e+002	1.449763e+003		
6.870000e+002	1.508543e+003		
6.869000e+002	1.501227e+003		
6.868000e+002	1.489097e+003		
6.867000e+002	1.455410e+003		
6.866000e+002	1.508897e+003		
6.865000e+002	1.490090e+003		
6.864000e+002	1.488480e+003		
6.863000e+002	1.476927e+003		
6.862000e+002	1.463077e+003		
6.861000e+002	1.461887e+003		
6.860000e+002	1.486690e+003		
6.859000e+002	1.484643e+003		
6.858000e+002	1.516303e+003		
6.857000e+002	1.493427e+003		
6.856000e+002	1.497433e+003		
6.855000e+002	1.480623e+003		
6.854000e+002	1.464940e+003		
6.853000e+002	1.507817e+003		
6.852000e+002	1.497783e+003		
6.851000e+002	1.489207e+003		
6.850000e+002	1.507973e+003		