FeLMM Fe3O4
8.170000e+02 2.523820e+04
8.169500e+02 2.523820e+04
8.169000e+02 2.523820e+04
8.168500e+02 2.523820e+04
8.168000e+02 2.523820e+04
8.167500e+02 2.523820e+04
8.167000e+02 2.523820e+04
8.166500e+02 2.523820e+04
8.166000e+02 2.523820e+04
8.165500e+02 2.523820e+04
8.165000e+02 2.523820e+04
8.164500e+02 2.544150e+04
8.164000e+02 2.544150e+04
8.163500e+02 2.544150e+04
8.163000e+02 2.544150e+04
8.162500e+02 2.544150e+04
8.162000e+02 2.544150e+04
8.161500e+02 2.544150e+04
8.161000e+02 2.544150e+04
8.160500e+02 2.544150e+04
8.160000e+02 2.544150e+04
8.159500e+02 2.544150e+04
8.159000e+02 2.544150e+04
8.158500e+02 2.544150e+04
8.158000e+02 2.544150e+04
8.157500e+02 2.544150e+04
8.157000e+02 2.544150e+04
8.156500e+02 2.544150e+04
8.156000e+02 2.544150e+04
8.155500e+02 2.544150e+04
8.155000e+02 2.544150e+04
8.154500e+02 2.551210e+04
8.154000e+02 2.551210e+04
8.153500e+02 2.551210e+04
8.153000e+02 2.551210e+04
8.152500e+02 2.551210e+04
8.152000e+02 2.551210e+04
8.151500e+02 2.551210e+04
8.151000e+02 2.551210e+04
8.150500e+02 2.551210e+04
8.150000e+02 2.551210e+04
8.149500e+02 2.551210e+04
8.149000e+02 2.551210e+04
8.148500e+02 2.551210e+04
8.148000e+02 2.551210e+04
8.147500e+02 2.551210e+04
8.147000e+02 2.551210e+04
8.146500e+02 2.551210e+04
8.146000e+02 2.551210e+04
8.145500e+02 2.551210e+04
8.145000e+02 2.551210e+04
8.144500e+02 2.533910e+04
8.144000e+02 2.533910e+04
8.143500e+02 2.533910e+04
8.143000e+02 2.533910e+04
8.142500e+02 2.533910e+04
8.142000e+02 2.533910e+04
8.141500e+02 2.533910e+04
8.141000e+02 2.533910e+04
8.140500e+02 2.533910e+04
8.140000e+02 2.533910e+04
8.139500e+02 2.533910e+04
8.139000e+02 2.533910e+04
8.138500e+02 2.533910e+04
8.138000e+02 2.533910e+04
8.137500e+02 2.533910e+04
8.137000e+02 2.533910e+04
8.136500e+02 2.533910e+04
8.136000e+02 2.533910e+04
8.135500e+02 2.533910e+04
8.135000e+02 2.533910e+04
8.134500e+02 2.553580e+04
8.134000e+02 2.553580e+04
8.133500e+02 2.553580e+04
8.133000e+02 2.553580e+04
8.132500e+02 2.553580e+04
8.132000e+02 2.553580e+04
8.131500e+02 2.553580e+04
8.131000e+02 2.553580e+04
8.130500e+02 2.553580e+04
8.130000e+02 2.553580e+04
8.129500e+02 2.553580e+04
8.129000e+02 2.553580e+04
8.128500e+02 2.553580e+04
8.128000e+02 2.553580e+04
8.127500e+02 2.553580e+04
8.127000e+02 2.553580e+04
8.126500e+02 2.553580e+04
8.126000e+02 2.553580e+04
8.125500e+02 2.553580e+04
8.125000e+02 2.553580e+04
8.124500e+02 2.559110e+04
8.124000e+02 2.559110e+04
8.123500e+02 2.559110e+04
8.123000e+02 2.559110e+04
8.122500e+02 2.559110e+04
8.122000e+02 2.559110e+04
8.121500e+02 2.559110e+04
8.121000e+02 2.559110e+04
8.120500e+02 2.559110e+04
8.120000e+02 2.559110e+04
8.119500e+02 2.559110e+04
8.119000e+02 2.559110e+04
8.118500e+02 2.559110e+04
8.118000e+02 2.559110e+04
8.117500e+02 2.559110e+04
8.117000e+02 2.559110e+04
8.116500e+02 2.559110e+04
8.116000e+02 2.559110e+04
8.115500e+02 2.559110e+04
8.115000e+02 2.559110e+04
8.114500e+02 2.598290e+04
8.114000e+02 2.598290e+04
8.113500e+02 2.598290e+04
8.113000e+02 2.598290e+04
8.112500e+02 2.598290e+04
8.112000e+02 2.598290e+04
8.111500e+02 2.598290e+04
8.111000e+02 2.598290e+04
8.110500e+02 2.598290e+04
8.110000e+02 2.598290e+04
8.109500e+02 2.598290e+04
8.109000e+02 2.598290e+04
8.108500e+02 2.598290e+04
8.108000e+02 2.598290e+04
8.107500e+02 2.598290e+04
8.107000e+02 2.598290e+04
8.106500e+02 2.598290e+04
8.106000e+02 2.598290e+04
8.105500e+02 2.598290e+04
8.105000e+02 2.598290e+04
8.104500e+02 2.614930e+04
8.104000e+02 2.614930e+04
8.103500e+02 2.614930e+04
8.103000e+02 2.614930e+04
8.102500e+02 2.614930e+04
8.102000e+02 2.614930e+04
8.101500e+02 2.614930e+04
8.101000e+02 2.614930e+04
8.100500e+02 2.614930e+04
8.100000e+02 2.614930e+04
8.099500e+02 2.614930e+04
8.099000e+02 2.614930e+04
8.098500e+02 2.614930e+04
8.098000e+02 2.614930e+04
8.097500e+02 2.614930e+04
8.097000e+02 2.614930e+04
8.096500e+02 2.614930e+04
8.096000e+02 2.614930e+04
8.095500e+02 2.614930e+04
8.095000e+02 2.614930e+04
8.094500e+02 2.604160e+04
8.094000e+02 2.604160e+04
8.093500e+02 2.604160e+04
8.093000e+02 2.604160e+04
8.092500e+02 2.604160e+04
8.092000e+02 2.604160e+04
8.091500e+02 2.604160e+04
8.091000e+02 2.604160e+04
8.090500e+02 2.604160e+04
8.090000e+02 2.604160e+04
8.089500e+02 2.604160e+04
8.089000e+02 2.604160e+04
8.088500e+02 2.604160e+04
8.088000e+02 2.604160e+04
8.087500e+02 2.604160e+04
8.087000e+02 2.604160e+04
8.086500e+02 2.604160e+04
8.086000e+02 2.604160e+04
8.085500e+02 2.604160e+04
8.085000e+02 2.604160e+04
8.084500e+02 2.603670e+04
8.084000e+02 2.603670e+04
8.083500e+02 2.603670e+04
8.083000e+02 2.603670e+04
8.082500e+02 2.603670e+04
8.082000e+02 2.603670e+04
8.081500e+02 2.603670e+04
8.081000e+02 2.603670e+04
8.080500e+02 2.603670e+04
8.080000e+02 2.603670e+04
8.079500e+02 2.603670e+04
8.079000e+02 2.603670e+04
8.078500e+02 2.603670e+04
8.078000e+02 2.603670e+04
8.077500e+02 2.603670e+04
8.077000e+02 2.603670e+04
8.076500e+02 2.603670e+04
8.076000e+02 2.603670e+04
8.075500e+02 2.603670e+04
8.075000e+02 2.603670e+04
8.074500e+02 2.608830e+04
8.074000e+02 2.608830e+04
8.073500e+02 2.608830e+04
8.073000e+02 2.608830e+04
8.072500e+02 2.608830e+04
8.072000e+02 2.608830e+04
8.071500e+02 2.608830e+04
8.071000e+02 2.608830e+04
8.070500e+02 2.608830e+04
8.070000e+02 2.608830e+04
8.069500e+02 2.608830e+04
8.069000e+02 2.608830e+04
8.068500e+02 2.608830e+04
8.068000e+02 2.608830e+04
8.067500e+02 2.608830e+04
8.067000e+02 2.608830e+04
8.066500e+02 2.608830e+04
8.066000e+02 2.608830e+04
8.065500e+02 2.608830e+04
8.065000e+02 2.608830e+04
8.064500e+02 2.625880e+04
8.064000e+02 2.625880e+04
8.063500e+02 2.625880e+04
8.063000e+02 2.625880e+04
8.062500e+02 2.625880e+04
8.062000e+02 2.625880e+04
8.061500e+02 2.625880e+04
8.061000e+02 2.625880e+04
8.060500e+02 2.625880e+04
8.060000e+02 2.625880e+04
8.059500e+02 2.625880e+04
8.059000e+02 2.625880e+04
8.058500e+02 2.625880e+04
8.058000e+02 2.625880e+04
8.057500e+02 2.625880e+04
8.057000e+02 2.625880e+04
8.056500e+02 2.625880e+04
8.056000e+02 2.625880e+04
8.055500e+02 2.625880e+04
8.055000e+02 2.625880e+04
8.054500e+02 2.625150e+04
8.054000e+02 2.625150e+04
8.053500e+02 2.625150e+04
8.053000e+02 2.625150e+04
8.052500e+02 2.625150e+04
8.052000e+02 2.625150e+04
8.051500e+02 2.625150e+04
8.051000e+02 2.625150e+04
8.050500e+02 2.625150e+04
8.050000e+02 2.625150e+04
8.049500e+02 2.625150e+04
8.049000e+02 2.625150e+04
8.048500e+02 2.625150e+04
8.048000e+02 2.625150e+04
8.047500e+02 2.625150e+04
8.047000e+02 2.625150e+04
8.046500e+02 2.625150e+04
8.046000e+02 2.625150e+04
8.045500e+02 2.625150e+04
8.045000e+02 2.625150e+04
8.044500e+02 2.612590e+04
8.044000e+02 2.612590e+04
8.043500e+02 2.612590e+04
8.043000e+02 2.612590e+04
8.042500e+02 2.612590e+04
8.042000e+02 2.612590e+04
8.041500e+02 2.612590e+04
8.041000e+02 2.612590e+04
8.040500e+02 2.612590e+04
8.040000e+02 2.612590e+04
8.039500e+02 2.612590e+04
8.039000e+02 2.612590e+04
8.038500e+02 2.612590e+04
8.038000e+02 2.612590e+04
8.037500e+02 2.612590e+04
8.037000e+02 2.612590e+04
8.036500e+02 2.612590e+04
8.036000e+02 2.612590e+04
8.035500e+02 2.612590e+04
8.035000e+02 2.612590e+04
8.034500e+02 2.627550e+04
8.034000e+02 2.627550e+04
8.033500e+02 2.627550e+04
8.033000e+02 2.627550e+04
8.032500e+02 2.627550e+04
8.032000e+02 2.627550e+04
8.031500e+02 2.627550e+04
8.031000e+02 2.627550e+04
8.030500e+02 2.627550e+04
8.030000e+02 2.627550e+04
8.029500e+02 2.627550e+04
8.029000e+02 2.627550e+04
8.028500e+02 2.627550e+04
8.028000e+02 2.627550e+04
8.027500e+02 2.627550e+04
8.027000e+02 2.627550e+04
8.026500e+02 2.627550e+04
8.026000e+02 2.627550e+04
8.025500e+02 2.627550e+04
8.025000e+02 2.627550e+04
8.024500e+02 2.653890e+04
8.024000e+02 2.653890e+04
8.023500e+02 2.653890e+04
8.023000e+02 2.653890e+04
8.022500e+02 2.653890e+04
8.022000e+02 2.653890e+04
8.021500e+02 2.653890e+04
8.021000e+02 2.653890e+04
8.020500e+02 2.653890e+04
8.020000e+02 2.653890e+04
8.019500e+02 2.653890e+04
8.019000e+02 2.653890e+04
8.018500e+02 2.653890e+04
8.018000e+02 2.653890e+04
8.017500e+02 2.653890e+04
8.017000e+02 2.653890e+04
8.016500e+02 2.653890e+04
8.016000e+02 2.653890e+04
8.015500e+02 2.653890e+04
8.015000e+02 2.653890e+04
8.014500e+02 2.639270e+04
8.014000e+02 2.639270e+04
8.013500e+02 2.639270e+04
8.013000e+02 2.639270e+04
8.012500e+02 2.639270e+04
8.012000e+02 2.639270e+04
8.011500e+02 2.639270e+04
8.011000e+02 2.639270e+04
8.010500e+02 2.639270e+04
8.010000e+02 2.639270e+04
8.009500e+02 2.639270e+04
8.009000e+02 2.639270e+04
8.008500e+02 2.639270e+04
8.008000e+02 2.639270e+04
8.007500e+02 2.639270e+04
8.007000e+02 2.639270e+04
8.006500e+02 2.639270e+04
8.006000e+02 2.639270e+04
8.005500e+02 2.639270e+04
8.005000e+02 2.639270e+04
8.004500e+02 2.656960e+04
8.004000e+02 2.656960e+04
8.003500e+02 2.656960e+04
8.003000e+02 2.656960e+04
8.002500e+02 2.656960e+04
8.002000e+02 2.656960e+04
8.001500e+02 2.656960e+04
8.001000e+02 2.656960e+04
8.000500e+02 2.656960e+04
8.000000e+02 2.656960e+04
7.999500e+02 2.656960e+04
7.999000e+02 2.656960e+04
7.998500e+02 2.656960e+04
7.998000e+02 2.656960e+04
7.997500e+02 2.656960e+04
7.997000e+02 2.656960e+04
7.996500e+02 2.656960e+04
7.996000e+02 2.656960e+04
7.995500e+02 2.656960e+04
7.995000e+02 2.656960e+04
7.994500e+02 2.688660e+04
7.994000e+02 2.688660e+04
7.993500e+02 2.688660e+04
7.993000e+02 2.688660e+04
7.992500e+02 2.688660e+04
7.992000e+02 2.688660e+04
7.991500e+02 2.688660e+04
7.991000e+02 2.688660e+04
7.990500e+02 2.688660e+04
7.990000e+02 2.688660e+04
7.989500e+02 2.688660e+04
7.989000e+02 2.688660e+04
7.988500e+02 2.688660e+04
7.988000e+02 2.688660e+04
7.987500e+02 2.688660e+04
7.987000e+02 2.688660e+04
7.986500e+02 2.688660e+04
7.986000e+02 2.688660e+04
7.985500e+02 2.688660e+04
7.985000e+02 2.688660e+04
7.984500e+02 2.695870e+04
7.984000e+02 2.695870e+04
7.983500e+02 2.695870e+04
7.983000e+02 2.695870e+04
7.982500e+02 2.695870e+04
7.982000e+02 2.695870e+04
7.981500e+02 2.695870e+04
7.981000e+02 2.695870e+04
7.980500e+02 2.695870e+04
7.980000e+02 2.695870e+04
7.979500e+02 2.695870e+04
7.979000e+02 2.695870e+04
7.978500e+02 2.695870e+04
7.978000e+02 2.695870e+04
7.977500e+02 2.695870e+04
7.977000e+02 2.695870e+04
7.976500e+02 2.695870e+04
7.976000e+02 2.695870e+04
7.975500e+02 2.695870e+04
7.975000e+02 2.695870e+04
7.974500e+02 2.710980e+04
7.974000e+02 2.710980e+04
7.973500e+02 2.710980e+04
7.973000e+02 2.710980e+04
7.972500e+02 2.710980e+04
7.972000e+02 2.710980e+04
7.971500e+02 2.710980e+04
7.971000e+02 2.710980e+04
7.970500e+02 2.710980e+04
7.970000e+02 2.710980e+04
7.969500e+02 2.710980e+04
7.969000e+02 2.710980e+04
7.968500e+02 2.710980e+04
7.968000e+02 2.710980e+04
7.967500e+02 2.710980e+04
7.967000e+02 2.710980e+04
7.966500e+02 2.710980e+04
7.966000e+02 2.710980e+04
7.965500e+02 2.710980e+04
7.965000e+02 2.710980e+04
7.964500e+02 2.749550e+04
7.964000e+02 2.749550e+04
7.963500e+02 2.749550e+04
7.963000e+02 2.749550e+04
7.962500e+02 2.749550e+04
7.962000e+02 2.749550e+04
7.961500e+02 2.749550e+04
7.961000e+02 2.749550e+04
7.960500e+02 2.749550e+04
7.960000e+02 2.749550e+04
7.959500e+02 2.749550e+04
7.959000e+02 2.749550e+04
7.958500e+02 2.749550e+04
7.958000e+02 2.749550e+04
7.957500e+02 2.749550e+04
7.957000e+02 2.749550e+04
7.956500e+02 2.749550e+04
7.956000e+02 2.749550e+04
7.955500e+02 2.749550e+04
7.955000e+02 2.749550e+04
7.954500e+02 2.816490e+04
7.954000e+02 2.816490e+04
7.953500e+02 2.816490e+04
7.953000e+02 2.816490e+04
7.952500e+02 2.816490e+04
7.952000e+02 2.816490e+04
7.951500e+02 2.816490e+04
7.951000e+02 2.816490e+04
7.950500e+02 2.816490e+04
7.950000e+02 2.816490e+04
7.949500e+02 2.816490e+04
7.949000e+02 2.816490e+04
7.948500e+02 2.816490e+04
7.948000e+02 2.816490e+04
7.947500e+02 2.816490e+04
7.947000e+02 2.816490e+04
7.946500e+02 2.816490e+04
7.946000e+02 2.816490e+04
7.945500e+02 2.816490e+04
7.945000e+02 2.816490e+04
7.944500e+02 2.850510e+04
7.944000e+02 2.850510e+04
7.943500e+02 2.850510e+04
7.943000e+02 2.850510e+04
7.942500e+02 2.850510e+04
7.942000e+02 2.850510e+04
7.941500e+02 2.850510e+04
7.941000e+02 2.850510e+04
7.940500e+02 2.850510e+04
7.940000e+02 2.850510e+04
7.939500e+02 2.850510e+04
7.939000e+02 2.850510e+04
7.938500e+02 2.850510e+04
7.938000e+02 2.850510e+04
7.937500e+02 2.850510e+04
7.937000e+02 2.850510e+04
7.936500e+02 2.850510e+04
7.936000e+02 2.850510e+04
7.935500e+02 2.850510e+04
7.935000e+02 2.850510e+04
7.934500e+02 2.929390e+04
7.934000e+02 2.929390e+04
7.933500e+02 2.929390e+04
7.933000e+02 2.929390e+04
7.932500e+02 2.929390e+04
7.932000e+02 2.929390e+04
7.931500e+02 2.929390e+04
7.931000e+02 2.929390e+04
7.930500e+02 2.929390e+04
7.930000e+02 2.929390e+04
7.929500e+02 2.929390e+04
7.929000e+02 2.929390e+04
7.928500e+02 2.929390e+04
7.928000e+02 2.929390e+04
7.927500e+02 2.929390e+04
7.927000e+02 2.929390e+04
7.926500e+02 2.929390e+04
7.926000e+02 2.929390e+04
7.925500e+02 2.929390e+04
7.925000e+02 2.929390e+04
7.924500e+02 2.988570e+04
7.924000e+02 2.988570e+04
7.923500e+02 2.988570e+04
7.923000e+02 2.988570e+04
7.922500e+02 2.988570e+04
7.922000e+02 2.988570e+04
7.921500e+02 2.988570e+04
7.921000e+02 2.988570e+04
7.920500e+02 2.988570e+04
7.920000e+02 2.988570e+04
7.919500e+02 2.988570e+04
7.919000e+02 2.988570e+04
7.918500e+02 2.988570e+04
7.918000e+02 2.988570e+04
7.917500e+02 2.988570e+04
7.917000e+02 2.988570e+04
7.916500e+02 2.988570e+04
7.916000e+02 2.988570e+04
7.915500e+02 2.988570e+04
7.915000e+02 2.988570e+04
7.914500e+02 3.062440e+04
7.914000e+02 3.062440e+04
7.913500e+02 3.062440e+04
7.913000e+02 3.062440e+04
7.912500e+02 3.062440e+04
7.912000e+02 3.062440e+04
7.911500e+02 3.062440e+04
7.911000e+02 3.062440e+04
7.910500e+02 3.062440e+04
7.910000e+02 3.062440e+04
7.909500e+02 3.062440e+04
7.909000e+02 3.062440e+04
7.908500e+02 3.062440e+04
7.908000e+02 3.062440e+04
7.907500e+02 3.062440e+04
7.907000e+02 3.062440e+04
7.906500e+02 3.062440e+04
7.906000e+02 3.062440e+04
7.905500e+02 3.062440e+04
7.905000e+02 3.062440e+04
7.904500e+02 3.154710e+04
7.904000e+02 3.154710e+04
7.903500e+02 3.154710e+04
7.903000e+02 3.154710e+04
7.902500e+02 3.154710e+04
7.902000e+02 3.154710e+04
7.901500e+02 3.154710e+04
7.901000e+02 3.154710e+04
7.900500e+02 3.154710e+04
7.900000e+02 3.154710e+04
7.899500e+02 3.154710e+04
7.899000e+02 3.154710e+04
7.898500e+02 3.154710e+04
7.898000e+02 3.154710e+04
7.897500e+02 3.154710e+04
7.897000e+02 3.154710e+04
7.896500e+02 3.154710e+04
7.896000e+02 3.154710e+04
7.895500e+02 3.154710e+04
7.895000e+02 3.154710e+04
7.894500e+02 3.222080e+04
7.894000e+02 3.222080e+04
7.893500e+02 3.222080e+04
7.893000e+02 3.222080e+04
7.892500e+02 3.222080e+04
7.892000e+02 3.222080e+04
7.891500e+02 3.222080e+04
7.891000e+02 3.222080e+04
7.890500e+02 3.222080e+04
7.890000e+02 3.222080e+04
7.889500e+02 3.222080e+04
7.889000e+02 3.222080e+04
7.888500e+02 3.222080e+04
7.888000e+02 3.222080e+04
7.887500e+02 3.222080e+04
7.887000e+02 3.222080e+04
7.886500e+02 3.222080e+04
7.886000e+02 3.222080e+04
7.885500e+02 3.222080e+04
7.885000e+02 3.222080e+04
7.884500e+02 3.280420e+04
7.884000e+02 3.280420e+04
7.883500e+02 3.280420e+04
7.883000e+02 3.280420e+04
7.882500e+02 3.280420e+04
7.882000e+02 3.280420e+04
7.881500e+02 3.280420e+04
7.881000e+02 3.280420e+04
7.880500e+02 3.280420e+04
7.880000e+02 3.280420e+04
7.879500e+02 3.280420e+04
7.879000e+02 3.280420e+04
7.878500e+02 3.280420e+04
7.878000e+02 3.280420e+04
7.877500e+02 3.280420e+04
7.877000e+02 3.280420e+04
7.876500e+02 3.280420e+04
7.876000e+02 3.280420e+04
7.875500e+02 3.280420e+04
7.875000e+02 3.280420e+04
7.874500e+02 3.297130e+04
7.874000e+02 3.297130e+04
7.873500e+02 3.297130e+04
7.873000e+02 3.297130e+04
7.872500e+02 3.297130e+04
7.872000e+02 3.297130e+04
7.871500e+02 3.297130e+04
7.871000e+02 3.297130e+04
7.870500e+02 3.297130e+04
7.870000e+02 3.297130e+04
7.869500e+02 3.297130e+04
7.869000e+02 3.297130e+04
7.868500e+02 3.297130e+04
7.868000e+02 3.297130e+04
7.867500e+02 3.297130e+04
7.867000e+02 3.297130e+04
7.866500e+02 3.297130e+04
7.866000e+02 3.297130e+04
7.865500e+02 3.297130e+04
7.865000e+02 3.297130e+04
7.864500e+02 3.320060e+04
7.864000e+02 3.320060e+04
7.863500e+02 3.320060e+04
7.863000e+02 3.320060e+04
7.862500e+02 3.320060e+04
7.862000e+02 3.320060e+04
7.861500e+02 3.320060e+04
7.861000e+02 3.320060e+04
7.860500e+02 3.320060e+04
7.860000e+02 3.320060e+04
7.859500e+02 3.320060e+04
7.859000e+02 3.320060e+04
7.858500e+02 3.320060e+04
7.858000e+02 3.320060e+04
7.857500e+02 3.320060e+04
7.857000e+02 3.320060e+04
7.856500e+02 3.320060e+04
7.856000e+02 3.320060e+04
7.855500e+02 3.320060e+04
7.855000e+02 3.320060e+04
7.854500e+02 3.366600e+04
7.854000e+02 3.366600e+04
7.853500e+02 3.366600e+04
7.853000e+02 3.366600e+04
7.852500e+02 3.366600e+04
7.852000e+02 3.366600e+04
7.851500e+02 3.366600e+04
7.851000e+02 3.366600e+04
7.850500e+02 3.366600e+04
7.850000e+02 3.366600e+04
7.849500e+02 3.366600e+04
7.849000e+02 3.366600e+04
7.848500e+02 3.366600e+04
7.848000e+02 3.366600e+04
7.847500e+02 3.366600e+04
7.847000e+02 3.366600e+04
7.846500e+02 3.366600e+04
7.846000e+02 3.366600e+04
7.845500e+02 3.366600e+04
7.845000e+02 3.366600e+04
7.844500e+02 3.386300e+04
7.844000e+02 3.386300e+04
7.843500e+02 3.386300e+04
7.843000e+02 3.386300e+04
7.842500e+02 3.386300e+04
7.842000e+02 3.386300e+04
7.841500e+02 3.386300e+04
7.841000e+02 3.386300e+04
7.840500e+02 3.386300e+04
7.840000e+02 3.386300e+04
7.839500e+02 3.386300e+04
7.839000e+02 3.386300e+04
7.838500e+02 3.386300e+04
7.838000e+02 3.386300e+04
7.837500e+02 3.386300e+04
7.837000e+02 3.386300e+04
7.836500e+02 3.386300e+04
7.836000e+02 3.386300e+04
7.835500e+02 3.386300e+04
7.835000e+02 3.386300e+04
7.834500e+02 3.345740e+04
7.834000e+02 3.345740e+04
7.833500e+02 3.345740e+04
7.833000e+02 3.345740e+04
7.832500e+02 3.345740e+04
7.832000e+02 3.345740e+04
7.831500e+02 3.345740e+04
7.831000e+02 3.345740e+04
7.830500e+02 3.345740e+04
7.830000e+02 3.345740e+04
7.829500e+02 3.345740e+04
7.829000e+02 3.345740e+04
7.828500e+02 3.345740e+04
7.828000e+02 3.345740e+04
7.827500e+02 3.345740e+04
7.827000e+02 3.345740e+04
7.826500e+02 3.345740e+04
7.826000e+02 3.345740e+04
7.825500e+02 3.345740e+04
7.825000e+02 3.345740e+04
7.824500e+02 3.247280e+04
7.824000e+02 3.247280e+04
7.823500e+02 3.247280e+04
7.823000e+02 3.247280e+04
7.822500e+02 3.247280e+04
7.822000e+02 3.247280e+04
7.821500e+02 3.247280e+04
7.821000e+02 3.247280e+04
7.820500e+02 3.247280e+04
7.820000e+02 3.247280e+04
7.819500e+02 3.247280e+04
7.819000e+02 3.247280e+04
7.818500e+02 3.247280e+04
7.818000e+02 3.247280e+04
7.817500e+02 3.247280e+04
7.817000e+02 3.247280e+04
7.816500e+02 3.247280e+04
7.816000e+02 3.247280e+04
7.815500e+02 3.247280e+04
7.815000e+02 3.247280e+04
7.814500e+02 3.126300e+04
7.814000e+02 3.126300e+04
7.813500e+02 3.126300e+04
7.813000e+02 3.126300e+04
7.812500e+02 3.126300e+04
7.812000e+02 3.126300e+04
7.811500e+02 3.126300e+04
7.811000e+02 3.126300e+04
7.810500e+02 3.126300e+04
7.810000e+02 3.126300e+04
7.809500e+02 3.126300e+04
7.809000e+02 3.126300e+04
7.808500e+02 3.126300e+04
7.808000e+02 3.126300e+04
7.807500e+02 3.126300e+04
7.807000e+02 3.126300e+04
7.806500e+02 3.126300e+04
7.806000e+02 3.126300e+04
7.805500e+02 3.126300e+04
7.805000e+02 3.126300e+04
7.804500e+02 2.964520e+04
7.804000e+02 2.964520e+04
7.803500e+02 2.964520e+04
7.803000e+02 2.964520e+04
7.802500e+02 2.964520e+04
7.802000e+02 2.964520e+04
7.801500e+02 2.964520e+04
7.801000e+02 2.964520e+04
7.800500e+02 2.964520e+04
7.800000e+02 2.964520e+04
7.799500e+02 2.964520e+04
7.799000e+02 2.964520e+04
7.798500e+02 2.964520e+04
7.798000e+02 2.964520e+04
7.797500e+02 2.964520e+04
7.797000e+02 2.964520e+04
7.796500e+02 2.964520e+04
7.796000e+02 2.964520e+04
7.795500e+02 2.964520e+04
7.795000e+02 2.964520e+04
7.794500e+02 2.824840e+04
7.794000e+02 2.824840e+04
7.793500e+02 2.824840e+04
7.793000e+02 2.824840e+04
7.792500e+02 2.824840e+04
7.792000e+02 2.824840e+04
7.791500e+02 2.824840e+04
7.791000e+02 2.824840e+04
7.790500e+02 2.824840e+04
7.790000e+02 2.824840e+04
7.789500e+02 2.824840e+04
7.789000e+02 2.824840e+04
7.788500e+02 2.824840e+04
7.788000e+02 2.824840e+04
7.787500e+02 2.824840e+04
7.787000e+02 2.824840e+04
7.786500e+02 2.824840e+04
7.786000e+02 2.824840e+04
7.785500e+02 2.824840e+04
7.785000e+02 2.824840e+04
7.784500e+02 2.697990e+04
7.784000e+02 2.697990e+04
7.783500e+02 2.697990e+04
7.783000e+02 2.697990e+04
7.782500e+02 2.697990e+04
7.782000e+02 2.697990e+04
7.781500e+02 2.697990e+04
7.781000e+02 2.697990e+04
7.780500e+02 2.697990e+04
7.780000e+02 2.697990e+04
7.779500e+02 2.697990e+04
7.779000e+02 2.697990e+04
7.778500e+02 2.697990e+04
7.778000e+02 2.697990e+04
7.777500e+02 2.697990e+04
7.777000e+02 2.697990e+04
7.776500e+02 2.697990e+04
7.776000e+02 2.697990e+04
7.775500e+02 2.697990e+04
7.775000e+02 2.697990e+04
7.774500e+02 2.665150e+04
7.774000e+02 2.665150e+04
7.773500e+02 2.665150e+04
7.773000e+02 2.665150e+04
7.772500e+02 2.665150e+04
7.772000e+02 2.665150e+04
7.771500e+02 2.665150e+04
7.771000e+02 2.665150e+04
7.770500e+02 2.665150e+04
7.770000e+02 2.665150e+04
7.769500e+02 2.665150e+04
7.769000e+02 2.665150e+04
7.768500e+02 2.665150e+04
7.768000e+02 2.665150e+04
7.767500e+02 2.665150e+04
7.767000e+02 2.665150e+04
7.766500e+02 2.665150e+04
7.766000e+02 2.665150e+04
7.765500e+02 2.665150e+04
7.765000e+02 2.665150e+04
7.764500e+02 2.619450e+04
7.764000e+02 2.619450e+04
7.763500e+02 2.619450e+04
7.763000e+02 2.619450e+04
7.762500e+02 2.619450e+04
7.762000e+02 2.619450e+04
7.761500e+02 2.619450e+04
7.761000e+02 2.619450e+04
7.760500e+02 2.619450e+04
7.760000e+02 2.619450e+04
7.759500e+02 2.619450e+04
7.759000e+02 2.619450e+04
7.758500e+02 2.619450e+04
7.758000e+02 2.619450e+04
7.757500e+02 2.619450e+04
7.757000e+02 2.619450e+04
7.756500e+02 2.619450e+04
7.756000e+02 2.619450e+04
7.755500e+02 2.619450e+04
7.755000e+02 2.619450e+04
7.754500e+02 2.625600e+04
7.754000e+02 2.625600e+04
7.753500e+02 2.625600e+04
7.753000e+02 2.625600e+04
7.752500e+02 2.625600e+04
7.752000e+02 2.625600e+04
7.751500e+02 2.625600e+04
7.751000e+02 2.625600e+04
7.750500e+02 2.625600e+04
7.750000e+02 2.625600e+04
7.749500e+02 2.625600e+04
7.749000e+02 2.625600e+04
7.748500e+02 2.625600e+04
7.748000e+02 2.625600e+04
7.747500e+02 2.625600e+04
7.747000e+02 2.625600e+04
7.746500e+02 2.625600e+04
7.746000e+02 2.625600e+04
7.745500e+02 2.625600e+04
7.745000e+02 2.625600e+04
7.744500e+02 2.626930e+04
7.744000e+02 2.626930e+04
7.743500e+02 2.626930e+04
7.743000e+02 2.626930e+04
7.742500e+02 2.626930e+04
7.742000e+02 2.626930e+04
7.741500e+02 2.626930e+04
7.741000e+02 2.626930e+04
7.740500e+02 2.626930e+04
7.740000e+02 2.626930e+04
7.739500e+02 2.626930e+04
7.739000e+02 2.626930e+04
7.738500e+02 2.626930e+04
7.738000e+02 2.626930e+04
7.737500e+02 2.626930e+04
7.737000e+02 2.626930e+04
7.736500e+02 2.626930e+04
7.736000e+02 2.626930e+04
7.735500e+02 2.626930e+04
7.735000e+02 2.626930e+04
7.734500e+02 2.629850e+04
7.734000e+02 2.629850e+04
7.733500e+02 2.629850e+04
7.733000e+02 2.629850e+04
7.732500e+02 2.629850e+04
7.732000e+02 2.629850e+04
7.731500e+02 2.629850e+04
7.731000e+02 2.629850e+04
7.730500e+02 2.629850e+04
7.730000e+02 2.629850e+04
7.729500e+02 2.629850e+04
7.729000e+02 2.629850e+04
7.728500e+02 2.629850e+04
7.728000e+02 2.629850e+04
7.727500e+02 2.629850e+04
7.727000e+02 2.629850e+04
7.726500e+02 2.629850e+04
7.726000e+02 2.629850e+04
7.725500e+02 2.629850e+04
7.725000e+02 2.629850e+04
7.724500e+02 2.639120e+04
7.724000e+02 2.639120e+04
7.723500e+02 2.639120e+04
7.723000e+02 2.639120e+04
7.722500e+02 2.639120e+04
7.722000e+02 2.639120e+04
7.721500e+02 2.639120e+04
7.721000e+02 2.639120e+04
7.720500e+02 2.639120e+04
7.720000e+02 2.639120e+04
7.719500e+02 2.639120e+04
7.719000e+02 2.639120e+04
7.718500e+02 2.639120e+04
7.718000e+02 2.639120e+04
7.717500e+02 2.639120e+04
7.717000e+02 2.639120e+04
7.716500e+02 2.639120e+04
7.716000e+02 2.639120e+04
7.715500e+02 2.639120e+04
7.715000e+02 2.639120e+04
7.714500e+02 2.642710e+04
7.714000e+02 2.642710e+04
7.713500e+02 2.642710e+04
7.713000e+02 2.642710e+04
7.712500e+02 2.642710e+04
7.712000e+02 2.642710e+04
7.711500e+02 2.642710e+04
7.711000e+02 2.642710e+04
7.710500e+02 2.642710e+04
7.710000e+02 2.642710e+04
7.709500e+02 2.642710e+04
7.709000e+02 2.642710e+04
7.708500e+02 2.642710e+04
7.708000e+02 2.642710e+04
7.707500e+02 2.642710e+04
7.707000e+02 2.642710e+04
7.706500e+02 2.642710e+04
7.706000e+02 2.642710e+04
7.705500e+02 2.642710e+04
7.705000e+02 2.642710e+04
7.704500e+02 2.610430e+04
7.704000e+02 2.610430e+04
7.703500e+02 2.610430e+04
7.703000e+02 2.610430e+04
7.702500e+02 2.610430e+04
7.702000e+02 2.610430e+04
7.701500e+02 2.610430e+04
7.701000e+02 2.610430e+04
7.700500e+02 2.610430e+04
7.700000e+02 2.610430e+04
7.699500e+02 2.610430e+04
7.699000e+02 2.610430e+04
7.698500e+02 2.610430e+04
7.698000e+02 2.610430e+04
7.697500e+02 2.610430e+04
7.697000e+02 2.610430e+04
7.696500e+02 2.610430e+04
7.696000e+02 2.610430e+04
7.695500e+02 2.610430e+04
7.695000e+02 2.610430e+04
7.694500e+02 2.563750e+04
7.694000e+02 2.563750e+04
7.693500e+02 2.563750e+04
7.693000e+02 2.563750e+04
7.692500e+02 2.563750e+04
7.692000e+02 2.563750e+04
7.691500e+02 2.563750e+04
7.691000e+02 2.563750e+04
7.690500e+02 2.563750e+04
7.690000e+02 2.563750e+04
7.689500e+02 2.563750e+04
7.689000e+02 2.563750e+04
7.688500e+02 2.563750e+04
7.688000e+02 2.563750e+04
7.687500e+02 2.563750e+04
7.687000e+02 2.563750e+04
7.686500e+02 2.563750e+04
7.686000e+02 2.563750e+04
7.685500e+02 2.563750e+04
7.685000e+02 2.563750e+04
7.684500e+02 2.523450e+04
7.684000e+02 2.523450e+04
7.683500e+02 2.523450e+04
7.683000e+02 2.523450e+04
7.682500e+02 2.523450e+04
7.682000e+02 2.523450e+04
7.681500e+02 2.523450e+04
7.681000e+02 2.523450e+04
7.680500e+02 2.523450e+04
7.680000e+02 2.523450e+04
7.679500e+02 2.523450e+04
7.679000e+02 2.523450e+04
7.678500e+02 2.523450e+04
7.678000e+02 2.523450e+04
7.677500e+02 2.523450e+04
7.677000e+02 2.523450e+04
7.676500e+02 2.523450e+04
7.676000e+02 2.523450e+04
7.675500e+02 2.523450e+04
7.675000e+02 2.523450e+04
7.674500e+02 2.486740e+04
7.674000e+02 2.486740e+04
7.673500e+02 2.486740e+04
7.673000e+02 2.486740e+04
7.672500e+02 2.486740e+04
7.672000e+02 2.486740e+04
7.671500e+02 2.486740e+04
7.671000e+02 2.486740e+04
7.670500e+02 2.486740e+04
7.670000e+02 2.486740e+04
7.669500e+02 2.486740e+04
7.669000e+02 2.486740e+04
7.668500e+02 2.486740e+04
7.668000e+02 2.486740e+04
7.667500e+02 2.486740e+04
7.667000e+02 2.486740e+04
7.666500e+02 2.486740e+04
7.666000e+02 2.486740e+04
7.665500e+02 2.486740e+04
7.665000e+02 2.486740e+04
7.664500e+02 2.455070e+04
7.664000e+02 2.455070e+04
7.663500e+02 2.455070e+04
7.663000e+02 2.455070e+04
7.662500e+02 2.455070e+04
7.662000e+02 2.455070e+04
7.661500e+02 2.455070e+04
7.661000e+02 2.455070e+04
7.660500e+02 2.455070e+04
7.660000e+02 2.455070e+04
7.659500e+02 2.455070e+04
7.659000e+02 2.455070e+04
7.658500e+02 2.455070e+04
7.658000e+02 2.455070e+04
7.657500e+02 2.455070e+04
7.657000e+02 2.455070e+04
7.656500e+02 2.455070e+04
7.656000e+02 2.455070e+04
7.655500e+02 2.455070e+04
7.655000e+02 2.455070e+04
7.654500e+02 2.449390e+04
7.654000e+02 2.449390e+04
7.653500e+02 2.449390e+04
7.653000e+02 2.449390e+04
7.652500e+02 2.449390e+04
7.652000e+02 2.449390e+04
7.651500e+02 2.449390e+04
7.651000e+02 2.449390e+04
7.650500e+02 2.449390e+04
7.650000e+02 2.449390e+04
7.649500e+02 2.449390e+04
7.649000e+02 2.449390e+04
7.648500e+02 2.449390e+04
7.648000e+02 2.449390e+04
7.647500e+02 2.449390e+04
7.647000e+02 2.449390e+04
7.646500e+02 2.449390e+04
7.646000e+02 2.449390e+04
7.645500e+02 2.449390e+04
7.645000e+02 2.449390e+04
7.644500e+02 2.434250e+04
7.644000e+02 2.434250e+04
7.643500e+02 2.434250e+04
7.643000e+02 2.434250e+04
7.642500e+02 2.434250e+04
7.642000e+02 2.434250e+04
7.641500e+02 2.434250e+04
7.641000e+02 2.434250e+04
7.640500e+02 2.434250e+04
7.640000e+02 2.434250e+04
7.639500e+02 2.434250e+04
7.639000e+02 2.434250e+04
7.638500e+02 2.434250e+04
7.638000e+02 2.434250e+04
7.637500e+02 2.434250e+04
7.637000e+02 2.434250e+04
7.636500e+02 2.434250e+04
7.636000e+02 2.434250e+04
7.635500e+02 2.434250e+04
7.635000e+02 2.434250e+04
7.634500e+02 2.442540e+04
7.634000e+02 2.442540e+04
7.633500e+02 2.442540e+04
7.633000e+02 2.442540e+04
7.632500e+02 2.442540e+04
7.632000e+02 2.442540e+04
7.631500e+02 2.442540e+04
7.631000e+02 2.442540e+04
7.630500e+02 2.442540e+04
7.630000e+02 2.442540e+04
7.629500e+02 2.442540e+04
7.629000e+02 2.442540e+04
7.628500e+02 2.442540e+04
7.628000e+02 2.442540e+04
7.627500e+02 2.442540e+04
7.627000e+02 2.442540e+04
7.626500e+02 2.442540e+04
7.626000e+02 2.442540e+04
7.625500e+02 2.442540e+04
7.625000e+02 2.442540e+04
7.624500e+02 2.446830e+04
7.624000e+02 2.446830e+04
7.623500e+02 2.446830e+04
7.623000e+02 2.446830e+04
7.622500e+02 2.446830e+04
7.622000e+02 2.446830e+04
7.621500e+02 2.446830e+04
7.621000e+02 2.446830e+04
7.620500e+02 2.446830e+04
7.620000e+02 2.446830e+04
