Ni2pCo2pFe2p NiO
8.900000e+02 1.804960e+04
8.899000e+02 1.801873e+04
8.898000e+02 1.791623e+04
8.897000e+02 1.790187e+04
8.896000e+02 1.785083e+04
8.895000e+02 1.782987e+04
8.894000e+02 1.777710e+04
8.893000e+02 1.782340e+04
8.892000e+02 1.796270e+04
8.891000e+02 1.792543e+04
8.890000e+02 1.793373e+04
8.889000e+02 1.769487e+04
8.888000e+02 1.784093e+04
8.887000e+02 1.777703e+04
8.886000e+02 1.780533e+04
8.885000e+02 1.788890e+04
8.884000e+02 1.771940e+04
8.883000e+02 1.773757e+04
8.882000e+02 1.765410e+04
8.881000e+02 1.770037e+04
8.880000e+02 1.781097e+04
8.879000e+02 1.778713e+04
8.878000e+02 1.769493e+04
8.877000e+02 1.766760e+04
8.876000e+02 1.777533e+04
8.875000e+02 1.781920e+04
8.874000e+02 1.781857e+04
8.873000e+02 1.773533e+04
8.872000e+02 1.768413e+04
8.871000e+02 1.769357e+04
8.870000e+02 1.773190e+04
8.869000e+02 1.772227e+04
8.868000e+02 1.792450e+04
8.867000e+02 1.785110e+04
8.866000e+02 1.784683e+04
8.865000e+02 1.775723e+04
8.864000e+02 1.786747e+04
8.863000e+02 1.784927e+04
8.862000e+02 1.774247e+04
8.861000e+02 1.772323e+04
8.860000e+02 1.783790e+04
8.859000e+02 1.796287e+04
8.858000e+02 1.777503e+04
8.857000e+02 1.776773e+04
8.856000e+02 1.780363e+04
8.855000e+02 1.790223e+04
8.854000e+02 1.816917e+04
8.853000e+02 1.817877e+04
8.852000e+02 1.810960e+04
8.851000e+02 1.823187e+04
8.850000e+02 1.828273e+04
8.849000e+02 1.826097e+04
8.848000e+02 1.846363e+04
8.847000e+02 1.843690e+04
8.846000e+02 1.848877e+04
8.845000e+02 1.865073e+04
8.844000e+02 1.864510e+04
8.843000e+02 1.869787e+04
8.842000e+02 1.896213e+04
8.841000e+02 1.889683e+04
8.840000e+02 1.905063e+04
8.839000e+02 1.918340e+04
8.838000e+02 1.934953e+04
8.837000e+02 1.933403e+04
8.836000e+02 1.956560e+04
8.835000e+02 1.974610e+04
8.834000e+02 1.982647e+04
8.833000e+02 1.994903e+04
8.832000e+02 1.996610e+04
8.831000e+02 2.007257e+04
8.830000e+02 2.027903e+04
8.829000e+02 2.022323e+04
8.828000e+02 2.038693e+04
8.827000e+02 2.035703e+04
8.826000e+02 2.065553e+04
8.825000e+02 2.068870e+04
8.824000e+02 2.081863e+04
8.823000e+02 2.088327e+04
8.822000e+02 2.119993e+04
8.821000e+02 2.137460e+04
8.820000e+02 2.162250e+04
8.819000e+02 2.175273e+04
8.818000e+02 2.200797e+04
8.817000e+02 2.220187e+04
8.816000e+02 2.249983e+04
8.815000e+02 2.258607e+04
8.814000e+02 2.289780e+04
8.813000e+02 2.315103e+04
8.812000e+02 2.334843e+04
8.811000e+02 2.330963e+04
8.810000e+02 2.332217e+04
8.809000e+02 2.333590e+04
8.808000e+02 2.353417e+04
8.807000e+02 2.354107e+04
8.806000e+02 2.370807e+04
8.805000e+02 2.368200e+04
8.804000e+02 2.363610e+04
8.803000e+02 2.367813e+04
8.802000e+02 2.381270e+04
8.801000e+02 2.389383e+04
8.800000e+02 2.386693e+04
8.799000e+02 2.386663e+04
8.798000e+02 2.405447e+04
8.797000e+02 2.396553e+04
8.796000e+02 2.405547e+04
8.795000e+02 2.402497e+04
8.794000e+02 2.403783e+04
8.793000e+02 2.396520e+04
8.792000e+02 2.395950e+04
8.791000e+02 2.390247e+04
8.790000e+02 2.397580e+04
8.789000e+02 2.387597e+04
8.788000e+02 2.375070e+04
8.787000e+02 2.361470e+04
8.786000e+02 2.361953e+04
8.785000e+02 2.357373e+04
8.784000e+02 2.347813e+04
8.783000e+02 2.338280e+04
8.782000e+02 2.340717e+04
8.781000e+02 2.307933e+04
8.780000e+02 2.311610e+04
8.779000e+02 2.307527e+04
8.778000e+02 2.282390e+04
8.777000e+02 2.282453e+04
8.776000e+02 2.269030e+04
8.775000e+02 2.250060e+04
8.774000e+02 2.243670e+04
8.773000e+02 2.237567e+04
8.772000e+02 2.218467e+04
8.771000e+02 2.220990e+04
8.770000e+02 2.216447e+04
8.769000e+02 2.190803e+04
8.768000e+02 2.177470e+04
8.767000e+02 2.182753e+04
8.766000e+02 2.181010e+04
8.765000e+02 2.161917e+04
8.764000e+02 2.167873e+04
8.763000e+02 2.159600e+04
8.762000e+02 2.160433e+04
8.761000e+02 2.150350e+04
8.760000e+02 2.146180e+04
8.759000e+02 2.140400e+04
8.758000e+02 2.137777e+04
8.757000e+02 2.144457e+04
8.756000e+02 2.136297e+04
8.755000e+02 2.142947e+04
8.754000e+02 2.143083e+04
8.753000e+02 2.147330e+04
8.752000e+02 2.162610e+04
8.751000e+02 2.174077e+04
8.750000e+02 2.174213e+04
8.749000e+02 2.176697e+04
8.748000e+02 2.187150e+04
8.747000e+02 2.197053e+04
8.746000e+02 2.227863e+04
8.745000e+02 2.246453e+04
8.744000e+02 2.259270e+04
8.743000e+02 2.280623e+04
8.742000e+02 2.288007e+04
8.741000e+02 2.296013e+04
8.740000e+02 2.338827e+04
8.739000e+02 2.345693e+04
8.738000e+02 2.359327e+04
8.737000e+02 2.388170e+04
8.736000e+02 2.399967e+04
8.735000e+02 2.411003e+04
8.734000e+02 2.424177e+04
8.733000e+02 2.438167e+04
8.732000e+02 2.454627e+04
8.731000e+02 2.469520e+04
8.730000e+02 2.477827e+04
8.729000e+02 2.484167e+04
8.728000e+02 2.493103e+04
8.727000e+02 2.499490e+04
8.726000e+02 2.508743e+04
8.725000e+02 2.507333e+04
8.724000e+02 2.503047e+04
8.723000e+02 2.504980e+04
8.722000e+02 2.519590e+04
8.721000e+02 2.522503e+04
8.720000e+02 2.515097e+04
8.719000e+02 2.504673e+04
8.718000e+02 2.486303e+04
8.717000e+02 2.501690e+04
8.716000e+02 2.501340e+04
8.715000e+02 2.515330e+04
8.714000e+02 2.516557e+04
8.713000e+02 2.498497e+04
8.712000e+02 2.489247e+04
8.711000e+02 2.471323e+04
8.710000e+02 2.456293e+04
8.709000e+02 2.412490e+04
8.708000e+02 2.345920e+04
8.707000e+02 2.283010e+04
8.706000e+02 2.216423e+04
8.705000e+02 2.117187e+04
8.704000e+02 2.026050e+04
8.703000e+02 1.940240e+04
8.702000e+02 1.871033e+04
8.701000e+02 1.807967e+04
8.700000e+02 1.756350e+04
8.699000e+02 1.703443e+04
8.698000e+02 1.668233e+04
8.697000e+02 1.643477e+04
8.696000e+02 1.626570e+04
8.695000e+02 1.599313e+04
8.694000e+02 1.595273e+04
8.693000e+02 1.578853e+04
8.692000e+02 1.572607e+04
8.691000e+02 1.580393e+04
8.690000e+02 1.574730e+04
8.689000e+02 1.576107e+04
8.688000e+02 1.585577e+04
8.687000e+02 1.598243e+04
8.686000e+02 1.594923e+04
8.685000e+02 1.613857e+04
8.684000e+02 1.623947e+04
8.683000e+02 1.640770e+04
8.682000e+02 1.655317e+04
8.681000e+02 1.670567e+04
8.680000e+02 1.682287e+04
8.679000e+02 1.690977e+04
8.678000e+02 1.705803e+04
8.677000e+02 1.705723e+04
8.676000e+02 1.720760e+04
8.675000e+02 1.727733e+04
8.674000e+02 1.752277e+04
8.673000e+02 1.761593e+04
8.672000e+02 1.752660e+04
8.671000e+02 1.765207e+04
8.670000e+02 1.784850e+04
8.669000e+02 1.786163e+04
8.668000e+02 1.799913e+04
8.667000e+02 1.812963e+04
8.666000e+02 1.830660e+04
8.665000e+02 1.838067e+04
8.664000e+02 1.853230e+04
8.663000e+02 1.862853e+04
8.662000e+02 1.862260e+04
8.661000e+02 1.854567e+04
8.660000e+02 1.860757e+04
8.659000e+02 1.850937e+04
8.658000e+02 1.847410e+04
8.657000e+02 1.838973e+04
8.656000e+02 1.847837e+04
8.655000e+02 1.855173e+04
8.654000e+02 1.856640e+04
8.653000e+02 1.869617e+04
8.652000e+02 1.894280e+04
8.651000e+02 1.892317e+04
8.650000e+02 1.913663e+04
8.649000e+02 1.915550e+04
8.648000e+02 1.941383e+04
8.647000e+02 1.978487e+04
8.646000e+02 1.988177e+04
8.645000e+02 2.025703e+04
8.644000e+02 2.034257e+04
8.643000e+02 2.054337e+04
8.642000e+02 2.067410e+04
8.641000e+02 2.102837e+04
8.640000e+02 2.114117e+04
8.639000e+02 2.119077e+04
8.638000e+02 2.135910e+04
8.637000e+02 2.151763e+04
8.636000e+02 2.169413e+04
8.635000e+02 2.177053e+04
8.634000e+02 2.189723e+04
8.633000e+02 2.223643e+04
8.632000e+02 2.237583e+04
8.631000e+02 2.249893e+04
8.630000e+02 2.268267e+04
8.629000e+02 2.290073e+04
8.628000e+02 2.304400e+04
8.627000e+02 2.336570e+04
8.626000e+02 2.376023e+04
8.625000e+02 2.400820e+04
8.624000e+02 2.423797e+04
8.623000e+02 2.458737e+04
8.622000e+02 2.493407e+04
8.621000e+02 2.539747e+04
8.620000e+02 2.541337e+04
8.619000e+02 2.586173e+04
8.618000e+02 2.619087e+04
8.617000e+02 2.641710e+04
8.616000e+02 2.671440e+04
8.615000e+02 2.688283e+04
8.614000e+02 2.724113e+04
8.613000e+02 2.756920e+04
8.612000e+02 2.765563e+04
8.611000e+02 2.765843e+04
8.610000e+02 2.764130e+04
8.609000e+02 2.745653e+04
8.608000e+02 2.751630e+04
8.607000e+02 2.725943e+04
8.606000e+02 2.705963e+04
8.605000e+02 2.688120e+04
8.604000e+02 2.654723e+04
8.603000e+02 2.639577e+04
8.602000e+02 2.585517e+04
8.601000e+02 2.551390e+04
8.600000e+02 2.550293e+04
8.599000e+02 2.507817e+04
8.598000e+02 2.475053e+04
8.597000e+02 2.437017e+04
8.596000e+02 2.406260e+04
8.595000e+02 2.356420e+04
8.594000e+02 2.314087e+04
8.593000e+02 2.290140e+04
8.592000e+02 2.253793e+04
8.591000e+02 2.230233e+04
8.590000e+02 2.189257e+04
8.589000e+02 2.159750e+04
8.588000e+02 2.139030e+04
8.587000e+02 2.134727e+04
8.586000e+02 2.103970e+04
8.585000e+02 2.107827e+04
8.584000e+02 2.095647e+04
8.583000e+02 2.110920e+04
8.582000e+02 2.093927e+04
8.581000e+02 2.087350e+04
8.580000e+02 2.117757e+04
8.579000e+02 2.133053e+04
8.578000e+02 2.143377e+04
8.577000e+02 2.162897e+04
8.576000e+02 2.187580e+04
8.575000e+02 2.239600e+04
8.574000e+02 2.278347e+04
8.573000e+02 2.303107e+04
8.572000e+02 2.361197e+04
8.571000e+02 2.406420e+04
8.570000e+02 2.477693e+04
8.569000e+02 2.552187e+04
8.568000e+02 2.605863e+04
8.567000e+02 2.668407e+04
8.566000e+02 2.728750e+04
8.565000e+02 2.798730e+04
8.564000e+02 2.856500e+04
8.563000e+02 2.921377e+04
8.562000e+02 2.987930e+04
8.561000e+02 3.022613e+04
8.560000e+02 3.061917e+04
8.559000e+02 3.114957e+04
8.558000e+02 3.126110e+04
8.557000e+02 3.124383e+04
8.556000e+02 3.134300e+04
8.555000e+02 3.105563e+04
8.554000e+02 3.071503e+04
8.553000e+02 3.055023e+04
8.552000e+02 3.044403e+04
8.551000e+02 3.033673e+04
8.550000e+02 3.035547e+04
8.549000e+02 3.053817e+04
8.548000e+02 3.067217e+04
8.547000e+02 3.122410e+04
8.546000e+02 3.185153e+04
8.545000e+02 3.259767e+04
8.544000e+02 3.342233e+04
8.543000e+02 3.462667e+04
8.542000e+02 3.607267e+04
8.541000e+02 3.731767e+04
8.540000e+02 3.878200e+04
8.539000e+02 3.974800e+04
8.538000e+02 4.028600e+04
8.537000e+02 3.969333e+04
8.536000e+02 3.827733e+04
8.535000e+02 3.591333e+04
8.534000e+02 3.286043e+04
8.533000e+02 2.928093e+04
8.532000e+02 2.580557e+04
8.531000e+02 2.262770e+04
8.530000e+02 2.012770e+04
8.529000e+02 1.814567e+04
8.528000e+02 1.677260e+04
8.527000e+02 1.568723e+04
8.526000e+02 1.474303e+04
8.525000e+02 1.413197e+04
8.524000e+02 1.355920e+04
8.523000e+02 1.324577e+04
8.522000e+02 1.306007e+04
8.521000e+02 1.274430e+04
8.520000e+02 1.247890e+04
8.519000e+02 1.233420e+04
8.518000e+02 1.215370e+04
8.517000e+02 1.208000e+04
8.516000e+02 1.198327e+04
8.515000e+02 1.194393e+04
8.514000e+02 1.191400e+04
8.513000e+02 1.183113e+04
8.512000e+02 1.168753e+04
8.511000e+02 1.158960e+04
8.510000e+02 1.152620e+04
8.509000e+02 1.155620e+04
8.508000e+02 1.154797e+04
8.507000e+02 1.150677e+04
8.506000e+02 1.142260e+04
8.505000e+02 1.150533e+04
8.504000e+02 1.147907e+04
8.503000e+02 1.136920e+04
8.502000e+02 1.139370e+04
8.501000e+02 1.135990e+04
8.500000e+02 1.134790e+04
8.499000e+02 1.147867e+04
8.498000e+02 1.143633e+04
8.497000e+02 1.136520e+04
8.496000e+02 1.135260e+04
8.495000e+02 1.119367e+04
8.494000e+02 1.129097e+04
8.493000e+02 1.120570e+04
8.492000e+02 1.124637e+04
8.491000e+02 1.123197e+04
8.490000e+02 1.114453e+04
8.489000e+02 1.118790e+04
8.488000e+02 1.117793e+04
8.487000e+02 1.123977e+04
8.486000e+02 1.123253e+04
8.485000e+02 1.117553e+04
8.484000e+02 1.121767e+04
8.483000e+02 1.116507e+04
8.482000e+02 1.105000e+04
8.481000e+02 1.106977e+04
8.480000e+02 1.110960e+04
8.479000e+02 1.114887e+04
8.478000e+02 1.114610e+04
8.477000e+02 1.122997e+04
8.476000e+02 1.107337e+04
8.475000e+02 1.109290e+04
8.474000e+02 1.109693e+04
8.473000e+02 1.111023e+04
8.472000e+02 1.104947e+04
8.471000e+02 1.106493e+04
8.470000e+02 1.116227e+04
8.469000e+02 1.114217e+04
8.468000e+02 1.111787e+04
8.467000e+02 1.111910e+04
8.466000e+02 1.108483e+04
8.465000e+02 1.111657e+04
8.464000e+02 1.112573e+04
8.463000e+02 1.107640e+04
8.462000e+02 1.107333e+04
8.461000e+02 1.113027e+04
8.460000e+02 1.111240e+04
8.459000e+02 1.106800e+04
8.458000e+02 1.109983e+04
8.457000e+02 1.106197e+04
8.456000e+02 1.102750e+04
8.455000e+02 1.112543e+04
8.454000e+02 1.104133e+04
8.453000e+02 1.104243e+04
8.452000e+02 1.115630e+04
8.451000e+02 1.117900e+04
8.450000e+02 1.113117e+04
8.449000e+02 1.107317e+04
8.448000e+02 1.107373e+04
8.447000e+02 1.111633e+04
8.446000e+02 1.111073e+04
8.445000e+02 1.102807e+04
8.444000e+02 1.106183e+04
8.443000e+02 1.106707e+04
8.442000e+02 1.107517e+04
8.441000e+02 1.112550e+04
8.440000e+02 1.100603e+04
8.439000e+02 1.109437e+04
8.438000e+02 1.110583e+04
8.437000e+02 1.109267e+04
8.436000e+02 1.111330e+04
8.435000e+02 1.103637e+04
8.434000e+02 1.099460e+04
8.433000e+02 1.109083e+04
8.432000e+02 1.102193e+04
8.431000e+02 1.109910e+04
8.430000e+02 1.105723e+04
8.429000e+02 1.109820e+04
8.428000e+02 1.122003e+04
8.427000e+02 1.109307e+04
8.426000e+02 1.106603e+04
8.425000e+02 1.110273e+04
8.424000e+02 1.103943e+04
8.423000e+02 1.109023e+04
8.422000e+02 1.108053e+04
8.421000e+02 1.102293e+04
8.420000e+02 1.100317e+04
8.419000e+02 1.096233e+04
8.418000e+02 1.101647e+04
8.417000e+02 1.106647e+04
8.416000e+02 1.116030e+04
8.415000e+02 1.116010e+04
8.414000e+02 1.108863e+04
8.413000e+02 1.111463e+04
8.412000e+02 1.112650e+04
8.411000e+02 1.107853e+04
8.410000e+02 1.116193e+04
8.409000e+02 1.113143e+04
8.408000e+02 1.115163e+04
8.407000e+02 1.113753e+04
8.406000e+02 1.115463e+04
8.405000e+02 1.114797e+04
8.404000e+02 1.104753e+04
8.403000e+02 1.124633e+04
8.402000e+02 1.119387e+04
8.401000e+02 1.111483e+04
8.400000e+02 1.120757e+04
8.399000e+02 1.121183e+04
8.398000e+02 1.115090e+04
8.397000e+02 1.117333e+04
8.396000e+02 1.122017e+04
8.395000e+02 1.122637e+04
8.394000e+02 1.121797e+04
8.393000e+02 1.117130e+04
8.392000e+02 1.120553e+04
8.391000e+02 1.124603e+04
8.390000e+02 1.121060e+04
8.389000e+02 1.119053e+04
8.388000e+02 1.117970e+04
8.387000e+02 1.121830e+04
8.386000e+02 1.117033e+04
8.385000e+02 1.118047e+04
8.384000e+02 1.122843e+04
8.383000e+02 1.124187e+04
8.382000e+02 1.118853e+04
8.381000e+02 1.128913e+04
8.380000e+02 1.130787e+04
8.379000e+02 1.128017e+04
8.378000e+02 1.127603e+04
8.377000e+02 1.125630e+04
8.376000e+02 1.130880e+04
8.375000e+02 1.123140e+04
8.374000e+02 1.122447e+04
8.373000e+02 1.125200e+04
8.372000e+02 1.130510e+04
8.371000e+02 1.132010e+04
8.370000e+02 1.130803e+04
8.369000e+02 1.128717e+04
8.368000e+02 1.127500e+04
8.367000e+02 1.124823e+04
8.366000e+02 1.128873e+04
8.365000e+02 1.124557e+04
8.364000e+02 1.129940e+04
8.363000e+02 1.134290e+04
8.362000e+02 1.130770e+04
8.361000e+02 1.138853e+04
8.360000e+02 1.141447e+04
8.359000e+02 1.132257e+04
8.358000e+02 1.130870e+04
8.357000e+02 1.132240e+04
8.356000e+02 1.135343e+04
8.355000e+02 1.137060e+04
8.354000e+02 1.135570e+04
8.353000e+02 1.138683e+04
8.352000e+02 1.137533e+04
8.351000e+02 1.146143e+04
8.350000e+02 1.138093e+04
8.349000e+02 1.142223e+04
8.348000e+02 1.142667e+04
8.347000e+02 1.139430e+04
8.346000e+02 1.143537e+04
8.345000e+02 1.146537e+04
8.344000e+02 1.145337e+04
8.343000e+02 1.144623e+04
8.342000e+02 1.146050e+04
8.341000e+02 1.140970e+04
8.340000e+02 1.150120e+04
8.339000e+02 1.149043e+04
8.338000e+02 1.148093e+04
8.337000e+02 1.151423e+04
8.336000e+02 1.146207e+04
8.335000e+02 1.144380e+04
8.334000e+02 1.152177e+04
8.333000e+02 1.155830e+04
8.332000e+02 1.156947e+04
8.331000e+02 1.152693e+04
8.330000e+02 1.155520e+04
8.329000e+02 1.149980e+04
8.328000e+02 1.158553e+04
8.327000e+02 1.158190e+04
8.326000e+02 1.150803e+04
8.325000e+02 1.150250e+04
8.324000e+02 1.150023e+04
8.323000e+02 1.151970e+04
8.322000e+02 1.157903e+04
8.321000e+02 1.159170e+04
8.320000e+02 1.152320e+04
8.319000e+02 1.157063e+04
8.318000e+02 1.155367e+04
8.317000e+02 1.159333e+04
8.316000e+02 1.163940e+04
8.315000e+02 1.153750e+04
8.314000e+02 1.150357e+04
8.313000e+02 1.163007e+04
8.312000e+02 1.160383e+04
8.311000e+02 1.156353e+04
8.310000e+02 1.152520e+04
8.309000e+02 1.153293e+04
8.308000e+02 1.158487e+04
8.307000e+02 1.166737e+04
8.306000e+02 1.162040e+04
8.305000e+02 1.161957e+04
8.304000e+02 1.160500e+04
8.303000e+02 1.161230e+04
8.302000e+02 1.164750e+04
8.301000e+02 1.166310e+04
8.300000e+02 1.166990e+04
8.299000e+02 1.154553e+04
8.298000e+02 1.162473e+04
8.297000e+02 1.166833e+04
8.296000e+02 1.161853e+04
8.295000e+02 1.162720e+04
8.294000e+02 1.160040e+04
8.293000e+02 1.164077e+04
8.292000e+02 1.166250e+04
8.291000e+02 1.163153e+04
8.290000e+02 1.167487e+04
8.289000e+02 1.172163e+04
8.288000e+02 1.167163e+04
8.287000e+02 1.167070e+04
8.286000e+02 1.168217e+04
8.285000e+02 1.169060e+04
8.284000e+02 1.171330e+04
8.283000e+02 1.172943e+04
8.282000e+02 1.168167e+04
8.281000e+02 1.174793e+04
8.280000e+02 1.172190e+04
8.279000e+02 1.172057e+04
8.278000e+02 1.171843e+04
8.277000e+02 1.172307e+04
8.276000e+02 1.175277e+04
8.275000e+02 1.186990e+04
8.274000e+02 1.182770e+04
8.273000e+02 1.181333e+04
8.272000e+02 1.180373e+04
8.271000e+02 1.184607e+04
8.270000e+02 1.178080e+04
8.269000e+02 1.185923e+04
8.268000e+02 1.181353e+04
8.267000e+02 1.190080e+04
8.266000e+02 1.189133e+04
8.265000e+02 1.187737e+04
8.264000e+02 1.182273e+04
8.263000e+02 1.182413e+04
8.262000e+02 1.190130e+04
8.261000e+02 1.196677e+04
8.260000e+02 1.197003e+04
8.259000e+02 1.198313e+04
8.258000e+02 1.190240e+04
8.257000e+02 1.181923e+04
8.256000e+02 1.194790e+04
8.255000e+02 1.197050e+04
8.254000e+02 1.201537e+04
8.253000e+02 1.194660e+04
8.252000e+02 1.181477e+04
8.251000e+02 1.191193e+04
8.250000e+02 1.187020e+04
8.249000e+02 1.192830e+04
8.248000e+02 1.193143e+04
8.247000e+02 1.186143e+04
8.246000e+02 1.192697e+04
8.245000e+02 1.184950e+04
8.244000e+02 1.191450e+04
8.243000e+02 1.186983e+04
8.242000e+02 1.188153e+04
8.241000e+02 1.189747e+04
8.240000e+02 1.189797e+04
8.239000e+02 1.186200e+04
8.238000e+02 1.186970e+04
8.237000e+02 1.180983e+04
8.236000e+02 1.189990e+04
8.235000e+02 1.183973e+04
8.234000e+02 1.173643e+04
8.233000e+02 1.175483e+04
8.232000e+02 1.175760e+04
8.231000e+02 1.177580e+04
8.230000e+02 1.183010e+04
8.229000e+02 1.180197e+04
8.228000e+02 1.188507e+04
8.227000e+02 1.181340e+04
8.226000e+02 1.175913e+04
8.225000e+02 1.177477e+04
8.224000e+02 1.185077e+04
8.223000e+02 1.171633e+04
8.222000e+02 1.177340e+04
8.221000e+02 1.183497e+04
8.220000e+02 1.178497e+04
8.219000e+02 1.185443e+04
8.218000e+02 1.186423e+04
8.217000e+02 1.177357e+04
8.216000e+02 1.178253e+04
8.215000e+02 1.182017e+04
8.214000e+02 1.174607e+04
8.213000e+02 1.172713e+04
8.212000e+02 1.184577e+04
8.211000e+02 1.183263e+04
8.210000e+02 1.187223e+04
8.209000e+02 1.178753e+04
8.208000e+02 1.172887e+04
8.207000e+02 1.177470e+04
8.206000e+02 1.168290e+04
8.205000e+02 1.182997e+04
8.204000e+02 1.187700e+04
8.203000e+02 1.178990e+04
8.202000e+02 1.176513e+04
8.201000e+02 1.180650e+04
8.200000e+02 1.177950e+04
8.199000e+02 1.175010e+04
8.198000e+02 1.174687e+04
8.197000e+02 1.179250e+04
8.196000e+02 1.172690e+04
8.195000e+02 1.181907e+04
8.194000e+02 1.181750e+04
8.193000e+02 1.179270e+04
8.192000e+02 1.173730e+04
8.191000e+02 1.176173e+04
8.190000e+02 1.181447e+04
8.189000e+02 1.171127e+04
8.188000e+02 1.177557e+04
8.187000e+02 1.184800e+04
8.186000e+02 1.179190e+04
8.185000e+02 1.174573e+04
8.184000e+02 1.167690e+04
8.183000e+02 1.185193e+04
8.182000e+02 1.180473e+04
8.181000e+02 1.182500e+04
8.180000e+02 1.179830e+04
8.179000e+02 1.185560e+04
8.178000e+02 1.186960e+04
8.177000e+02 1.175560e+04
8.176000e+02 1.179227e+04
8.175000e+02 1.181857e+04
8.174000e+02 1.192497e+04
8.173000e+02 1.190340e+04
8.172000e+02 1.182693e+04
8.171000e+02 1.189910e+04
8.170000e+02 1.195137e+04
8.169000e+02 1.190470e+04
8.168000e+02 1.196157e+04
8.167000e+02 1.199760e+04
8.166000e+02 1.195060e+04
8.165000e+02 1.197363e+04
8.164000e+02 1.195770e+04
8.163000e+02 1.201133e+04
8.162000e+02 1.194807e+04
8.161000e+02 1.209590e+04
8.160000e+02 1.207393e+04
8.159000e+02 1.200427e+04
8.158000e+02 1.210287e+04
8.157000e+02 1.202953e+04
8.156000e+02 1.203067e+04
8.155000e+02 1.207847e+04
8.154000e+02 1.213077e+04
8.153000e+02 1.208880e+04
8.152000e+02 1.208063e+04
8.151000e+02 1.208777e+04
8.150000e+02 1.217760e+04
8.149000e+02 1.212533e+04
8.148000e+02 1.215403e+04
8.147000e+02 1.214787e+04
8.146000e+02 1.217203e+04
8.145000e+02 1.219110e+04
8.144000e+02 1.218580e+04
8.143000e+02 1.221743e+04
8.142000e+02 1.222587e+04
8.141000e+02 1.218620e+04
8.140000e+02 1.224077e+04
8.139000e+02 1.222757e+04
8.138000e+02 1.219237e+04
8.137000e+02 1.227287e+04
8.136000e+02 1.223940e+04
8.135000e+02 1.225827e+04
8.134000e+02 1.230323e+04
8.133000e+02 1.223210e+04
8.132000e+02 1.220620e+04
8.131000e+02 1.228363e+04
8.130000e+02 1.229693e+04
8.129000e+02 1.226350e+04
8.128000e+02 1.225420e+04
8.127000e+02 1.226903e+04
8.126000e+02 1.234590e+04
8.125000e+02 1.225457e+04
8.124000e+02 1.221957e+04
8.123000e+02 1.220003e+04
8.122000e+02 1.218043e+04
8.121000e+02 1.215280e+04
8.120000e+02 1.213437e+04
8.119000e+02 1.210980e+04
8.118000e+02 1.216543e+04
8.117000e+02 1.221663e+04
8.116000e+02 1.212633e+04
8.115000e+02 1.216327e+04
8.114000e+02 1.205310e+04
8.113000e+02 1.218407e+04
8.112000e+02 1.214540e+04
8.111000e+02 1.213920e+04
8.110000e+02 1.217513e+04
8.109000e+02 1.209730e+04
8.108000e+02 1.208463e+04
8.107000e+02 1.210453e+04
8.106000e+02 1.210993e+04
8.105000e+02 1.210523e+04
8.104000e+02 1.208940e+04
8.103000e+02 1.207543e+04
8.102000e+02 1.206120e+04
8.101000e+02 1.200897e+04
8.100000e+02 1.189690e+04
8.099000e+02 1.201777e+04
8.098000e+02 1.207693e+04
8.097000e+02 1.198257e+04
8.096000e+02 1.202287e+04
8.095000e+02 1.195423e+04
8.094000e+02 1.198873e+04
8.093000e+02 1.195637e+04
8.092000e+02 1.190923e+04
8.091000e+02 1.197050e+04
8.090000e+02 1.191463e+04
8.089000e+02 1.194167e+04
8.088000e+02 1.186640e+04
8.087000e+02 1.194180e+04
8.086000e+02 1.192547e+04
8.085000e+02 1.190097e+04
8.084000e+02 1.197290e+04
8.083000e+02 1.192940e+04
8.082000e+02 1.192250e+04
8.081000e+02 1.188280e+04
8.080000e+02 1.187850e+04
8.079000e+02 1.185257e+04
8.078000e+02 1.180630e+04
8.077000e+02 1.185887e+04
8.076000e+02 1.183610e+04
8.075000e+02 1.181287e+04
8.074000e+02 1.178293e+04
8.073000e+02 1.185723e+04
8.072000e+02 1.186477e+04
8.071000e+02 1.187037e+04
8.070000e+02 1.188187e+04
8.069000e+02 1.181053e+04
8.068000e+02 1.179303e+04
8.067000e+02 1.180887e+04
8.066000e+02 1.183073e+04
8.065000e+02 1.178330e+04
8.064000e+02 1.172723e+04
8.063000e+02 1.176767e+04
8.062000e+02 1.182893e+04
8.061000e+02 1.181633e+04
8.060000e+02 1.179417e+04
8.059000e+02 1.178503e+04
8.058000e+02 1.181737e+04
8.057000e+02 1.178877e+04
8.056000e+02 1.191767e+04
8.055000e+02 1.188137e+04
8.054000e+02 1.181840e+04
8.053000e+02 1.179773e+04
8.052000e+02 1.186030e+04
8.051000e+02 1.180390e+04
8.050000e+02 1.182767e+04
8.049000e+02 1.186533e+04
8.048000e+02 1.185617e+04
8.047000e+02 1.183207e+04
8.046000e+02 1.176787e+04
8.045000e+02 1.176317e+04
8.044000e+02 1.181127e+04
8.043000e+02 1.178487e+04
8.042000e+02 1.188953e+04
8.041000e+02 1.183403e+04
8.040000e+02 1.178933e+04
8.039000e+02 1.179710e+04
8.038000e+02 1.184640e+04
8.037000e+02 1.184897e+04
8.036000e+02 1.189313e+04
8.035000e+02 1.189703e+04
8.034000e+02 1.188617e+04
8.033000e+02 1.186490e+04
8.032000e+02 1.189110e+04
8.031000e+02 1.194027e+04
8.030000e+02 1.181073e+04
8.029000e+02 1.188063e+04
8.028000e+02 1.187437e+04
8.027000e+02 1.189707e+04
8.026000e+02 1.185273e+04
8.025000e+02 1.190413e+04
8.024000e+02 1.189053e+04
8.023000e+02 1.193247e+04
8.022000e+02 1.188907e+04
8.021000e+02 1.189667e+04
8.020000e+02 1.187050e+04
8.019000e+02 1.189033e+04
8.018000e+02 1.187313e+04
8.017000e+02 1.186437e+04
8.016000e+02 1.179257e+04
8.015000e+02 1.188123e+04
8.014000e+02 1.185863e+04
8.013000e+02 1.183327e+04
8.012000e+02 1.189983e+04
8.011000e+02 1.186063e+04
8.010000e+02 1.190987e+04
8.009000e+02 1.190843e+04
8.008000e+02 1.200373e+04
8.007000e+02 1.192590e+04
8.006000e+02 1.193723e+04
8.005000e+02 1.198680e+04
8.004000e+02 1.198617e+04
8.003000e+02 1.197673e+04
8.002000e+02 1.191840e+04
8.001000e+02 1.200607e+04
8.000000e+02 1.201763e+04
7.999000e+02 1.202963e+04
7.998000e+02 1.197337e+04
7.997000e+02 1.195733e+04
7.996000e+02 1.206127e+04
7.995000e+02 1.197890e+04
7.994000e+02 1.202180e+04
7.993000e+02 1.202853e+04
7.992000e+02 1.195457e+04
7.991000e+02 1.191210e+04
7.990000e+02 1.200877e+04
7.989000e+02 1.206613e+04
7.988000e+02 1.202857e+04
7.987000e+02 1.201333e+04
7.986000e+02 1.212800e+04
7.985000e+02 1.202833e+04
7.984000e+02 1.195933e+04
7.983000e+02 1.198317e+04
7.982000e+02 1.197667e+04
7.981000e+02 1.209767e+04
7.980000e+02 1.207023e+04
7.979000e+02 1.211473e+04
7.978000e+02 1.211720e+04
7.977000e+02 1.197470e+04
7.976000e+02 1.197010e+04
7.975000e+02 1.205990e+04
7.974000e+02 1.202097e+04
7.973000e+02 1.197047e+04
7.972000e+02 1.204733e+04
7.971000e+02 1.213747e+04
7.970000e+02 1.217787e+04
7.969000e+02 1.210217e+04
7.968000e+02 1.214187e+04
7.967000e+02 1.213120e+04
7.966000e+02 1.213707e+04
7.965000e+02 1.207953e+04
7.964000e+02 1.212337e+04
7.963000e+02 1.213713e+04
7.962000e+02 1.216447e+04
7.961000e+02 1.206417e+04
7.960000e+02 1.205250e+04
7.959000e+02 1.204163e+04
7.958000e+02 1.214370e+04
7.957000e+02 1.219387e+04
7.956000e+02 1.221623e+04
7.955000e+02 1.213370e+04
7.954000e+02 1.214407e+04
7.953000e+02 1.216227e+04
7.952000e+02 1.221377e+04
7.951000e+02 1.210347e+04
7.950000e+02 1.218223e+04
7.949000e+02 1.212267e+04
7.948000e+02 1.214357e+04
7.947000e+02 1.214903e+04
7.946000e+02 1.213100e+04
7.945000e+02 1.215583e+04
7.944000e+02 1.223347e+04
7.943000e+02 1.219307e+04
7.942000e+02 1.220710e+04
7.941000e+02 1.221750e+04
7.940000e+02 1.216913e+04
7.939000e+02 1.223240e+04
7.938000e+02 1.225810e+04
7.937000e+02 1.229620e+04
7.936000e+02 1.229023e+04
7.935000e+02 1.225753e+04
7.934000e+02 1.228903e+04
7.933000e+02 1.221353e+04
7.932000e+02 1.224433e+04
7.931000e+02 1.224583e+04
7.930000e+02 1.227057e+04
7.929000e+02 1.221177e+04
7.928000e+02 1.230963e+04
7.927000e+02 1.240560e+04
7.926000e+02 1.228810e+04
7.925000e+02 1.232963e+04
7.924000e+02 1.237067e+04
7.923000e+02 1.235630e+04
7.922000e+02 1.236913e+04
7.921000e+02 1.232250e+04
7.920000e+02 1.231160e+04
7.919000e+02 1.233487e+04
7.918000e+02 1.238420e+04
7.917000e+02 1.231197e+04
7.916000e+02 1.231090e+04
7.915000e+02 1.228673e+04
7.914000e+02 1.240703e+04
7.913000e+02 1.238180e+04
7.912000e+02 1.238037e+04
7.911000e+02 1.238320e+04
7.910000e+02 1.240367e+04
7.909000e+02 1.238883e+04
7.908000e+02 1.249887e+04
7.907000e+02 1.251487e+04
7.906000e+02 1.239230e+04
7.905000e+02 1.246773e+04
7.904000e+02 1.247100e+04
7.903000e+02 1.243953e+04
7.902000e+02 1.248640e+04
7.901000e+02 1.243420e+04
7.900000e+02 1.244713e+04
7.899000e+02 1.241587e+04
7.898000e+02 1.242737e+04
7.897000e+02 1.243890e+04
7.896000e+02 1.246797e+04
7.895000e+02 1.254017e+04
7.894000e+02 1.247420e+04
7.893000e+02 1.249160e+04
7.892000e+02 1.255490e+04
7.891000e+02 1.259913e+04
7.890000e+02 1.254260e+04
7.889000e+02 1.260293e+04
7.888000e+02 1.257130e+04
7.887000e+02 1.256533e+04
7.886000e+02 1.254193e+04
7.885000e+02 1.246047e+04
7.884000e+02 1.260127e+04
7.883000e+02 1.269813e+04
7.882000e+02 1.256613e+04
7.881000e+02 1.268690e+04
7.880000e+02 1.256337e+04
7.879000e+02 1.260563e+04
7.878000e+02 1.266453e+04
7.877000e+02 1.270207e+04
7.876000e+02 1.273177e+04
7.875000e+02 1.265083e+04
7.874000e+02 1.257827e+04
7.873000e+02 1.256200e+04
7.872000e+02 1.264260e+04
7.871000e+02 1.270120e+04
7.870000e+02 1.277907e+04
7.869000e+02 1.273323e+04
7.868000e+02 1.278267e+04
7.867000e+02 1.271903e+04
7.866000e+02 1.275603e+04
7.865000e+02 1.279800e+04
7.864000e+02 1.286053e+04
7.863000e+02 1.277100e+04
7.862000e+02 1.276193e+04
7.861000e+02 1.282397e+04
7.860000e+02 1.286213e+04
7.859000e+02 1.287617e+04
7.858000e+02 1.285440e+04
7.857000e+02 1.284073e+04
7.856000e+02 1.289503e+04
7.855000e+02 1.286933e+04
7.854000e+02 1.290707e+04
7.853000e+02 1.293163e+04
7.852000e+02 1.296553e+04
7.851000e+02 1.302910e+04
7.850000e+02 1.301447e+04
7.849000e+02 1.304003e+04
7.848000e+02 1.306243e+04
7.847000e+02 1.309353e+04
7.846000e+02 1.307490e+04
7.845000e+02 1.310480e+04
7.844000e+02 1.319087e+04
7.843000e+02 1.326557e+04
7.842000e+02 1.323230e+04
7.841000e+02 1.321680e+04
7.840000e+02 1.330403e+04
7.839000e+02 1.329330e+04
7.838000e+02 1.332120e+04
7.837000e+02 1.338990e+04
7.836000e+02 1.335100e+04
7.835000e+02 1.334827e+04
7.834000e+02 1.336990e+04
7.833000e+02 1.344427e+04
7.832000e+02 1.338583e+04
7.831000e+02 1.340063e+04
7.830000e+02 1.342807e+04
7.829000e+02 1.347073e+04
7.828000e+02 1.346307e+04
7.827000e+02 1.348303e+04
7.826000e+02 1.350437e+04
7.825000e+02 1.352880e+04
7.824000e+02 1.350503e+04
7.823000e+02 1.357240e+04
7.822000e+02 1.359840e+04
7.821000e+02 1.367173e+04
7.820000e+02 1.376080e+04
7.819000e+02 1.371203e+04
7.818000e+02 1.359747e+04
7.817000e+02 1.367360e+04
7.816000e+02 1.375890e+04
7.815000e+02 1.368140e+04
7.814000e+02 1.377270e+04
7.813000e+02 1.372450e+04
7.812000e+02 1.370060e+04
7.811000e+02 1.379957e+04
7.810000e+02 1.379483e+04
7.809000e+02 1.382773e+04
7.808000e+02 1.384290e+04
7.807000e+02 1.381673e+04
7.806000e+02 1.378997e+04
7.805000e+02 1.387320e+04
7.804000e+02 1.393707e+04
7.803000e+02 1.393137e+04
7.802000e+02 1.386633e+04
7.801000e+02 1.396640e+04
7.800000e+02 1.389987e+04
7.799000e+02 1.392973e+04
7.798000e+02 1.396603e+04
7.797000e+02 1.395660e+04
7.796000e+02 1.396477e+04
7.795000e+02 1.397297e+04
7.794000e+02 1.402000e+04
7.793000e+02 1.401837e+04
7.792000e+02 1.399137e+04
7.791000e+02 1.393953e+04
7.790000e+02 1.397483e+04
7.789000e+02 1.399503e+04
7.788000e+02 1.395283e+04
7.787000e+02 1.400513e+04
7.786000e+02 1.400747e+04
7.785000e+02 1.405473e+04
7.784000e+02 1.406637e+04
7.783000e+02 1.402247e+04
7.782000e+02 1.401820e+04
7.781000e+02 1.395280e+04
7.780000e+02 1.393073e+04
7.779000e+02 1.391843e+04
7.778000e+02 1.399347e+04
7.777000e+02 1.394430e+04
7.776000e+02 1.386653e+04
7.775000e+02 1.378817e+04
7.774000e+02 1.379320e+04
7.773000e+02 1.394997e+04
7.772000e+02 1.396030e+04
7.771000e+02 1.393230e+04
7.770000e+02 1.385140e+04
7.769000e+02 1.375400e+04
7.768000e+02 1.378693e+04
7.767000e+02 1.388870e+04
7.766000e+02 1.385687e+04
7.765000e+02 1.386050e+04
7.764000e+02 1.379780e+04
7.763000e+02 1.378323e+04
7.762000e+02 1.384550e+04
7.761000e+02 1.383470e+04
7.760000e+02 1.393850e+04
7.759000e+02 1.384850e+04
7.758000e+02 1.380790e+04
7.757000e+02 1.385893e+04
7.756000e+02 1.392837e+04
7.755000e+02 1.389870e+04
7.754000e+02 1.388100e+04
7.753000e+02 1.389333e+04
7.752000e+02 1.381407e+04
7.751000e+02 1.379143e+04
7.750000e+02 1.381073e+04
7.749000e+02 1.387417e+04
7.748000e+02 1.382610e+04
7.747000e+02 1.381217e+04
7.746000e+02 1.387380e+04
7.745000e+02 1.382820e+04
7.744000e+02 1.379437e+04
7.743000e+02 1.383213e+04
7.742000e+02 1.382967e+04
7.741000e+02 1.376773e+04
7.740000e+02 1.379633e+04
7.739000e+02 1.377847e+04
7.738000e+02 1.381217e+04
7.737000e+02 1.374223e+04
7.736000e+02 1.383670e+04
7.735000e+02 1.371090e+04
7.734000e+02 1.363167e+04
7.733000e+02 1.371323e+04
7.732000e+02 1.368187e+04
7.731000e+02 1.364333e+04
7.730000e+02 1.366767e+04
7.729000e+02 1.373080e+04
7.728000e+02 1.361227e+04
7.727000e+02 1.366893e+04
7.726000e+02 1.354737e+04
7.725000e+02 1.355487e+04
7.724000e+02 1.350667e+04
7.723000e+02 1.357927e+04
7.722000e+02 1.349963e+04
7.721000e+02 1.338363e+04
7.720000e+02 1.340893e+04
7.719000e+02 1.337623e+04
7.718000e+02 1.337297e+04
7.717000e+02 1.331750e+04
7.716000e+02 1.329827e+04
7.715000e+02 1.320323e+04
7.714000e+02 1.321223e+04
7.713000e+02 1.312527e+04
7.712000e+02 1.308567e+04
7.711000e+02 1.300773e+04
7.710000e+02 1.289470e+04
7.709000e+02 1.285787e+04
7.708000e+02 1.275450e+04
7.707000e+02 1.283903e+04
7.706000e+02 1.272507e+04
7.705000e+02 1.269503e+04
7.704000e+02 1.278517e+04
7.703000e+02 1.278773e+04
7.702000e+02 1.260923e+04
7.701000e+02 1.250360e+04
7.700000e+02 1.248483e+04
7.699000e+02 1.235577e+04
7.698000e+02 1.227817e+04
7.697000e+02 1.224567e+04
7.696000e+02 1.216680e+04
7.695000e+02 1.219627e+04
7.694000e+02 1.211323e+04
7.693000e+02 1.205820e+04
7.692000e+02 1.204810e+04
7.691000e+02 1.199013e+04
7.690000e+02 1.188080e+04
7.689000e+02 1.188913e+04
7.688000e+02 1.190073e+04
7.687000e+02 1.175713e+04
7.686000e+02 1.171717e+04
7.685000e+02 1.165797e+04
7.684000e+02 1.166780e+04
7.683000e+02 1.158897e+04
7.682000e+02 1.159593e+04
7.681000e+02 1.151523e+04
7.680000e+02 1.144383e+04
7.679000e+02 1.143850e+04
7.678000e+02 1.136597e+04
7.677000e+02 1.136390e+04
7.676000e+02 1.129293e+04
7.675000e+02 1.127343e+04
7.674000e+02 1.124353e+04
7.673000e+02 1.122570e+04
7.672000e+02 1.114110e+04
7.671000e+02 1.117147e+04
7.670000e+02 1.116380e+04
7.669000e+02 1.106037e+04
7.668000e+02 1.097903e+04
7.667000e+02 1.094260e+04
7.666000e+02 1.096353e+04
7.665000e+02 1.093467e+04
7.664000e+02 1.100330e+04
7.663000e+02 1.090277e+04
7.662000e+02 1.087177e+04
7.661000e+02 1.075507e+04
7.660000e+02 1.077373e+04
7.659000e+02 1.086813e+04
7.658000e+02 1.078063e+04
7.657000e+02 1.078180e+04
7.656000e+02 1.081297e+04
7.655000e+02 1.075910e+04
7.654000e+02 1.070860e+04
7.653000e+02 1.068340e+04
7.652000e+02 1.067737e+04
7.651000e+02 1.064637e+04
7.650000e+02 1.057283e+04
7.649000e+02 1.059757e+04
7.648000e+02 1.061097e+04
7.647000e+02 1.057830e+04
7.646000e+02 1.059890e+04
7.645000e+02 1.062443e+04
7.644000e+02 1.058357e+04
7.643000e+02 1.049327e+04
7.642000e+02 1.056403e+04
7.641000e+02 1.047477e+04
7.640000e+02 1.049023e+04
7.639000e+02 1.056383e+04
7.638000e+02 1.054037e+04
7.637000e+02 1.049330e+04
7.636000e+02 1.050410e+04
7.635000e+02 1.050330e+04
7.634000e+02 1.046630e+04
7.633000e+02 1.049013e+04
7.632000e+02 1.049140e+04
7.631000e+02 1.042333e+04
7.630000e+02 1.043057e+04
7.629000e+02 1.048743e+04
7.628000e+02 1.049573e+04
7.627000e+02 1.047430e+04
7.626000e+02 1.045137e+04
7.625000e+02 1.037520e+04
7.624000e+02 1.045660e+04
7.623000e+02 1.045373e+04
7.622000e+02 1.042693e+04
7.621000e+02 1.041643e+04
7.620000e+02 1.040157e+04
7.619000e+02 1.039267e+04
7.618000e+02 1.043953e+04
7.617000e+02 1.039050e+04
7.616000e+02 1.033300e+04
7.615000e+02 1.031880e+04
7.614000e+02 1.035997e+04
7.613000e+02 1.037197e+04
7.612000e+02 1.036313e+04
7.611000e+02 1.033563e+04
7.610000e+02 1.036600e+04
7.609000e+02 1.032740e+04
7.608000e+02 1.036657e+04
7.607000e+02 1.034147e+04
7.606000e+02 1.031987e+04
7.605000e+02 1.031220e+04
7.604000e+02 1.036840e+04
7.603000e+02 1.037093e+04
7.602000e+02 1.032387e+04
7.601000e+02 1.032980e+04
7.600000e+02 1.035397e+04
7.599000e+02 1.038063e+04
7.598000e+02 1.036820e+04
7.597000e+02 1.037430e+04
7.596000e+02 1.031523e+04
7.595000e+02 1.036087e+04
7.594000e+02 1.028613e+04
7.593000e+02 1.025500e+04
7.592000e+02 1.033057e+04
7.591000e+02 1.028903e+04
7.590000e+02 1.024393e+04
7.589000e+02 1.025853e+04
7.588000e+02 1.028157e+04
7.587000e+02 1.029487e+04
7.586000e+02 1.031030e+04
7.585000e+02 1.027790e+04
7.584000e+02 1.030493e+04
7.583000e+02 1.035783e+04
7.582000e+02 1.034683e+04
7.581000e+02 1.033363e+04
7.580000e+02 1.032583e+04
7.579000e+02 1.033050e+04
7.578000e+02 1.031870e+04
7.577000e+02 1.031070e+04
7.576000e+02 1.029320e+04
7.575000e+02 1.030690e+04
7.574000e+02 1.025063e+04
7.573000e+02 1.031390e+04
7.572000e+02 1.034777e+04
7.571000e+02 1.034933e+04
7.570000e+02 1.029230e+04
7.569000e+02 1.026490e+04
7.568000e+02 1.032817e+04
7.567000e+02 1.032740e+04
7.566000e+02 1.027640e+04
7.565000e+02 1.030913e+04
7.564000e+02 1.030610e+04
7.563000e+02 1.028833e+04
7.562000e+02 1.027663e+04
7.561000e+02 1.025420e+04
7.560000e+02 1.026403e+04
7.559000e+02 1.026243e+04
7.558000e+02 1.026267e+04
7.557000e+02 1.027977e+04
7.556000e+02 1.018907e+04
7.555000e+02 1.019633e+04
7.554000e+02 1.024367e+04
7.553000e+02 1.027450e+04
7.552000e+02 1.024137e+04
7.551000e+02 1.025667e+04
7.550000e+02 1.024573e+04
7.549000e+02 1.025803e+04
7.548000e+02 1.020717e+04
7.547000e+02 1.015547e+04
7.546000e+02 1.022183e+04
7.545000e+02 1.020950e+04
7.544000e+02 1.012750e+04
7.543000e+02 1.014657e+04
7.542000e+02 1.017000e+04
7.541000e+02 1.019313e+04
7.540000e+02 1.017767e+04
7.539000e+02 1.017130e+04
7.538000e+02 1.012867e+04
7.537000e+02 1.009073e+04
7.536000e+02 1.012090e+04
7.535000e+02 1.010990e+04
7.534000e+02 1.007947e+04
7.533000e+02 1.008917e+04
7.532000e+02 1.013623e+04
7.531000e+02 1.009600e+04
7.530000e+02 1.008330e+04
7.529000e+02 1.006443e+04
7.528000e+02 1.008817e+04
7.527000e+02 1.011373e+04
7.526000e+02 1.009700e+04
7.525000e+02 1.004397e+04
7.524000e+02 9.978167e+03
7.523000e+02 1.000843e+04
7.522000e+02 9.993433e+03
7.521000e+02 9.960967e+03
7.520000e+02 9.909067e+03
7.519000e+02 9.958800e+03
7.518000e+02 9.940667e+03
7.517000e+02 9.962900e+03
7.516000e+02 9.945100e+03
7.515000e+02 9.910367e+03
7.514000e+02 9.936067e+03
7.513000e+02 9.844467e+03
7.512000e+02 9.941500e+03
7.511000e+02 9.916767e+03
7.510000e+02 9.886967e+03
7.509000e+02 9.873233e+03
7.508000e+02 9.888433e+03
7.507000e+02 9.867767e+03
7.506000e+02 9.848233e+03
7.505000e+02 9.836367e+03
7.504000e+02 9.815667e+03
7.503000e+02 9.872833e+03
7.502000e+02 9.845100e+03
7.501000e+02 9.750200e+03
7.500000e+02 9.765833e+03
7.499000e+02 9.811467e+03
7.498000e+02 9.823533e+03
7.497000e+02 9.770867e+03
7.496000e+02 9.766533e+03
7.495000e+02 9.829133e+03
7.494000e+02 9.831000e+03
7.493000e+02 9.740833e+03
7.492000e+02 9.765000e+03
7.491000e+02 9.754800e+03
7.490000e+02 9.730567e+03
7.489000e+02 9.780533e+03
7.488000e+02 9.787100e+03
7.487000e+02 9.783367e+03
7.486000e+02 9.733600e+03
7.485000e+02 9.826767e+03
7.484000e+02 9.727767e+03
7.483000e+02 9.688900e+03
7.482000e+02 9.758900e+03
7.481000e+02 9.712867e+03
7.480000e+02 9.696000e+03
7.479000e+02 9.694767e+03
7.478000e+02 9.680067e+03
7.477000e+02 9.737067e+03
7.476000e+02 9.751533e+03
7.475000e+02 9.773567e+03
7.474000e+02 9.727767e+03
7.473000e+02 9.708233e+03
7.472000e+02 9.680467e+03
7.471000e+02 9.676800e+03
7.470000e+02 9.647167e+03
7.469000e+02 9.663467e+03
7.468000e+02 9.679667e+03
7.467000e+02 9.641400e+03
7.466000e+02 9.594267e+03
7.465000e+02 9.598400e+03
7.464000e+02 9.602967e+03
7.463000e+02 9.619367e+03
7.462000e+02 9.587633e+03
7.461000e+02 9.611967e+03
7.460000e+02 9.597900e+03
7.459000e+02 9.583133e+03
7.458000e+02 9.606733e+03
7.457000e+02 9.566200e+03
7.456000e+02 9.504167e+03
7.455000e+02 9.509367e+03
7.454000e+02 9.530000e+03
7.453000e+02 9.595200e+03
7.452000e+02 9.577300e+03
7.451000e+02 9.581033e+03
7.450000e+02 9.537533e+03
7.449000e+02 9.495033e+03
7.448000e+02 9.584433e+03
7.447000e+02 9.582500e+03
7.446000e+02 9.568633e+03
7.445000e+02 9.506400e+03
7.444000e+02 9.546567e+03
7.443000e+02 9.550733e+03
7.442000e+02 9.588033e+03
7.441000e+02 9.564800e+03
7.440000e+02 9.518600e+03
7.439000e+02 9.478667e+03
7.438000e+02 9.529133e+03
7.437000e+02 9.546300e+03
7.436000e+02 9.562833e+03
7.435000e+02 9.523467e+03
7.434000e+02 9.557300e+03
7.433000e+02 9.525233e+03
7.432000e+02 9.518000e+03
7.431000e+02 9.526967e+03
7.430000e+02 9.646167e+03
7.429000e+02 9.513100e+03
7.428000e+02 9.553300e+03
7.427000e+02 9.580033e+03
7.426000e+02 9.577100e+03
7.425000e+02 9.512433e+03
7.424000e+02 9.530133e+03
7.423000e+02 9.473833e+03
7.422000e+02 9.530367e+03
7.421000e+02 9.584633e+03
7.420000e+02 9.592300e+03
7.419000e+02 9.541167e+03
7.418000e+02 9.514467e+03
7.417000e+02 9.549733e+03
7.416000e+02 9.561267e+03
7.415000e+02 9.587833e+03
7.414000e+02 9.587000e+03
7.413000e+02 9.550100e+03
7.412000e+02 9.549700e+03
7.411000e+02 9.525767e+03
7.410000e+02 9.513467e+03
7.409000e+02 9.594233e+03
7.408000e+02 9.612700e+03
7.407000e+02 9.577533e+03
7.406000e+02 9.590033e+03
7.405000e+02 9.630733e+03
7.404000e+02 9.607900e+03
7.403000e+02 9.581567e+03
7.402000e+02 9.554833e+03
7.401000e+02 9.609267e+03
7.400000e+02 9.630333e+03
7.399000e+02 9.590900e+03
7.398000e+02 9.594800e+03
7.397000e+02 9.625000e+03
7.396000e+02 9.676567e+03
7.395000e+02 9.669500e+03
7.394000e+02 9.615233e+03
7.393000e+02 9.603433e+03
7.392000e+02 9.644833e+03
7.391000e+02 9.668533e+03
7.390000e+02 9.716533e+03
7.389000e+02 9.658300e+03
7.388000e+02 9.649133e+03
7.387000e+02 9.704767e+03
7.386000e+02 9.655167e+03
7.385000e+02 9.666233e+03
7.384000e+02 9.636667e+03
7.383000e+02 9.699900e+03
7.382000e+02 9.681633e+03
7.381000e+02 9.706500e+03
7.380000e+02 9.685200e+03
7.379000e+02 9.716467e+03
7.378000e+02 9.721967e+03
7.377000e+02 9.744033e+03
7.376000e+02 9.766067e+03
7.375000e+02 9.678800e+03
7.374000e+02 9.709133e+03
7.373000e+02 9.721000e+03
7.372000e+02 9.747633e+03
7.371000e+02 9.766567e+03
7.370000e+02 9.727300e+03
7.369000e+02 9.776333e+03
7.368000e+02 9.766867e+03
7.367000e+02 9.755800e+03
7.366000e+02 9.743967e+03
7.365000e+02 9.776300e+03
7.364000e+02 9.809500e+03
7.363000e+02 9.786867e+03
7.362000e+02 9.768300e+03
7.361000e+02 9.805433e+03
7.360000e+02 9.802633e+03
7.359000e+02 9.806600e+03
7.358000e+02 9.791300e+03
7.357000e+02 9.792700e+03
7.356000e+02 9.775633e+03
7.355000e+02 9.804833e+03
7.354000e+02 9.785600e+03
7.353000e+02 9.770733e+03
7.352000e+02 9.785767e+03
7.351000e+02 9.783567e+03
7.350000e+02 9.909367e+03
7.349000e+02 9.854900e+03
7.348000e+02 9.848900e+03
7.347000e+02 9.827833e+03
7.346000e+02 9.865933e+03
7.345000e+02 9.841333e+03
7.344000e+02 9.852100e+03
7.343000e+02 9.881467e+03
7.342000e+02 9.841867e+03
7.341000e+02 9.900100e+03
7.340000e+02 9.887233e+03
7.339000e+02 9.919033e+03
7.338000e+02 9.902200e+03
7.337000e+02 9.889567e+03
7.336000e+02 9.904633e+03
7.335000e+02 9.897967e+03
7.334000e+02 9.911733e+03
7.333000e+02 9.889567e+03
7.332000e+02 9.862500e+03
7.331000e+02 9.846700e+03
7.330000e+02 9.903567e+03
7.329000e+02 9.926800e+03
7.328000e+02 9.898033e+03
7.327000e+02 9.917033e+03
7.326000e+02 9.844400e+03
7.325000e+02 9.900633e+03
7.324000e+02 9.923700e+03
7.323000e+02 9.967300e+03
7.322000e+02 9.883567e+03
7.321000e+02 9.955733e+03
7.320000e+02 9.969100e+03
7.319000e+02 9.939100e+03
7.318000e+02 9.978533e+03
7.317000e+02 9.939567e+03
7.316000e+02 9.927367e+03
7.315000e+02 9.955033e+03
7.314000e+02 9.974367e+03
7.313000e+02 1.003647e+04
7.312000e+02 9.976033e+03
7.311000e+02 9.988133e+03
7.310000e+02 9.987400e+03
7.309000e+02 9.946900e+03
7.308000e+02 9.962200e+03
7.307000e+02 1.004337e+04
7.306000e+02 9.999933e+03
7.305000e+02 9.988800e+03
7.304000e+02 9.931633e+03
7.303000e+02 9.985767e+03
7.302000e+02 9.992133e+03
7.301000e+02 9.969033e+03
7.300000e+02 9.978833e+03
7.299000e+02 1.000800e+04
7.298000e+02 1.002270e+04
7.297000e+02 1.004630e+04
7.296000e+02 1.003720e+04
7.295000e+02 9.977867e+03
7.294000e+02 1.006430e+04
7.293000e+02 1.008157e+04
7.292000e+02 1.008503e+04
7.291000e+02 1.006390e+04
7.290000e+02 1.004343e+04
7.289000e+02 1.004777e+04
7.288000e+02 1.002993e+04
7.287000e+02 1.006247e+04
7.286000e+02 1.010883e+04
7.285000e+02 1.006270e+04
7.284000e+02 1.005163e+04
7.283000e+02 1.007783e+04
7.282000e+02 1.005600e+04
7.281000e+02 1.012570e+04
7.280000e+02 1.014487e+04
7.279000e+02 1.010307e+04
7.278000e+02 1.018213e+04
7.277000e+02 1.014053e+04
7.276000e+02 1.011667e+04
7.275000e+02 1.015833e+04
7.274000e+02 1.013017e+04
7.273000e+02 1.011333e+04
7.272000e+02 1.014583e+04
7.271000e+02 1.018630e+04
7.270000e+02 1.017010e+04
7.269000e+02 1.017887e+04
7.268000e+02 1.018427e+04
7.267000e+02 1.016173e+04
7.266000e+02 1.018610e+04
7.265000e+02 1.019150e+04
7.264000e+02 1.020093e+04
7.263000e+02 1.021610e+04
7.262000e+02 1.024070e+04
7.261000e+02 1.028637e+04
7.260000e+02 1.031200e+04
7.259000e+02 1.034063e+04
7.258000e+02 1.033057e+04
7.257000e+02 1.028600e+04
7.256000e+02 1.033163e+04
7.255000e+02 1.030360e+04
7.254000e+02 1.035610e+04
7.253000e+02 1.042610e+04
7.252000e+02 1.047550e+04
7.251000e+02 1.049910e+04
7.250000e+02 1.047983e+04
7.249000e+02 1.048313e+04
7.248000e+02 1.052997e+04
7.247000e+02 1.054110e+04
7.246000e+02 1.058700e+04
7.245000e+02 1.064807e+04
7.244000e+02 1.061637e+04
7.243000e+02 1.062037e+04
7.242000e+02 1.071707e+04
7.241000e+02 1.077693e+04
7.240000e+02 1.072990e+04
7.239000e+02 1.075280e+04
7.238000e+02 1.077923e+04
7.237000e+02 1.079110e+04
7.236000e+02 1.076243e+04
7.235000e+02 1.080963e+04
7.234000e+02 1.080723e+04
7.233000e+02 1.079653e+04
7.232000e+02 1.090697e+04
7.231000e+02 1.091473e+04
7.230000e+02 1.088057e+04
7.229000e+02 1.090373e+04
7.228000e+02 1.097890e+04
7.227000e+02 1.093993e+04
7.226000e+02 1.095010e+04
7.225000e+02 1.092937e+04
7.224000e+02 1.097030e+04
7.223000e+02 1.098183e+04
7.222000e+02 1.101843e+04
7.221000e+02 1.101857e+04
7.220000e+02 1.105997e+04
7.219000e+02 1.103810e+04
7.218000e+02 1.101960e+04
7.217000e+02 1.104330e+04
7.216000e+02 1.105307e+04
7.215000e+02 1.106727e+04
7.214000e+02 1.105333e+04
7.213000e+02 1.111700e+04
7.212000e+02 1.107867e+04
7.211000e+02 1.099950e+04
7.210000e+02 1.103127e+04
7.209000e+02 1.106133e+04
7.208000e+02 1.109260e+04
7.207000e+02 1.104393e+04
7.206000e+02 1.099060e+04
7.205000e+02 1.102417e+04
7.204000e+02 1.106850e+04
7.203000e+02 1.111447e+04
7.202000e+02 1.108977e+04
7.201000e+02 1.114227e+04
7.200000e+02 1.104607e+04
7.199000e+02 1.108093e+04
7.198000e+02 1.106227e+04
7.197000e+02 1.096557e+04
7.196000e+02 1.106523e+04
7.195000e+02 1.105130e+04
7.194000e+02 1.104917e+04
7.193000e+02 1.113073e+04
7.192000e+02 1.110420e+04
7.191000e+02 1.110537e+04
7.190000e+02 1.114583e+04
7.189000e+02 1.120560e+04
7.188000e+02 1.112373e+04
7.187000e+02 1.111350e+04
7.186000e+02 1.115653e+04
7.185000e+02 1.111017e+04
7.184000e+02 1.119167e+04
7.183000e+02 1.118220e+04
7.182000e+02 1.123743e+04
7.181000e+02 1.124557e+04
7.180000e+02 1.129700e+04
7.179000e+02 1.134280e+04
7.178000e+02 1.130280e+04
7.177000e+02 1.133883e+04
7.176000e+02 1.141257e+04
7.175000e+02 1.140243e+04
7.174000e+02 1.137493e+04
7.173000e+02 1.141417e+04
7.172000e+02 1.148960e+04
7.171000e+02 1.151717e+04
7.170000e+02 1.148907e+04
7.169000e+02 1.149873e+04
7.168000e+02 1.155543e+04
7.167000e+02 1.163583e+04
7.166000e+02 1.167390e+04
7.165000e+02 1.163960e+04
7.164000e+02 1.173047e+04
7.163000e+02 1.179557e+04
7.162000e+02 1.182813e+04
7.161000e+02 1.184400e+04
7.160000e+02 1.194597e+04
7.159000e+02 1.196010e+04
7.158000e+02 1.194377e+04
7.157000e+02 1.196720e+04
7.156000e+02 1.206340e+04
7.155000e+02 1.208607e+04
7.154000e+02 1.210550e+04
7.153000e+02 1.205030e+04
7.152000e+02 1.214040e+04
7.151000e+02 1.215073e+04
7.150000e+02 1.220473e+04
7.149000e+02 1.221797e+04
7.148000e+02 1.230050e+04
7.147000e+02 1.230390e+04
7.146000e+02 1.237410e+04
7.145000e+02 1.240920e+04
7.144000e+02 1.247877e+04
7.143000e+02 1.242910e+04
7.142000e+02 1.248247e+04
7.141000e+02 1.253467e+04
7.140000e+02 1.256730e+04
7.139000e+02 1.263570e+04
7.138000e+02 1.277310e+04
7.137000e+02 1.275763e+04
7.136000e+02 1.290263e+04
7.135000e+02 1.289357e+04
7.134000e+02 1.291470e+04
7.133000e+02 1.293617e+04
7.132000e+02 1.295657e+04
7.131000e+02 1.307013e+04
7.130000e+02 1.317503e+04
7.129000e+02 1.323137e+04
7.128000e+02 1.323740e+04
7.127000e+02 1.327180e+04
7.126000e+02 1.341297e+04
7.125000e+02 1.346320e+04
7.124000e+02 1.346200e+04
7.123000e+02 1.350313e+04
7.122000e+02 1.355110e+04
7.121000e+02 1.361530e+04
7.120000e+02 1.357727e+04
7.119000e+02 1.362267e+04
7.118000e+02 1.363947e+04
7.117000e+02 1.355600e+04
7.116000e+02 1.359207e+04
7.115000e+02 1.357210e+04
7.114000e+02 1.352143e+04
7.113000e+02 1.345633e+04
7.112000e+02 1.346863e+04
7.111000e+02 1.343553e+04
7.110000e+02 1.340337e+04
7.109000e+02 1.327787e+04
7.108000e+02 1.319773e+04
7.107000e+02 1.308470e+04
7.106000e+02 1.303390e+04
7.105000e+02 1.302253e+04
7.104000e+02 1.293617e+04
7.103000e+02 1.295123e+04
7.102000e+02 1.287730e+04
7.101000e+02 1.284110e+04
7.100000e+02 1.276263e+04
7.099000e+02 1.268743e+04
7.098000e+02 1.262567e+04
7.097000e+02 1.251620e+04
7.096000e+02 1.250087e+04
7.095000e+02 1.247273e+04
7.094000e+02 1.238097e+04
7.093000e+02 1.234130e+04
7.092000e+02 1.231487e+04
7.091000e+02 1.228037e+04
7.090000e+02 1.230680e+04
7.089000e+02 1.224610e+04
7.088000e+02 1.215053e+04
7.087000e+02 1.210327e+04
7.086000e+02 1.212227e+04
7.085000e+02 1.202560e+04
7.084000e+02 1.204057e+04
7.083000e+02 1.202920e+04
7.082000e+02 1.198813e+04
7.081000e+02 1.199780e+04
7.080000e+02 1.202067e+04
7.079000e+02 1.192430e+04
7.078000e+02 1.187800e+04
7.077000e+02 1.186340e+04
7.076000e+02 1.193383e+04
7.075000e+02 1.179983e+04
7.074000e+02 1.180860e+04
7.073000e+02 1.183913e+04
7.072000e+02 1.174310e+04
7.071000e+02 1.171100e+04
7.070000e+02 1.172143e+04
7.069000e+02 1.172577e+04
7.068000e+02 1.170580e+04
7.067000e+02 1.172643e+04
7.066000e+02 1.162997e+04
7.065000e+02 1.153623e+04
7.064000e+02 1.154090e+04
7.063000e+02 1.151617e+04
7.062000e+02 1.154033e+04
7.061000e+02 1.151663e+04
7.060000e+02 1.149613e+04
7.059000e+02 1.150973e+04
7.058000e+02 1.145963e+04
7.057000e+02 1.143250e+04
7.056000e+02 1.136793e+04
7.055000e+02 1.139783e+04
7.054000e+02 1.136313e+04
7.053000e+02 1.132877e+04
7.052000e+02 1.132587e+04
7.051000e+02 1.134783e+04
7.050000e+02 1.129790e+04
7.049000e+02 1.124537e+04
7.048000e+02 1.122117e+04
7.047000e+02 1.125690e+04
7.046000e+02 1.128500e+04
7.045000e+02 1.123683e+04
7.044000e+02 1.119720e+04
7.043000e+02 1.116537e+04
7.042000e+02 1.116517e+04
7.041000e+02 1.113340e+04
7.040000e+02 1.109293e+04
7.039000e+02 1.106860e+04
7.038000e+02 1.103167e+04
7.037000e+02 1.100250e+04
7.036000e+02 1.087013e+04
7.035000e+02 1.090913e+04
7.034000e+02 1.084570e+04
7.033000e+02 1.079027e+04
7.032000e+02 1.073613e+04
7.031000e+02 1.075807e+04
7.030000e+02 1.067900e+04
7.029000e+02 1.055210e+04
7.028000e+02 1.054790e+04
7.027000e+02 1.047313e+04
7.026000e+02 1.036340e+04
7.025000e+02 1.031480e+04
7.024000e+02 1.020250e+04
7.023000e+02 1.016517e+04
7.022000e+02 1.006457e+04
7.021000e+02 1.002013e+04
7.020000e+02 9.907367e+03
7.019000e+02 9.840300e+03
7.018000e+02 9.704900e+03
7.017000e+02 9.672067e+03
7.016000e+02 9.548133e+03
7.015000e+02 9.467867e+03
7.014000e+02 9.418133e+03
7.013000e+02 9.335867e+03
7.012000e+02 9.192667e+03
7.011000e+02 9.178600e+03
7.010000e+02 9.054500e+03
7.009000e+02 8.965067e+03
7.008000e+02 8.893367e+03
7.007000e+02 8.819767e+03
7.006000e+02 8.741567e+03
7.005000e+02 8.685633e+03
7.004000e+02 8.643367e+03
7.003000e+02 8.624733e+03
7.002000e+02 8.537400e+03
7.001000e+02 8.466967e+03
7.000000e+02 8.454133e+03
