Ni2p Fe3O4
8.900000e+002	9.708533e+003		
8.899000e+002	9.629800e+003		
8.898000e+002	9.619300e+003		
8.897000e+002	9.540033e+003		
8.896000e+002	9.602233e+003		
8.895000e+002	9.652133e+003		
8.894000e+002	9.576067e+003		
8.893000e+002	9.531300e+003		
8.892000e+002	9.631100e+003		
8.891000e+002	9.576600e+003		
8.890000e+002	9.527967e+003		
8.889000e+002	9.493967e+003		
8.888000e+002	9.485433e+003		
8.887000e+002	9.436167e+003		
8.886000e+002	9.353733e+003		
8.885000e+002	9.364033e+003		
8.884000e+002	9.351267e+003		
8.883000e+002	9.331767e+003		
8.882000e+002	9.279433e+003		
8.881000e+002	9.129667e+003		
8.880000e+002	9.175867e+003		
8.879000e+002	9.200867e+003		
8.878000e+002	9.083433e+003		
8.877000e+002	9.044933e+003		
8.876000e+002	9.041567e+003		
8.875000e+002	8.932933e+003		
8.874000e+002	8.863433e+003		
8.873000e+002	8.883767e+003		
8.872000e+002	8.800067e+003		
8.871000e+002	8.636067e+003		
8.870000e+002	8.544900e+003		
8.869000e+002	8.592467e+003		
8.868000e+002	8.580367e+003		
8.867000e+002	8.552433e+003		
8.866000e+002	8.473867e+003		
8.865000e+002	8.484500e+003		
8.864000e+002	8.394267e+003		
8.863000e+002	8.418533e+003		
8.862000e+002	8.342933e+003		
8.861000e+002	8.263667e+003		
8.860000e+002	8.227800e+003		
8.859000e+002	8.197400e+003		
8.858000e+002	8.153233e+003		
8.857000e+002	8.139000e+003		
8.856000e+002	8.156167e+003		
8.855000e+002	8.186367e+003		
8.854000e+002	8.032967e+003		
8.853000e+002	8.100267e+003		
8.852000e+002	8.090800e+003		
8.851000e+002	8.072667e+003		
8.850000e+002	8.158367e+003		
8.849000e+002	8.052100e+003		
8.848000e+002	8.169733e+003		
8.847000e+002	8.133567e+003		
8.846000e+002	8.053067e+003		
8.845000e+002	7.955133e+003		
8.844000e+002	7.948800e+003		
8.843000e+002	8.050000e+003		
8.842000e+002	8.132033e+003		
8.841000e+002	8.017333e+003		
8.840000e+002	7.969967e+003		
8.839000e+002	7.963433e+003		
8.838000e+002	7.982567e+003		
8.837000e+002	7.920167e+003		
8.836000e+002	7.945467e+003		
8.835000e+002	8.012233e+003		
8.834000e+002	7.909167e+003		
8.833000e+002	7.923333e+003		
8.832000e+002	7.934567e+003		
8.831000e+002	7.916033e+003		
8.830000e+002	7.948033e+003		
8.829000e+002	7.963867e+003		
8.828000e+002	7.846633e+003		
8.827000e+002	7.850300e+003		
8.826000e+002	7.909167e+003		
8.825000e+002	7.979633e+003		
8.824000e+002	7.931867e+003		
8.823000e+002	7.845267e+003		
8.822000e+002	7.951667e+003		
8.821000e+002	7.892767e+003		
8.820000e+002	7.829733e+003		
8.819000e+002	7.884367e+003		
8.818000e+002	7.879900e+003		
8.817000e+002	7.901200e+003		
8.816000e+002	7.940467e+003		
8.815000e+002	7.915933e+003		
8.814000e+002	7.896167e+003		
8.813000e+002	7.941700e+003		
8.812000e+002	7.882733e+003		
8.811000e+002	7.884133e+003		
8.810000e+002	7.869967e+003		
8.809000e+002	7.888667e+003		
8.808000e+002	7.951300e+003		
8.807000e+002	7.918533e+003		
8.806000e+002	7.943900e+003		
8.805000e+002	7.938167e+003		
8.804000e+002	7.921500e+003		
8.803000e+002	7.937100e+003		
8.802000e+002	7.870700e+003		
8.801000e+002	7.876633e+003		
8.800000e+002	7.923567e+003		
8.799000e+002	7.888467e+003		
8.798000e+002	7.884700e+003		
8.797000e+002	7.907200e+003		
8.796000e+002	7.800167e+003		
8.795000e+002	7.776067e+003		
8.794000e+002	7.858467e+003		
8.793000e+002	7.891900e+003		
8.792000e+002	7.894167e+003		
8.791000e+002	7.901433e+003		
8.790000e+002	7.879100e+003		
8.789000e+002	7.783700e+003		
8.788000e+002	7.853600e+003		
8.787000e+002	7.903100e+003		
8.786000e+002	8.001767e+003		
8.785000e+002	7.908367e+003		
8.784000e+002	7.858333e+003		
8.783000e+002	7.935000e+003		
8.782000e+002	7.934733e+003		
8.781000e+002	7.959433e+003		
8.780000e+002	7.870400e+003		
8.779000e+002	7.816367e+003		
8.778000e+002	7.883267e+003		
8.777000e+002	7.848133e+003		
8.776000e+002	7.856133e+003		
8.775000e+002	7.927700e+003		
8.774000e+002	7.926367e+003		
8.773000e+002	7.927133e+003		
8.772000e+002	7.931767e+003		
8.771000e+002	7.886600e+003		
8.770000e+002	7.822200e+003		
8.769000e+002	7.862567e+003		
8.768000e+002	7.861300e+003		
8.767000e+002	7.893733e+003		
8.766000e+002	7.829367e+003		
8.765000e+002	7.791033e+003		
8.764000e+002	7.709500e+003		
8.763000e+002	7.809000e+003		
8.762000e+002	7.855200e+003		
8.761000e+002	7.864400e+003		
8.760000e+002	7.788033e+003		
8.759000e+002	7.783400e+003		
8.758000e+002	7.809800e+003		
8.757000e+002	7.822867e+003		
8.756000e+002	7.850400e+003		
8.755000e+002	7.792967e+003		
8.754000e+002	7.766300e+003		
8.753000e+002	7.717000e+003		
8.752000e+002	7.792133e+003		
8.751000e+002	7.803733e+003		
8.750000e+002	7.774700e+003		
8.749000e+002	7.694833e+003		
8.748000e+002	7.770733e+003		
8.747000e+002	7.769733e+003		
8.746000e+002	7.714933e+003		
8.745000e+002	7.789000e+003		
8.744000e+002	7.812933e+003		
8.743000e+002	7.643833e+003		
8.742000e+002	7.686700e+003		
8.741000e+002	7.748067e+003		
8.740000e+002	7.773400e+003		
8.739000e+002	7.745900e+003		
8.738000e+002	7.742633e+003		
8.737000e+002	7.709933e+003		
8.736000e+002	7.667700e+003		
8.735000e+002	7.614833e+003		
8.734000e+002	7.613633e+003		
8.733000e+002	7.599867e+003		
8.732000e+002	7.677600e+003		
8.731000e+002	7.661733e+003		
8.730000e+002	7.683667e+003		
8.729000e+002	7.644233e+003		
8.728000e+002	7.673333e+003		
8.727000e+002	7.600133e+003		
8.726000e+002	7.685300e+003		
8.725000e+002	7.694367e+003		
8.724000e+002	7.617367e+003		
8.723000e+002	7.673900e+003		
8.722000e+002	7.727200e+003		
8.721000e+002	7.656667e+003		
8.720000e+002	7.631067e+003		
8.719000e+002	7.584867e+003		
8.718000e+002	7.740500e+003		
8.717000e+002	7.667167e+003		
8.716000e+002	7.675000e+003		
8.715000e+002	7.699667e+003		
8.714000e+002	7.711133e+003		
8.713000e+002	7.615267e+003		
8.712000e+002	7.684467e+003		
8.711000e+002	7.681867e+003		
8.710000e+002	7.647367e+003		
8.709000e+002	7.703400e+003		
8.708000e+002	7.644900e+003		
8.707000e+002	7.627200e+003		
8.706000e+002	7.681667e+003		
8.705000e+002	7.646533e+003		
8.704000e+002	7.583333e+003		
8.703000e+002	7.682733e+003		
8.702000e+002	7.698867e+003		
8.701000e+002	7.659400e+003		
8.700000e+002	7.607833e+003		
8.699000e+002	7.607933e+003		
8.698000e+002	7.591933e+003		
8.697000e+002	7.661533e+003		
8.696000e+002	7.678667e+003		
8.695000e+002	7.722133e+003		
8.694000e+002	7.732867e+003		
8.693000e+002	7.743333e+003		
8.692000e+002	7.710433e+003		
8.691000e+002	7.611267e+003		
8.690000e+002	7.716933e+003		
8.689000e+002	7.617233e+003		
8.688000e+002	7.727467e+003		
8.687000e+002	7.730733e+003		
8.686000e+002	7.722633e+003		
8.685000e+002	7.710300e+003		
8.684000e+002	7.719833e+003		
8.683000e+002	7.686600e+003		
8.682000e+002	7.688667e+003		
8.681000e+002	7.693167e+003		
8.680000e+002	7.718233e+003		
8.679000e+002	7.742900e+003		
8.678000e+002	7.745600e+003		
8.677000e+002	7.734000e+003		
8.676000e+002	7.782767e+003		
8.675000e+002	7.727900e+003		
8.674000e+002	7.769233e+003		
8.673000e+002	7.805300e+003		
8.672000e+002	7.748000e+003		
8.671000e+002	7.725467e+003		
8.670000e+002	7.771500e+003		
8.669000e+002	7.817667e+003		
8.668000e+002	7.821367e+003		
8.667000e+002	7.730400e+003		
8.666000e+002	7.797900e+003		
8.665000e+002	7.806300e+003		
8.664000e+002	7.784700e+003		
8.663000e+002	7.771767e+003		
8.662000e+002	7.678567e+003		
8.661000e+002	7.780667e+003		
8.660000e+002	7.776267e+003		
8.659000e+002	7.722233e+003		
8.658000e+002	7.748700e+003		
8.657000e+002	7.806233e+003		
8.656000e+002	7.708267e+003		
8.655000e+002	7.849233e+003		
8.654000e+002	7.816467e+003		
8.653000e+002	7.832267e+003		
8.652000e+002	7.750933e+003		
8.651000e+002	7.722833e+003		
8.650000e+002	7.839400e+003		
8.649000e+002	7.847833e+003		
8.648000e+002	7.945100e+003		
8.647000e+002	7.857400e+003		
8.646000e+002	7.883433e+003		
8.645000e+002	7.876867e+003		
8.644000e+002	7.848533e+003		
8.643000e+002	7.932500e+003		
8.642000e+002	7.890033e+003		
8.641000e+002	7.945200e+003		
8.640000e+002	7.948267e+003		
8.639000e+002	7.899500e+003		
8.638000e+002	7.954633e+003		
8.637000e+002	7.918300e+003		
8.636000e+002	7.839267e+003		
8.635000e+002	7.878300e+003		
8.634000e+002	7.984367e+003		
8.633000e+002	7.958667e+003		
8.632000e+002	7.996067e+003		
8.631000e+002	7.961633e+003		
8.630000e+002	7.974167e+003		
8.629000e+002	7.949467e+003		
8.628000e+002	7.986767e+003		
8.627000e+002	8.030633e+003		
8.626000e+002	8.045667e+003		
8.625000e+002	7.988500e+003		
8.624000e+002	7.890767e+003		
8.623000e+002	7.989833e+003		
8.622000e+002	8.060000e+003		
8.621000e+002	8.070333e+003		
8.620000e+002	7.990833e+003		
8.619000e+002	8.045133e+003		
8.618000e+002	8.084467e+003		
8.617000e+002	8.121000e+003		
8.616000e+002	8.107567e+003		
8.615000e+002	8.113600e+003		
8.614000e+002	8.099833e+003		
8.613000e+002	8.139000e+003		
8.612000e+002	8.172267e+003		
8.611000e+002	8.058700e+003		
8.610000e+002	8.105600e+003		
8.609000e+002	8.188933e+003		
8.608000e+002	8.166567e+003		
8.607000e+002	8.192200e+003		
8.606000e+002	8.191567e+003		
8.605000e+002	8.231267e+003		
8.604000e+002	8.168600e+003		
8.603000e+002	8.194333e+003		
8.602000e+002	8.127133e+003		
8.601000e+002	8.136933e+003		
8.600000e+002	8.211800e+003		
8.599000e+002	8.235700e+003		
8.598000e+002	8.224133e+003		
8.597000e+002	8.191900e+003		
8.596000e+002	8.227167e+003		
8.595000e+002	8.225333e+003		
8.594000e+002	8.242800e+003		
8.593000e+002	8.226300e+003		
8.592000e+002	8.260167e+003		
8.591000e+002	8.273300e+003		
8.590000e+002	8.267467e+003		
8.589000e+002	8.280167e+003		
8.588000e+002	8.315700e+003		
8.587000e+002	8.263800e+003		
8.586000e+002	8.321167e+003		
8.585000e+002	8.336400e+003		
8.584000e+002	8.358800e+003		
8.583000e+002	8.291967e+003		
8.582000e+002	8.345800e+003		
8.581000e+002	8.304600e+003		
8.580000e+002	8.392233e+003		
8.579000e+002	8.459233e+003		
8.578000e+002	8.424500e+003		
8.577000e+002	8.434500e+003		
8.576000e+002	8.437733e+003		
8.575000e+002	8.382100e+003		
8.574000e+002	8.490133e+003		
8.573000e+002	8.413067e+003		
8.572000e+002	8.434200e+003		
8.571000e+002	8.498133e+003		
8.570000e+002	8.549133e+003		
8.569000e+002	8.492833e+003		
8.568000e+002	8.425267e+003		
8.567000e+002	8.443833e+003		
8.566000e+002	8.477067e+003		
8.565000e+002	8.507100e+003		
8.564000e+002	8.537433e+003		
8.563000e+002	8.509133e+003		
8.562000e+002	8.552600e+003		
8.561000e+002	8.605133e+003		
8.560000e+002	8.707500e+003		
8.559000e+002	8.627733e+003		
8.558000e+002	8.582100e+003		
8.557000e+002	8.623067e+003		
8.556000e+002	8.612033e+003		
8.555000e+002	8.681367e+003		
8.554000e+002	8.594233e+003		
8.553000e+002	8.561633e+003		
8.552000e+002	8.673633e+003		
8.551000e+002	8.781400e+003		
8.550000e+002	8.758600e+003		
8.549000e+002	8.742600e+003		
8.548000e+002	8.807833e+003		
8.547000e+002	8.710867e+003		
8.546000e+002	8.720067e+003		
8.545000e+002	8.679733e+003		
8.544000e+002	8.747733e+003		
8.543000e+002	8.771767e+003		
8.542000e+002	8.741100e+003		
8.541000e+002	8.860833e+003		
8.540000e+002	8.838567e+003		
8.539000e+002	8.803300e+003		
8.538000e+002	8.853033e+003		
8.537000e+002	8.867767e+003		
8.536000e+002	8.849400e+003		
8.535000e+002	8.738367e+003		
8.534000e+002	8.841300e+003		
8.533000e+002	8.828200e+003		
8.532000e+002	8.868400e+003		
8.531000e+002	8.946633e+003		
8.530000e+002	8.984833e+003		
8.529000e+002	8.920400e+003		
8.528000e+002	8.876500e+003		
8.527000e+002	8.819033e+003		
8.526000e+002	8.857967e+003		
8.525000e+002	9.078167e+003		
8.524000e+002	9.094733e+003		
8.523000e+002	9.037867e+003		
8.522000e+002	9.048933e+003		
8.521000e+002	8.981900e+003		
8.520000e+002	8.966833e+003		
8.519000e+002	8.948433e+003		
8.518000e+002	9.077067e+003		
8.517000e+002	9.093433e+003		
8.516000e+002	9.080767e+003		
8.515000e+002	9.069633e+003		
8.514000e+002	9.119000e+003		
8.513000e+002	9.200833e+003		
8.512000e+002	9.080333e+003		
8.511000e+002	9.076333e+003		
8.510000e+002	9.052600e+003		
8.509000e+002	9.118400e+003		
8.508000e+002	9.148000e+003		
8.507000e+002	9.083333e+003		
8.506000e+002	9.184033e+003		
8.505000e+002	9.141633e+003		
8.504000e+002	9.269133e+003		
8.503000e+002	9.306267e+003		
8.502000e+002	9.189000e+003		
8.501000e+002	9.248533e+003		
8.500000e+002	9.245133e+003		
8.499000e+002	9.234100e+003		
8.498000e+002	9.273733e+003		
8.497000e+002	9.293100e+003		
8.496000e+002	9.282933e+003		
8.495000e+002	9.264467e+003		
8.494000e+002	9.175833e+003		
8.493000e+002	9.234033e+003		
8.492000e+002	9.288733e+003		
8.491000e+002	9.287833e+003		
8.490000e+002	9.223400e+003		
8.489000e+002	9.255233e+003		
8.488000e+002	9.337267e+003		
8.487000e+002	9.329133e+003		
8.486000e+002	9.436967e+003		
8.485000e+002	9.398833e+003		
8.484000e+002	9.339467e+003		
8.483000e+002	9.431533e+003		
8.482000e+002	9.347100e+003		
8.481000e+002	9.339567e+003		
8.480000e+002	9.323667e+003		
8.479000e+002	9.413900e+003		
8.478000e+002	9.456833e+003		
8.477000e+002	9.492433e+003		
8.476000e+002	9.417500e+003		
8.475000e+002	9.453933e+003		
8.474000e+002	9.503667e+003		
8.473000e+002	9.403900e+003		
8.472000e+002	9.481400e+003		
8.471000e+002	9.519733e+003		
8.470000e+002	9.482333e+003		
8.469000e+002	9.394000e+003		
8.468000e+002	9.431900e+003		
8.467000e+002	9.491867e+003		
8.466000e+002	9.501200e+003		
8.465000e+002	9.495600e+003		
8.464000e+002	9.449900e+003		
8.463000e+002	9.424267e+003		
8.462000e+002	9.405533e+003		
8.461000e+002	9.455600e+003		
8.460000e+002	9.547800e+003		
8.459000e+002	9.476567e+003		
8.458000e+002	9.558200e+003		
8.457000e+002	9.499433e+003		
8.456000e+002	9.501333e+003		
8.455000e+002	9.471833e+003		
8.454000e+002	9.557733e+003		
8.453000e+002	9.567733e+003		
8.452000e+002	9.549100e+003		
8.451000e+002	9.497567e+003		
8.450000e+002	9.426967e+003		
8.449000e+002	9.552667e+003		
8.448000e+002	9.571133e+003		
8.447000e+002	9.508900e+003		
8.446000e+002	9.424700e+003		
8.445000e+002	9.462033e+003		
8.444000e+002	9.316200e+003		
8.443000e+002	9.321033e+003		
8.442000e+002	9.366833e+003		
8.441000e+002	9.427667e+003		
8.440000e+002	9.448967e+003		
8.439000e+002	9.449000e+003		
8.438000e+002	9.407900e+003		
8.437000e+002	9.465600e+003		
8.436000e+002	9.353967e+003		
8.435000e+002	9.368967e+003		
8.434000e+002	9.375533e+003		
8.433000e+002	9.351500e+003		
8.432000e+002	9.331800e+003		
8.431000e+002	9.331233e+003		
8.430000e+002	9.359133e+003		
8.429000e+002	9.284667e+003		
8.428000e+002	9.324200e+003		
8.427000e+002	9.331767e+003		
8.426000e+002	9.288733e+003		
8.425000e+002	9.376433e+003		
8.424000e+002	9.369467e+003		
8.423000e+002	9.207700e+003		
8.422000e+002	9.216867e+003		
8.421000e+002	9.252433e+003		
8.420000e+002	9.204867e+003		
8.419000e+002	9.243700e+003		
8.418000e+002	9.182367e+003		
8.417000e+002	9.140167e+003		
8.416000e+002	9.265367e+003		
8.415000e+002	9.205267e+003		
8.414000e+002	9.181667e+003		
8.413000e+002	9.204033e+003		
8.412000e+002	9.149867e+003		
8.411000e+002	9.151133e+003		
8.410000e+002	9.071200e+003		
8.409000e+002	8.996600e+003		
8.408000e+002	8.965267e+003		
8.407000e+002	9.106400e+003		
8.406000e+002	9.081733e+003		
8.405000e+002	8.964367e+003		
8.404000e+002	9.012567e+003		
8.403000e+002	8.969400e+003		
8.402000e+002	8.918167e+003		
8.401000e+002	8.918867e+003		
8.400000e+002	8.919000e+003		