Ni2p Ni metal
8.900000e+002	2.564830e+004		
8.899000e+002	2.569990e+004		
8.898000e+002	2.591363e+004		
8.897000e+002	2.589027e+004		
8.896000e+002	2.597720e+004		
8.895000e+002	2.601690e+004		
8.894000e+002	2.598303e+004		
8.893000e+002	2.593357e+004		
8.892000e+002	2.575420e+004		
8.891000e+002	2.603007e+004		
8.890000e+002	2.606893e+004		
8.889000e+002	2.603230e+004		
8.888000e+002	2.601100e+004		
8.887000e+002	2.608510e+004		
8.886000e+002	2.620883e+004		
8.885000e+002	2.602580e+004		
8.884000e+002	2.605497e+004		
8.883000e+002	2.612207e+004		
8.882000e+002	2.605020e+004		
8.881000e+002	2.600320e+004		
8.880000e+002	2.620340e+004		
8.879000e+002	2.632607e+004		
8.878000e+002	2.621157e+004		
8.877000e+002	2.630277e+004		
8.876000e+002	2.624273e+004		
8.875000e+002	2.626610e+004		
8.874000e+002	2.641353e+004		
8.873000e+002	2.634850e+004		
8.872000e+002	2.650473e+004		
8.871000e+002	2.647547e+004		
8.870000e+002	2.625620e+004		
8.869000e+002	2.634190e+004		
8.868000e+002	2.637847e+004		
8.867000e+002	2.649307e+004		
8.866000e+002	2.627643e+004		
8.865000e+002	2.646677e+004		
8.864000e+002	2.651293e+004		
8.863000e+002	2.653060e+004		
8.862000e+002	2.654320e+004		
8.861000e+002	2.655643e+004		
8.860000e+002	2.639447e+004		
8.859000e+002	2.662523e+004		
8.858000e+002	2.671580e+004		
8.857000e+002	2.680520e+004		
8.856000e+002	2.677827e+004		
8.855000e+002	2.664890e+004		
8.854000e+002	2.655800e+004		
8.853000e+002	2.660833e+004		
8.852000e+002	2.684507e+004		
8.851000e+002	2.685257e+004		
8.850000e+002	2.669987e+004		
8.849000e+002	2.669247e+004		
8.848000e+002	2.672367e+004		
8.847000e+002	2.690790e+004		
8.846000e+002	2.687570e+004		
8.845000e+002	2.692937e+004		
8.844000e+002	2.685407e+004		
8.843000e+002	2.687553e+004		
8.842000e+002	2.689667e+004		
8.841000e+002	2.695190e+004		
8.840000e+002	2.694437e+004		
8.839000e+002	2.696560e+004		
8.838000e+002	2.702600e+004		
8.837000e+002	2.704080e+004		
8.836000e+002	2.707980e+004		
8.835000e+002	2.696357e+004		
8.834000e+002	2.694017e+004		
8.833000e+002	2.702710e+004		
8.832000e+002	2.705637e+004		
8.831000e+002	2.695617e+004		
8.830000e+002	2.710050e+004		
8.829000e+002	2.725167e+004		
8.828000e+002	2.727833e+004		
8.827000e+002	2.726650e+004		
8.826000e+002	2.720713e+004		
8.825000e+002	2.722030e+004		
8.824000e+002	2.737063e+004		
8.823000e+002	2.742937e+004		
8.822000e+002	2.740813e+004		
8.821000e+002	2.740700e+004		
8.820000e+002	2.746580e+004		
8.819000e+002	2.731680e+004		
8.818000e+002	2.733813e+004		
8.817000e+002	2.713550e+004		
8.816000e+002	2.733333e+004		
8.815000e+002	2.720140e+004		
8.814000e+002	2.722250e+004		
8.813000e+002	2.725800e+004		
8.812000e+002	2.727560e+004		
8.811000e+002	2.714167e+004		
8.810000e+002	2.707610e+004		
8.809000e+002	2.718840e+004		
8.808000e+002	2.718587e+004		
8.807000e+002	2.728420e+004		
8.806000e+002	2.715973e+004		
8.805000e+002	2.710620e+004		
8.804000e+002	2.706287e+004		
8.803000e+002	2.698410e+004		
8.802000e+002	2.708590e+004		
8.801000e+002	2.714263e+004		
8.800000e+002	2.710860e+004		
8.799000e+002	2.733693e+004		
8.798000e+002	2.723637e+004		
8.797000e+002	2.734417e+004		
8.796000e+002	2.716203e+004		
8.795000e+002	2.737920e+004		
8.794000e+002	2.731483e+004		
8.793000e+002	2.724010e+004		
8.792000e+002	2.743053e+004		
8.791000e+002	2.744397e+004		
8.790000e+002	2.743673e+004		
8.789000e+002	2.749020e+004		
8.788000e+002	2.771843e+004		
8.787000e+002	2.764763e+004		
8.786000e+002	2.747880e+004		
8.785000e+002	2.765027e+004		
8.784000e+002	2.787560e+004		
8.783000e+002	2.787223e+004		
8.782000e+002	2.797050e+004		
8.781000e+002	2.801583e+004		
8.780000e+002	2.808067e+004		
8.779000e+002	2.806207e+004		
8.778000e+002	2.820837e+004		
8.777000e+002	2.830887e+004		
8.776000e+002	2.838330e+004		
8.775000e+002	2.844863e+004		
8.774000e+002	2.855057e+004		
8.773000e+002	2.879557e+004		
8.772000e+002	2.869310e+004		
8.771000e+002	2.887797e+004		
8.770000e+002	2.895763e+004		
8.769000e+002	2.905977e+004		
8.768000e+002	2.906113e+004		
8.767000e+002	2.949613e+004		
8.766000e+002	2.931353e+004		
8.765000e+002	2.949810e+004		
8.764000e+002	2.985653e+004		
8.763000e+002	2.991277e+004		
8.762000e+002	2.990173e+004		
8.761000e+002	3.004423e+004		
8.760000e+002	3.031937e+004		
8.759000e+002	3.020403e+004		
8.758000e+002	3.040010e+004		
8.757000e+002	3.047327e+004		
8.756000e+002	3.076630e+004		
8.755000e+002	3.083403e+004		
8.754000e+002	3.120473e+004		
8.753000e+002	3.143143e+004		
8.752000e+002	3.143390e+004		
8.751000e+002	3.139640e+004		
8.750000e+002	3.148890e+004		
8.749000e+002	3.174693e+004		
8.748000e+002	3.185483e+004		
8.747000e+002	3.191487e+004		
8.746000e+002	3.186550e+004		
8.745000e+002	3.215950e+004		
8.744000e+002	3.226380e+004		
8.743000e+002	3.199297e+004		
8.742000e+002	3.187247e+004		
8.741000e+002	3.197477e+004		
8.740000e+002	3.196767e+004		
8.739000e+002	3.178700e+004		
8.738000e+002	3.188417e+004		
8.737000e+002	3.176783e+004		
8.736000e+002	3.154520e+004		
8.735000e+002	3.165940e+004		
8.734000e+002	3.170183e+004		
8.733000e+002	3.157170e+004		
8.732000e+002	3.164453e+004		
8.731000e+002	3.166210e+004		
8.730000e+002	3.149160e+004		
8.729000e+002	3.153480e+004		
8.728000e+002	3.150850e+004		
8.727000e+002	3.165220e+004		
8.726000e+002	3.164427e+004		
8.725000e+002	3.166360e+004		
8.724000e+002	3.188087e+004		
8.723000e+002	3.178920e+004		
8.722000e+002	3.214827e+004		
8.721000e+002	3.236603e+004		
8.720000e+002	3.266430e+004		
8.719000e+002	3.302080e+004		
8.718000e+002	3.335967e+004		
8.717000e+002	3.369333e+004		
8.716000e+002	3.394800e+004		
8.715000e+002	3.435767e+004		
8.714000e+002	3.486200e+004		
8.713000e+002	3.554467e+004		
8.712000e+002	3.604300e+004		
8.711000e+002	3.673133e+004		
8.710000e+002	3.768833e+004		
8.709000e+002	3.857733e+004		
8.708000e+002	3.936367e+004		
8.707000e+002	4.077133e+004		
8.706000e+002	4.201500e+004		
8.705000e+002	4.291100e+004		
8.704000e+002	4.416233e+004		
8.703000e+002	4.531900e+004		
8.702000e+002	4.648933e+004		
8.701000e+002	4.729100e+004		
8.700000e+002	4.788133e+004		
8.699000e+002	4.809033e+004		
8.698000e+002	4.765167e+004		
8.697000e+002	4.660533e+004		
8.696000e+002	4.552367e+004		
8.695000e+002	4.383867e+004		
8.694000e+002	4.212133e+004		
8.693000e+002	4.038567e+004		
8.692000e+002	3.836667e+004		
8.691000e+002	3.649733e+004		
8.690000e+002	3.462700e+004		
8.689000e+002	3.325973e+004		
8.688000e+002	3.196813e+004		
8.687000e+002	3.080903e+004		
8.686000e+002	2.991303e+004		
8.685000e+002	2.908320e+004		
8.684000e+002	2.845160e+004		
8.683000e+002	2.786617e+004		
8.682000e+002	2.747677e+004		
8.681000e+002	2.685617e+004		
8.680000e+002	2.652180e+004		
8.679000e+002	2.626953e+004		
8.678000e+002	2.610890e+004		
8.677000e+002	2.575190e+004		
8.676000e+002	2.560623e+004		
8.675000e+002	2.543193e+004		
8.674000e+002	2.520883e+004		
8.673000e+002	2.494873e+004		
8.672000e+002	2.498223e+004		
8.671000e+002	2.480093e+004		
8.670000e+002	2.453093e+004		
8.669000e+002	2.435767e+004		
8.668000e+002	2.433730e+004		
8.667000e+002	2.421793e+004		
8.666000e+002	2.433233e+004		
8.665000e+002	2.411537e+004		
8.664000e+002	2.406790e+004		
8.663000e+002	2.400113e+004		
8.662000e+002	2.424850e+004		
8.661000e+002	2.409227e+004		
8.660000e+002	2.396617e+004		
8.659000e+002	2.395563e+004		
8.658000e+002	2.404950e+004		
8.657000e+002	2.404247e+004		
8.656000e+002	2.383520e+004		
8.655000e+002	2.393630e+004		
8.654000e+002	2.384590e+004		
8.653000e+002	2.382397e+004		
8.652000e+002	2.390730e+004		
8.651000e+002	2.386720e+004		
8.650000e+002	2.391557e+004		
8.649000e+002	2.383730e+004		
8.648000e+002	2.384353e+004		
8.647000e+002	2.391773e+004		
8.646000e+002	2.388103e+004		
8.645000e+002	2.375347e+004		
8.644000e+002	2.367160e+004		
8.643000e+002	2.369257e+004		
8.642000e+002	2.379017e+004		
8.641000e+002	2.365667e+004		
8.640000e+002	2.361530e+004		
8.639000e+002	2.363793e+004		
8.638000e+002	2.367723e+004		
8.637000e+002	2.361757e+004		
8.636000e+002	2.356177e+004		
8.635000e+002	2.350563e+004		
8.634000e+002	2.372373e+004		
8.633000e+002	2.360017e+004		
8.632000e+002	2.367557e+004		
8.631000e+002	2.354633e+004		
8.630000e+002	2.371777e+004		
8.629000e+002	2.373590e+004		
8.628000e+002	2.372470e+004		
8.627000e+002	2.365187e+004		
8.626000e+002	2.375623e+004		
8.625000e+002	2.399013e+004		
8.624000e+002	2.383280e+004		
8.623000e+002	2.400210e+004		
8.622000e+002	2.406550e+004		
8.621000e+002	2.406727e+004		
8.620000e+002	2.419873e+004		
8.619000e+002	2.430210e+004		
8.618000e+002	2.421407e+004		
8.617000e+002	2.435980e+004		
8.616000e+002	2.432077e+004		
8.615000e+002	2.452897e+004		
8.614000e+002	2.477147e+004		
8.613000e+002	2.489177e+004		
8.612000e+002	2.504083e+004		
8.611000e+002	2.512023e+004		
8.610000e+002	2.519783e+004		
8.609000e+002	2.540617e+004		
8.608000e+002	2.571020e+004		
8.607000e+002	2.587390e+004		
8.606000e+002	2.598963e+004		
8.605000e+002	2.627227e+004		
8.604000e+002	2.661673e+004		
8.603000e+002	2.674500e+004		
8.602000e+002	2.695980e+004		
8.601000e+002	2.727523e+004		
8.600000e+002	2.744967e+004		
8.599000e+002	2.761453e+004		
8.598000e+002	2.808807e+004		
8.597000e+002	2.836263e+004		
8.596000e+002	2.862373e+004		
8.595000e+002	2.885187e+004		
8.594000e+002	2.905417e+004		
8.593000e+002	2.952207e+004		
8.592000e+002	2.965817e+004		
8.591000e+002	2.982073e+004		
8.590000e+002	3.003460e+004		
8.589000e+002	3.030407e+004		
8.588000e+002	3.065210e+004		
8.587000e+002	3.086573e+004		
8.586000e+002	3.099287e+004		
8.585000e+002	3.091027e+004		
8.584000e+002	3.089180e+004		
8.583000e+002	3.091223e+004		
8.582000e+002	3.057387e+004		
8.581000e+002	3.047477e+004		
8.580000e+002	3.016923e+004		
8.579000e+002	2.999783e+004		
8.578000e+002	2.975340e+004		
8.577000e+002	2.939860e+004		
8.576000e+002	2.920220e+004		
8.575000e+002	2.898013e+004		
8.574000e+002	2.885167e+004		
8.573000e+002	2.879430e+004		
8.572000e+002	2.873077e+004		
8.571000e+002	2.865017e+004		
8.570000e+002	2.860727e+004		
8.569000e+002	2.851150e+004		
8.568000e+002	2.842863e+004		
8.567000e+002	2.840563e+004		
8.566000e+002	2.832887e+004		
8.565000e+002	2.826520e+004		
8.564000e+002	2.852237e+004		
8.563000e+002	2.860683e+004		
8.562000e+002	2.837477e+004		
8.561000e+002	2.841327e+004		
8.560000e+002	2.851130e+004		
8.559000e+002	2.855093e+004		
8.558000e+002	2.882553e+004		
8.557000e+002	2.887433e+004		
8.556000e+002	2.885337e+004		
8.555000e+002	2.907657e+004		
8.554000e+002	2.918800e+004		
8.553000e+002	2.928530e+004		
8.552000e+002	2.930593e+004		
8.551000e+002	2.975533e+004		
8.550000e+002	3.002607e+004		
8.549000e+002	3.061767e+004		
8.548000e+002	3.103550e+004		
8.547000e+002	3.141803e+004		
8.546000e+002	3.188927e+004		
8.545000e+002	3.259843e+004		
8.544000e+002	3.346333e+004		
8.543000e+002	3.425067e+004		
8.542000e+002	3.521367e+004		
8.541000e+002	3.636100e+004		
8.540000e+002	3.762167e+004		
8.539000e+002	3.927167e+004		
8.538000e+002	4.128733e+004		
8.537000e+002	4.360267e+004		
8.536000e+002	4.637133e+004		
8.535000e+002	4.964867e+004		
8.534000e+002	5.397867e+004		
8.533000e+002	5.871600e+004		
8.532000e+002	6.449800e+004		
8.531000e+002	7.084333e+004		
8.530000e+002	7.748233e+004		
8.529000e+002	8.377333e+004		
8.528000e+002	8.890000e+004		
8.527000e+002	9.149933e+004		
8.526000e+002	9.103200e+004		
8.525000e+002	8.701667e+004		
8.524000e+002	8.006767e+004		
8.523000e+002	7.091933e+004		
8.522000e+002	6.074633e+004		
8.521000e+002	5.100033e+004		
8.520000e+002	4.254000e+004		
8.519000e+002	3.587700e+004		
8.518000e+002	3.091603e+004		
8.517000e+002	2.725827e+004		
8.516000e+002	2.463103e+004		
8.515000e+002	2.258197e+004		
8.514000e+002	2.101833e+004		
8.513000e+002	1.997123e+004		
8.512000e+002	1.898180e+004		
8.511000e+002	1.826357e+004		
8.510000e+002	1.773587e+004		
8.509000e+002	1.737227e+004		
8.508000e+002	1.699133e+004		
8.507000e+002	1.670827e+004		
8.506000e+002	1.636763e+004		
8.505000e+002	1.607583e+004		
8.504000e+002	1.586767e+004		
8.503000e+002	1.571833e+004		
8.502000e+002	1.556040e+004		
8.501000e+002	1.532630e+004		
8.500000e+002	1.518500e+004		
8.499000e+002	1.511927e+004		
8.498000e+002	1.497610e+004		
8.497000e+002	1.473817e+004		
8.496000e+002	1.469147e+004		
8.495000e+002	1.460483e+004		
8.494000e+002	1.465593e+004		
8.493000e+002	1.458330e+004		
8.492000e+002	1.450870e+004		
8.491000e+002	1.443143e+004		
8.490000e+002	1.446263e+004		
8.489000e+002	1.440783e+004		
8.488000e+002	1.428873e+004		
8.487000e+002	1.436417e+004		
8.486000e+002	1.424177e+004		
8.485000e+002	1.414607e+004		
8.484000e+002	1.417937e+004		
8.483000e+002	1.417023e+004		
8.482000e+002	1.415240e+004		
8.481000e+002	1.405077e+004		
8.480000e+002	1.415570e+004		
8.479000e+002	1.412690e+004		
8.478000e+002	1.409020e+004		
8.477000e+002	1.387973e+004		
8.476000e+002	1.400263e+004		
8.475000e+002	1.400757e+004		
8.474000e+002	1.401897e+004		
8.473000e+002	1.407737e+004		
8.472000e+002	1.400530e+004		
8.471000e+002	1.398667e+004		
8.470000e+002	1.400747e+004		
8.469000e+002	1.398153e+004		
8.468000e+002	1.396030e+004		
8.467000e+002	1.395897e+004		
8.466000e+002	1.390873e+004		
8.465000e+002	1.386997e+004		
8.464000e+002	1.382193e+004		
8.463000e+002	1.373263e+004		
8.462000e+002	1.397117e+004		
8.461000e+002	1.387553e+004		
8.460000e+002	1.379957e+004		
8.459000e+002	1.385533e+004		
8.458000e+002	1.381133e+004		
8.457000e+002	1.384383e+004		
8.456000e+002	1.388477e+004		
8.455000e+002	1.383223e+004		
8.454000e+002	1.380767e+004		
8.453000e+002	1.375857e+004		
8.452000e+002	1.375563e+004		
8.451000e+002	1.382183e+004		
8.450000e+002	1.386037e+004		
8.449000e+002	1.381047e+004		
8.448000e+002	1.375110e+004		
8.447000e+002	1.383557e+004		
8.446000e+002	1.380237e+004		
8.445000e+002	1.380897e+004		
8.444000e+002	1.378933e+004		
8.443000e+002	1.375033e+004		
8.442000e+002	1.379093e+004		
8.441000e+002	1.378560e+004		
8.440000e+002	1.390463e+004		
8.439000e+002	1.388387e+004		
8.438000e+002	1.380377e+004		
8.437000e+002	1.379510e+004		
8.436000e+002	1.383280e+004		
8.435000e+002	1.393567e+004		
8.434000e+002	1.394157e+004		
8.433000e+002	1.385190e+004		
8.432000e+002	1.380237e+004		
8.431000e+002	1.376107e+004		
8.430000e+002	1.378100e+004		
8.429000e+002	1.385077e+004		
8.428000e+002	1.380057e+004		
8.427000e+002	1.388007e+004		
8.426000e+002	1.377267e+004		
8.425000e+002	1.383370e+004		
8.424000e+002	1.374903e+004		
8.423000e+002	1.379947e+004		
8.422000e+002	1.378800e+004		
8.421000e+002	1.387303e+004		
8.420000e+002	1.393173e+004		
8.419000e+002	1.384370e+004		
8.418000e+002	1.400710e+004		
8.417000e+002	1.397993e+004		
8.416000e+002	1.397987e+004		
8.415000e+002	1.384660e+004		
8.414000e+002	1.387767e+004		
8.413000e+002	1.373930e+004		
8.412000e+002	1.386703e+004		
8.411000e+002	1.390397e+004		
8.410000e+002	1.390960e+004		
8.409000e+002	1.393357e+004		
8.408000e+002	1.376057e+004		
8.407000e+002	1.389033e+004		
8.406000e+002	1.395757e+004		
8.405000e+002	1.391613e+004		
8.404000e+002	1.395563e+004		
8.403000e+002	1.393737e+004		
8.402000e+002	1.399707e+004		
8.401000e+002	1.394290e+004		
8.400000e+002	1.390613e+004		