Ni2pCo2pFe2p Fe3O4
8.900000e+02 9.708533e+03
8.899000e+02 9.629800e+03
8.898000e+02 9.619300e+03
8.897000e+02 9.540033e+03
8.896000e+02 9.602233e+03
8.895000e+02 9.652133e+03
8.894000e+02 9.576067e+03
8.893000e+02 9.531300e+03
8.892000e+02 9.631100e+03
8.891000e+02 9.576600e+03
8.890000e+02 9.527967e+03
8.889000e+02 9.493967e+03
8.888000e+02 9.485433e+03
8.887000e+02 9.436167e+03
8.886000e+02 9.353733e+03
8.885000e+02 9.364033e+03
8.884000e+02 9.351267e+03
8.883000e+02 9.331767e+03
8.882000e+02 9.279433e+03
8.881000e+02 9.129667e+03
8.880000e+02 9.175867e+03
8.879000e+02 9.200867e+03
8.878000e+02 9.083433e+03
8.877000e+02 9.044933e+03
8.876000e+02 9.041567e+03
8.875000e+02 8.932933e+03
8.874000e+02 8.863433e+03
8.873000e+02 8.883767e+03
8.872000e+02 8.800067e+03
8.871000e+02 8.636067e+03
8.870000e+02 8.544900e+03
8.869000e+02 8.592467e+03
8.868000e+02 8.580367e+03
8.867000e+02 8.552433e+03
8.866000e+02 8.473867e+03
8.865000e+02 8.484500e+03
8.864000e+02 8.394267e+03
8.863000e+02 8.418533e+03
8.862000e+02 8.342933e+03
8.861000e+02 8.263667e+03
8.860000e+02 8.227800e+03
8.859000e+02 8.197400e+03
8.858000e+02 8.153233e+03
8.857000e+02 8.139000e+03
8.856000e+02 8.156167e+03
8.855000e+02 8.186367e+03
8.854000e+02 8.032967e+03
8.853000e+02 8.100267e+03
8.852000e+02 8.090800e+03
8.851000e+02 8.072667e+03
8.850000e+02 8.158367e+03
8.849000e+02 8.052100e+03
8.848000e+02 8.169733e+03
8.847000e+02 8.133567e+03
8.846000e+02 8.053067e+03
8.845000e+02 7.955133e+03
8.844000e+02 7.948800e+03
8.843000e+02 8.050000e+03
8.842000e+02 8.132033e+03
8.841000e+02 8.017333e+03
8.840000e+02 7.969967e+03
8.839000e+02 7.963433e+03
8.838000e+02 7.982567e+03
8.837000e+02 7.920167e+03
8.836000e+02 7.945467e+03
8.835000e+02 8.012233e+03
8.834000e+02 7.909167e+03
8.833000e+02 7.923333e+03
8.832000e+02 7.934567e+03
8.831000e+02 7.916033e+03
8.830000e+02 7.948033e+03
8.829000e+02 7.963867e+03
8.828000e+02 7.846633e+03
8.827000e+02 7.850300e+03
8.826000e+02 7.909167e+03
8.825000e+02 7.979633e+03
8.824000e+02 7.931867e+03
8.823000e+02 7.845267e+03
8.822000e+02 7.951667e+03
8.821000e+02 7.892767e+03
8.820000e+02 7.829733e+03
8.819000e+02 7.884367e+03
8.818000e+02 7.879900e+03
8.817000e+02 7.901200e+03
8.816000e+02 7.940467e+03
8.815000e+02 7.915933e+03
8.814000e+02 7.896167e+03
8.813000e+02 7.941700e+03
8.812000e+02 7.882733e+03
8.811000e+02 7.884133e+03
8.810000e+02 7.869967e+03
8.809000e+02 7.888667e+03
8.808000e+02 7.951300e+03
8.807000e+02 7.918533e+03
8.806000e+02 7.943900e+03
8.805000e+02 7.938167e+03
8.804000e+02 7.921500e+03
8.803000e+02 7.937100e+03
8.802000e+02 7.870700e+03
8.801000e+02 7.876633e+03
8.800000e+02 7.923567e+03
8.799000e+02 7.888467e+03
8.798000e+02 7.884700e+03
8.797000e+02 7.907200e+03
8.796000e+02 7.800167e+03
8.795000e+02 7.776067e+03
8.794000e+02 7.858467e+03
8.793000e+02 7.891900e+03
8.792000e+02 7.894167e+03
8.791000e+02 7.901433e+03
8.790000e+02 7.879100e+03
8.789000e+02 7.783700e+03
8.788000e+02 7.853600e+03
8.787000e+02 7.903100e+03
8.786000e+02 8.001767e+03
8.785000e+02 7.908367e+03
8.784000e+02 7.858333e+03
8.783000e+02 7.935000e+03
8.782000e+02 7.934733e+03
8.781000e+02 7.959433e+03
8.780000e+02 7.870400e+03
8.779000e+02 7.816367e+03
8.778000e+02 7.883267e+03
8.777000e+02 7.848133e+03
8.776000e+02 7.856133e+03
8.775000e+02 7.927700e+03
8.774000e+02 7.926367e+03
8.773000e+02 7.927133e+03
8.772000e+02 7.931767e+03
8.771000e+02 7.886600e+03
8.770000e+02 7.822200e+03
8.769000e+02 7.862567e+03
8.768000e+02 7.861300e+03
8.767000e+02 7.893733e+03
8.766000e+02 7.829367e+03
8.765000e+02 7.791033e+03
8.764000e+02 7.709500e+03
8.763000e+02 7.809000e+03
8.762000e+02 7.855200e+03
8.761000e+02 7.864400e+03
8.760000e+02 7.788033e+03
8.759000e+02 7.783400e+03
8.758000e+02 7.809800e+03
8.757000e+02 7.822867e+03
8.756000e+02 7.850400e+03
8.755000e+02 7.792967e+03
8.754000e+02 7.766300e+03
8.753000e+02 7.717000e+03
8.752000e+02 7.792133e+03
8.751000e+02 7.803733e+03
8.750000e+02 7.774700e+03
8.749000e+02 7.694833e+03
8.748000e+02 7.770733e+03
8.747000e+02 7.769733e+03
8.746000e+02 7.714933e+03
8.745000e+02 7.789000e+03
8.744000e+02 7.812933e+03
8.743000e+02 7.643833e+03
8.742000e+02 7.686700e+03
8.741000e+02 7.748067e+03
8.740000e+02 7.773400e+03
8.739000e+02 7.745900e+03
8.738000e+02 7.742633e+03
8.737000e+02 7.709933e+03
8.736000e+02 7.667700e+03
8.735000e+02 7.614833e+03
8.734000e+02 7.613633e+03
8.733000e+02 7.599867e+03
8.732000e+02 7.677600e+03
8.731000e+02 7.661733e+03
8.730000e+02 7.683667e+03
8.729000e+02 7.644233e+03
8.728000e+02 7.673333e+03
8.727000e+02 7.600133e+03
8.726000e+02 7.685300e+03
8.725000e+02 7.694367e+03
8.724000e+02 7.617367e+03
8.723000e+02 7.673900e+03
8.722000e+02 7.727200e+03
8.721000e+02 7.656667e+03
8.720000e+02 7.631067e+03
8.719000e+02 7.584867e+03
8.718000e+02 7.740500e+03
8.717000e+02 7.667167e+03
8.716000e+02 7.675000e+03
8.715000e+02 7.699667e+03
8.714000e+02 7.711133e+03
8.713000e+02 7.615267e+03
8.712000e+02 7.684467e+03
8.711000e+02 7.681867e+03
8.710000e+02 7.647367e+03
8.709000e+02 7.703400e+03
8.708000e+02 7.644900e+03
8.707000e+02 7.627200e+03
8.706000e+02 7.681667e+03
8.705000e+02 7.646533e+03
8.704000e+02 7.583333e+03
8.703000e+02 7.682733e+03
8.702000e+02 7.698867e+03
8.701000e+02 7.659400e+03
8.700000e+02 7.607833e+03
8.699000e+02 7.607933e+03
8.698000e+02 7.591933e+03
8.697000e+02 7.661533e+03
8.696000e+02 7.678667e+03
8.695000e+02 7.722133e+03
8.694000e+02 7.732867e+03
8.693000e+02 7.743333e+03
8.692000e+02 7.710433e+03
8.691000e+02 7.611267e+03
8.690000e+02 7.716933e+03
8.689000e+02 7.617233e+03
8.688000e+02 7.727467e+03
8.687000e+02 7.730733e+03
8.686000e+02 7.722633e+03
8.685000e+02 7.710300e+03
8.684000e+02 7.719833e+03
8.683000e+02 7.686600e+03
8.682000e+02 7.688667e+03
8.681000e+02 7.693167e+03
8.680000e+02 7.718233e+03
8.679000e+02 7.742900e+03
8.678000e+02 7.745600e+03
8.677000e+02 7.734000e+03
8.676000e+02 7.782767e+03
8.675000e+02 7.727900e+03
8.674000e+02 7.769233e+03
8.673000e+02 7.805300e+03
8.672000e+02 7.748000e+03
8.671000e+02 7.725467e+03
8.670000e+02 7.771500e+03
8.669000e+02 7.817667e+03
8.668000e+02 7.821367e+03
8.667000e+02 7.730400e+03
8.666000e+02 7.797900e+03
8.665000e+02 7.806300e+03
8.664000e+02 7.784700e+03
8.663000e+02 7.771767e+03
8.662000e+02 7.678567e+03
8.661000e+02 7.780667e+03
8.660000e+02 7.776267e+03
8.659000e+02 7.722233e+03
8.658000e+02 7.748700e+03
8.657000e+02 7.806233e+03
8.656000e+02 7.708267e+03
8.655000e+02 7.849233e+03
8.654000e+02 7.816467e+03
8.653000e+02 7.832267e+03
8.652000e+02 7.750933e+03
8.651000e+02 7.722833e+03
8.650000e+02 7.839400e+03
8.649000e+02 7.847833e+03
8.648000e+02 7.945100e+03
8.647000e+02 7.857400e+03
8.646000e+02 7.883433e+03
8.645000e+02 7.876867e+03
8.644000e+02 7.848533e+03
8.643000e+02 7.932500e+03
8.642000e+02 7.890033e+03
8.641000e+02 7.945200e+03
8.640000e+02 7.948267e+03
8.639000e+02 7.899500e+03
8.638000e+02 7.954633e+03
8.637000e+02 7.918300e+03
8.636000e+02 7.839267e+03
8.635000e+02 7.878300e+03
8.634000e+02 7.984367e+03
8.633000e+02 7.958667e+03
8.632000e+02 7.996067e+03
8.631000e+02 7.961633e+03
8.630000e+02 7.974167e+03
8.629000e+02 7.949467e+03
8.628000e+02 7.986767e+03
8.627000e+02 8.030633e+03
8.626000e+02 8.045667e+03
8.625000e+02 7.988500e+03
8.624000e+02 7.890767e+03
8.623000e+02 7.989833e+03
8.622000e+02 8.060000e+03
8.621000e+02 8.070333e+03
8.620000e+02 7.990833e+03
8.619000e+02 8.045133e+03
8.618000e+02 8.084467e+03
8.617000e+02 8.121000e+03
8.616000e+02 8.107567e+03
8.615000e+02 8.113600e+03
8.614000e+02 8.099833e+03
8.613000e+02 8.139000e+03
8.612000e+02 8.172267e+03
8.611000e+02 8.058700e+03
8.610000e+02 8.105600e+03
8.609000e+02 8.188933e+03
8.608000e+02 8.166567e+03
8.607000e+02 8.192200e+03
8.606000e+02 8.191567e+03
8.605000e+02 8.231267e+03
8.604000e+02 8.168600e+03
8.603000e+02 8.194333e+03
8.602000e+02 8.127133e+03
8.601000e+02 8.136933e+03
8.600000e+02 8.211800e+03
8.599000e+02 8.235700e+03
8.598000e+02 8.224133e+03
8.597000e+02 8.191900e+03
8.596000e+02 8.227167e+03
8.595000e+02 8.225333e+03
8.594000e+02 8.242800e+03
8.593000e+02 8.226300e+03
8.592000e+02 8.260167e+03
8.591000e+02 8.273300e+03
8.590000e+02 8.267467e+03
8.589000e+02 8.280167e+03
8.588000e+02 8.315700e+03
8.587000e+02 8.263800e+03
8.586000e+02 8.321167e+03
8.585000e+02 8.336400e+03
8.584000e+02 8.358800e+03
8.583000e+02 8.291967e+03
8.582000e+02 8.345800e+03
8.581000e+02 8.304600e+03
8.580000e+02 8.392233e+03
8.579000e+02 8.459233e+03
8.578000e+02 8.424500e+03
8.577000e+02 8.434500e+03
8.576000e+02 8.437733e+03
8.575000e+02 8.382100e+03
8.574000e+02 8.490133e+03
8.573000e+02 8.413067e+03
8.572000e+02 8.434200e+03
8.571000e+02 8.498133e+03
8.570000e+02 8.549133e+03
8.569000e+02 8.492833e+03
8.568000e+02 8.425267e+03
8.567000e+02 8.443833e+03
8.566000e+02 8.477067e+03
8.565000e+02 8.507100e+03
8.564000e+02 8.537433e+03
8.563000e+02 8.509133e+03
8.562000e+02 8.552600e+03
8.561000e+02 8.605133e+03
8.560000e+02 8.707500e+03
8.559000e+02 8.627733e+03
8.558000e+02 8.582100e+03
8.557000e+02 8.623067e+03
8.556000e+02 8.612033e+03
8.555000e+02 8.681367e+03
8.554000e+02 8.594233e+03
8.553000e+02 8.561633e+03
8.552000e+02 8.673633e+03
8.551000e+02 8.781400e+03
8.550000e+02 8.758600e+03
8.549000e+02 8.742600e+03
8.548000e+02 8.807833e+03
8.547000e+02 8.710867e+03
8.546000e+02 8.720067e+03
8.545000e+02 8.679733e+03
8.544000e+02 8.747733e+03
8.543000e+02 8.771767e+03
8.542000e+02 8.741100e+03
8.541000e+02 8.860833e+03
8.540000e+02 8.838567e+03
8.539000e+02 8.803300e+03
8.538000e+02 8.853033e+03
8.537000e+02 8.867767e+03
8.536000e+02 8.849400e+03
8.535000e+02 8.738367e+03
8.534000e+02 8.841300e+03
8.533000e+02 8.828200e+03
8.532000e+02 8.868400e+03
8.531000e+02 8.946633e+03
8.530000e+02 8.984833e+03
8.529000e+02 8.920400e+03
8.528000e+02 8.876500e+03
8.527000e+02 8.819033e+03
8.526000e+02 8.857967e+03
8.525000e+02 9.078167e+03
8.524000e+02 9.094733e+03
8.523000e+02 9.037867e+03
8.522000e+02 9.048933e+03
8.521000e+02 8.981900e+03
8.520000e+02 8.966833e+03
8.519000e+02 8.948433e+03
8.518000e+02 9.077067e+03
8.517000e+02 9.093433e+03
8.516000e+02 9.080767e+03
8.515000e+02 9.069633e+03
8.514000e+02 9.119000e+03
8.513000e+02 9.200833e+03
8.512000e+02 9.080333e+03
8.511000e+02 9.076333e+03
8.510000e+02 9.052600e+03
8.509000e+02 9.118400e+03
8.508000e+02 9.148000e+03
8.507000e+02 9.083333e+03
8.506000e+02 9.184033e+03
8.505000e+02 9.141633e+03
8.504000e+02 9.269133e+03
8.503000e+02 9.306267e+03
8.502000e+02 9.189000e+03
8.501000e+02 9.248533e+03
8.500000e+02 9.245133e+03
8.499000e+02 9.234100e+03
8.498000e+02 9.273733e+03
8.497000e+02 9.293100e+03
8.496000e+02 9.282933e+03
8.495000e+02 9.264467e+03
8.494000e+02 9.175833e+03
8.493000e+02 9.234033e+03
8.492000e+02 9.288733e+03
8.491000e+02 9.287833e+03
8.490000e+02 9.223400e+03
8.489000e+02 9.255233e+03
8.488000e+02 9.337267e+03
8.487000e+02 9.329133e+03
8.486000e+02 9.436967e+03
8.485000e+02 9.398833e+03
8.484000e+02 9.339467e+03
8.483000e+02 9.431533e+03
8.482000e+02 9.347100e+03
8.481000e+02 9.339567e+03
8.480000e+02 9.323667e+03
8.479000e+02 9.413900e+03
8.478000e+02 9.456833e+03
8.477000e+02 9.492433e+03
8.476000e+02 9.417500e+03
8.475000e+02 9.453933e+03
8.474000e+02 9.503667e+03
8.473000e+02 9.403900e+03
8.472000e+02 9.481400e+03
8.471000e+02 9.519733e+03
8.470000e+02 9.482333e+03
8.469000e+02 9.394000e+03
8.468000e+02 9.431900e+03
8.467000e+02 9.491867e+03
8.466000e+02 9.501200e+03
8.465000e+02 9.495600e+03
8.464000e+02 9.449900e+03
8.463000e+02 9.424267e+03
8.462000e+02 9.405533e+03
8.461000e+02 9.455600e+03
8.460000e+02 9.547800e+03
8.459000e+02 9.476567e+03
8.458000e+02 9.558200e+03
8.457000e+02 9.499433e+03
8.456000e+02 9.501333e+03
8.455000e+02 9.471833e+03
8.454000e+02 9.557733e+03
8.453000e+02 9.567733e+03
8.452000e+02 9.549100e+03
8.451000e+02 9.497567e+03
8.450000e+02 9.426967e+03
8.449000e+02 9.552667e+03
8.448000e+02 9.571133e+03
8.447000e+02 9.508900e+03
8.446000e+02 9.424700e+03
8.445000e+02 9.462033e+03
8.444000e+02 9.316200e+03
8.443000e+02 9.321033e+03
8.442000e+02 9.366833e+03
8.441000e+02 9.427667e+03
8.440000e+02 9.448967e+03
8.439000e+02 9.449000e+03
8.438000e+02 9.407900e+03
8.437000e+02 9.465600e+03
8.436000e+02 9.353967e+03
8.435000e+02 9.368967e+03
8.434000e+02 9.375533e+03
8.433000e+02 9.351500e+03
8.432000e+02 9.331800e+03
8.431000e+02 9.331233e+03
8.430000e+02 9.359133e+03
8.429000e+02 9.284667e+03
8.428000e+02 9.324200e+03
8.427000e+02 9.331767e+03
8.426000e+02 9.288733e+03
8.425000e+02 9.376433e+03
8.424000e+02 9.369467e+03
8.423000e+02 9.207700e+03
8.422000e+02 9.216867e+03
8.421000e+02 9.252433e+03
8.420000e+02 9.204867e+03
8.419000e+02 9.243700e+03
8.418000e+02 9.182367e+03
8.417000e+02 9.140167e+03
8.416000e+02 9.265367e+03
8.415000e+02 9.205267e+03
8.414000e+02 9.181667e+03
8.413000e+02 9.204033e+03
8.412000e+02 9.149867e+03
8.411000e+02 9.151133e+03
8.410000e+02 9.071200e+03
8.409000e+02 8.996600e+03
8.408000e+02 8.965267e+03
8.407000e+02 9.106400e+03
8.406000e+02 9.081733e+03
8.405000e+02 8.964367e+03
8.404000e+02 9.012567e+03
8.403000e+02 8.969400e+03
8.402000e+02 8.918167e+03
8.401000e+02 8.918867e+03
8.400000e+02 8.919000e+03
8.399000e+02 8.883767e+03
8.398000e+02 8.833467e+03
8.397000e+02 8.806033e+03
8.396000e+02 8.788033e+03
8.395000e+02 8.729267e+03
8.394000e+02 8.730500e+03
8.393000e+02 8.691333e+03
8.392000e+02 8.751900e+03
8.391000e+02 8.777533e+03
8.390000e+02 8.772100e+03
8.389000e+02 8.700333e+03
8.388000e+02 8.651167e+03
8.387000e+02 8.598400e+03
8.386000e+02 8.562167e+03
8.385000e+02 8.508400e+03
8.384000e+02 8.448267e+03
8.383000e+02 8.513100e+03
8.382000e+02 8.500967e+03
8.381000e+02 8.529600e+03
8.380000e+02 8.617400e+03
8.379000e+02 8.548000e+03
8.378000e+02 8.468067e+03
8.377000e+02 8.443867e+03
8.376000e+02 8.409800e+03
8.375000e+02 8.443033e+03
8.374000e+02 8.451200e+03
8.373000e+02 8.381000e+03
8.372000e+02 8.341433e+03
8.371000e+02 8.366467e+03
8.370000e+02 8.347767e+03
8.369000e+02 8.346533e+03
8.368000e+02 8.317900e+03
8.367000e+02 8.345167e+03
8.366000e+02 8.332233e+03
8.365000e+02 8.391400e+03
8.364000e+02 8.336700e+03
8.363000e+02 8.345300e+03
8.362000e+02 8.252100e+03
8.361000e+02 8.268933e+03
8.360000e+02 8.283500e+03
8.359000e+02 8.193433e+03
8.358000e+02 8.179700e+03
8.357000e+02 8.164700e+03
8.356000e+02 8.191733e+03
8.355000e+02 8.142933e+03
8.354000e+02 8.242100e+03
8.353000e+02 8.081967e+03
8.352000e+02 8.044633e+03
8.351000e+02 8.062800e+03
8.350000e+02 8.131333e+03
8.349000e+02 8.062967e+03
8.348000e+02 7.948933e+03
8.347000e+02 7.982000e+03
8.346000e+02 7.915033e+03
8.345000e+02 7.913667e+03
8.344000e+02 7.888900e+03
8.343000e+02 7.816767e+03
8.342000e+02 7.817400e+03
8.341000e+02 7.696833e+03
8.340000e+02 7.710467e+03
8.339000e+02 7.661800e+03
8.338000e+02 7.613333e+03
8.337000e+02 7.536533e+03
8.336000e+02 7.465900e+03
8.335000e+02 7.353133e+03
8.334000e+02 7.264567e+03
8.333000e+02 7.239300e+03
8.332000e+02 7.145700e+03
8.331000e+02 7.181067e+03
8.330000e+02 7.074133e+03
8.329000e+02 7.020967e+03
8.328000e+02 7.015933e+03
8.327000e+02 6.937233e+03
8.326000e+02 6.814800e+03
8.325000e+02 6.791700e+03
8.324000e+02 6.766767e+03
8.323000e+02 6.709600e+03
8.322000e+02 6.641033e+03
8.321000e+02 6.555233e+03
8.320000e+02 6.552867e+03
8.319000e+02 6.463233e+03
8.318000e+02 6.452467e+03
8.317000e+02 6.431733e+03
8.316000e+02 6.447533e+03
8.315000e+02 6.356300e+03
8.314000e+02 6.282400e+03
8.313000e+02 6.309967e+03
8.312000e+02 6.325067e+03
8.311000e+02 6.302333e+03
8.310000e+02 6.289700e+03
8.309000e+02 6.281233e+03
8.308000e+02 6.255567e+03
8.307000e+02 6.256233e+03
8.306000e+02 6.173500e+03
8.305000e+02 6.164967e+03
8.304000e+02 6.107400e+03
8.303000e+02 6.136367e+03
8.302000e+02 6.170867e+03
8.301000e+02 6.202800e+03
8.300000e+02 6.175433e+03
8.299000e+02 6.125467e+03
8.298000e+02 6.121300e+03
8.297000e+02 6.132800e+03
8.296000e+02 6.111000e+03
8.295000e+02 6.105333e+03
8.294000e+02 6.120567e+03
8.293000e+02 6.105233e+03
8.292000e+02 6.148967e+03
8.291000e+02 6.055400e+03
8.290000e+02 6.072133e+03
8.289000e+02 6.066733e+03
8.288000e+02 5.954867e+03
8.287000e+02 6.032167e+03
8.286000e+02 6.092633e+03
8.285000e+02 6.050133e+03
8.284000e+02 6.084100e+03
8.283000e+02 6.030667e+03
8.282000e+02 6.058300e+03
8.281000e+02 6.017400e+03
8.280000e+02 6.011633e+03
8.279000e+02 6.011067e+03
8.278000e+02 5.975600e+03
8.277000e+02 5.974633e+03
8.276000e+02 5.974300e+03
8.275000e+02 5.979033e+03
8.274000e+02 6.002433e+03
8.273000e+02 5.992533e+03
8.272000e+02 5.977733e+03
8.271000e+02 5.971767e+03
8.270000e+02 5.917867e+03
8.269000e+02 5.945733e+03
8.268000e+02 5.949767e+03
8.267000e+02 5.952267e+03
8.266000e+02 5.918867e+03
8.265000e+02 5.959067e+03
8.264000e+02 5.962867e+03
8.263000e+02 5.907100e+03
8.262000e+02 5.893400e+03
8.261000e+02 5.894200e+03
8.260000e+02 5.927033e+03
8.259000e+02 5.878500e+03
8.258000e+02 5.825000e+03
8.257000e+02 5.867633e+03
8.256000e+02 5.925100e+03
8.255000e+02 5.871133e+03
8.254000e+02 5.900500e+03
8.253000e+02 5.930567e+03
8.252000e+02 5.822367e+03
8.251000e+02 5.860967e+03
8.250000e+02 5.902167e+03
8.249000e+02 5.856200e+03
8.248000e+02 5.890133e+03
8.247000e+02 5.827133e+03
8.246000e+02 5.826833e+03
8.245000e+02 5.836433e+03
8.244000e+02 5.866433e+03
8.243000e+02 5.845600e+03
8.242000e+02 5.895200e+03
8.241000e+02 5.826500e+03
8.240000e+02 5.727033e+03
8.239000e+02 5.774367e+03
8.238000e+02 5.860200e+03
8.237000e+02 5.868000e+03
8.236000e+02 5.855133e+03
8.235000e+02 5.810633e+03
8.234000e+02 5.819733e+03
8.233000e+02 5.845567e+03
8.232000e+02 5.757600e+03
8.231000e+02 5.704533e+03
8.230000e+02 5.788967e+03
8.229000e+02 5.798467e+03
8.228000e+02 5.830200e+03
8.227000e+02 5.849100e+03
8.226000e+02 5.823233e+03
8.225000e+02 5.771700e+03
8.224000e+02 5.792233e+03
8.223000e+02 5.758767e+03
8.222000e+02 5.749867e+03
8.221000e+02 5.745533e+03
8.220000e+02 5.802067e+03
8.219000e+02 5.738567e+03
8.218000e+02 5.742833e+03
8.217000e+02 5.797033e+03
8.216000e+02 5.733100e+03
8.215000e+02 5.706333e+03
8.214000e+02 5.665767e+03
8.213000e+02 5.730400e+03
8.212000e+02 5.731333e+03
8.211000e+02 5.664167e+03
8.210000e+02 5.680967e+03
8.209000e+02 5.652367e+03
8.208000e+02 5.609767e+03
8.207000e+02 5.622100e+03
8.206000e+02 5.637700e+03
8.205000e+02 5.656667e+03
8.204000e+02 5.642133e+03
8.203000e+02 5.614900e+03
8.202000e+02 5.621767e+03
8.201000e+02 5.650733e+03
8.200000e+02 5.658333e+03
8.199000e+02 5.613200e+03
8.198000e+02 5.620933e+03
8.197000e+02 5.652467e+03
8.196000e+02 5.596933e+03
8.195000e+02 5.606667e+03
8.194000e+02 5.637033e+03
8.193000e+02 5.658233e+03
8.192000e+02 5.604467e+03
8.191000e+02 5.575500e+03
8.190000e+02 5.570367e+03
8.189000e+02 5.623333e+03
8.188000e+02 5.570900e+03
8.187000e+02 5.652600e+03
8.186000e+02 5.602667e+03
8.185000e+02 5.558467e+03
8.184000e+02 5.623200e+03
8.183000e+02 5.616133e+03
8.182000e+02 5.647300e+03
8.181000e+02 5.563767e+03
8.180000e+02 5.587167e+03
8.179000e+02 5.583700e+03
8.178000e+02 5.618167e+03
8.177000e+02 5.602133e+03
8.176000e+02 5.564233e+03
8.175000e+02 5.588633e+03
8.174000e+02 5.567833e+03
8.173000e+02 5.569467e+03
8.172000e+02 5.595067e+03
8.171000e+02 5.630033e+03
8.170000e+02 5.595233e+03
8.169000e+02 5.609900e+03
8.168000e+02 5.627733e+03
8.167000e+02 5.619267e+03
8.166000e+02 5.612833e+03
8.165000e+02 5.636800e+03
8.164000e+02 5.657433e+03
8.163000e+02 5.634567e+03
8.162000e+02 5.610467e+03
8.161000e+02 5.562933e+03
8.160000e+02 5.606800e+03
8.159000e+02 5.598200e+03
8.158000e+02 5.629567e+03
8.157000e+02 5.598433e+03
8.156000e+02 5.591433e+03
8.155000e+02 5.591633e+03
8.154000e+02 5.592400e+03
8.153000e+02 5.639667e+03
8.152000e+02 5.625867e+03
8.151000e+02 5.570267e+03
8.150000e+02 5.628033e+03
8.149000e+02 5.607600e+03
8.148000e+02 5.599800e+03
8.147000e+02 5.610800e+03
8.146000e+02 5.600000e+03
8.145000e+02 5.608400e+03
8.144000e+02 5.663700e+03
8.143000e+02 5.689500e+03
8.142000e+02 5.650600e+03
8.141000e+02 5.692700e+03
8.140000e+02 5.623267e+03
8.139000e+02 5.623100e+03
8.138000e+02 5.599067e+03
8.137000e+02 5.598067e+03
8.136000e+02 5.670300e+03
8.135000e+02 5.623933e+03
8.134000e+02 5.665700e+03
8.133000e+02 5.653733e+03
8.132000e+02 5.623200e+03
8.131000e+02 5.729467e+03
8.130000e+02 5.676900e+03
8.129000e+02 5.716500e+03
8.128000e+02 5.668833e+03
8.127000e+02 5.656233e+03
8.126000e+02 5.704533e+03
8.125000e+02 5.677233e+03
8.124000e+02 5.658633e+03
8.123000e+02 5.697367e+03
8.122000e+02 5.662333e+03
8.121000e+02 5.654667e+03
8.120000e+02 5.651233e+03
8.119000e+02 5.669133e+03
8.118000e+02 5.682667e+03
8.117000e+02 5.668800e+03
8.116000e+02 5.660600e+03
8.115000e+02 5.699633e+03
8.114000e+02 5.702200e+03
8.113000e+02 5.678000e+03
8.112000e+02 5.696533e+03
8.111000e+02 5.689033e+03
8.110000e+02 5.693333e+03
8.109000e+02 5.674467e+03
8.108000e+02 5.672800e+03
8.107000e+02 5.698800e+03
8.106000e+02 5.701367e+03
8.105000e+02 5.674533e+03
8.104000e+02 5.747067e+03
8.103000e+02 5.748167e+03
8.102000e+02 5.711567e+03
8.101000e+02 5.712433e+03
8.100000e+02 5.719800e+03
8.099000e+02 5.736333e+03
8.098000e+02 5.754600e+03
8.097000e+02 5.787533e+03
8.096000e+02 5.701667e+03
8.095000e+02 5.685400e+03
8.094000e+02 5.744633e+03
8.093000e+02 5.721867e+03
8.092000e+02 5.690233e+03
8.091000e+02 5.704267e+03
8.090000e+02 5.741767e+03
8.089000e+02 5.691700e+03
8.088000e+02 5.659733e+03
8.087000e+02 5.746200e+03
8.086000e+02 5.700267e+03
8.085000e+02 5.682200e+03
8.084000e+02 5.716567e+03
8.083000e+02 5.729533e+03
8.082000e+02 5.764767e+03
8.081000e+02 5.748267e+03
8.080000e+02 5.719300e+03
8.079000e+02 5.755233e+03
8.078000e+02 5.684533e+03
8.077000e+02 5.753933e+03
8.076000e+02 5.755067e+03
8.075000e+02 5.702100e+03
8.074000e+02 5.739233e+03
8.073000e+02 5.708300e+03
8.072000e+02 5.761567e+03
8.071000e+02 5.745733e+03
8.070000e+02 5.671867e+03
8.069000e+02 5.756333e+03
8.068000e+02 5.754400e+03
8.067000e+02 5.769533e+03
8.066000e+02 5.760167e+03
8.065000e+02 5.731300e+03
8.064000e+02 5.732800e+03
8.063000e+02 5.773167e+03
8.062000e+02 5.770467e+03
8.061000e+02 5.780933e+03
8.060000e+02 5.792367e+03
8.059000e+02 5.756233e+03
8.058000e+02 5.808000e+03
8.057000e+02 5.837333e+03
8.056000e+02 5.814700e+03
8.055000e+02 5.807867e+03
8.054000e+02 5.773867e+03
8.053000e+02 5.745467e+03
8.052000e+02 5.750933e+03
8.051000e+02 5.765733e+03
8.050000e+02 5.758200e+03
8.049000e+02 5.751200e+03
8.048000e+02 5.775567e+03
8.047000e+02 5.779533e+03
8.046000e+02 5.785233e+03
8.045000e+02 5.785000e+03
8.044000e+02 5.826833e+03
8.043000e+02 5.751333e+03
8.042000e+02 5.768967e+03
8.041000e+02 5.790933e+03
8.040000e+02 5.811733e+03
8.039000e+02 5.814433e+03
8.038000e+02 5.758033e+03
8.037000e+02 5.802900e+03
8.036000e+02 5.818633e+03
8.035000e+02 5.799533e+03
8.034000e+02 5.815767e+03
8.033000e+02 5.793767e+03
8.032000e+02 5.833267e+03
8.031000e+02 5.846100e+03
8.030000e+02 5.810333e+03
8.029000e+02 5.750300e+03
8.028000e+02 5.842767e+03
8.027000e+02 5.863500e+03
8.026000e+02 5.878933e+03
8.025000e+02 5.838933e+03
8.024000e+02 5.802433e+03
8.023000e+02 5.808400e+03
8.022000e+02 5.837400e+03
8.021000e+02 5.813633e+03
8.020000e+02 5.856500e+03
8.019000e+02 5.787100e+03
8.018000e+02 5.828600e+03
8.017000e+02 5.846833e+03
8.016000e+02 5.798333e+03
8.015000e+02 5.782367e+03
8.014000e+02 5.806933e+03
8.013000e+02 5.809833e+03
8.012000e+02 5.856867e+03
8.011000e+02 5.852600e+03
8.010000e+02 5.822400e+03
8.009000e+02 5.880067e+03
8.008000e+02 5.856700e+03
8.007000e+02 5.852667e+03
8.006000e+02 5.854133e+03
8.005000e+02 5.886067e+03
8.004000e+02 5.825833e+03
8.003000e+02 5.875867e+03
8.002000e+02 5.873900e+03
8.001000e+02 5.845733e+03
8.000000e+02 5.838700e+03
7.999000e+02 5.833267e+03
7.998000e+02 5.882767e+03
7.997000e+02 5.869267e+03
7.996000e+02 5.832433e+03
7.995000e+02 5.833467e+03
7.994000e+02 5.863367e+03
7.993000e+02 5.920667e+03
7.992000e+02 5.877267e+03
7.991000e+02 5.901933e+03
7.990000e+02 5.853833e+03
7.989000e+02 5.892633e+03
7.988000e+02 5.882967e+03
7.987000e+02 5.904500e+03
7.986000e+02 5.887800e+03
7.985000e+02 5.872300e+03
7.984000e+02 5.845467e+03
7.983000e+02 5.849567e+03
7.982000e+02 5.909433e+03
7.981000e+02 5.885500e+03
7.980000e+02 5.887567e+03
7.979000e+02 5.941267e+03
7.978000e+02 5.970267e+03
7.977000e+02 5.907600e+03
7.976000e+02 5.931100e+03
7.975000e+02 5.904167e+03
7.974000e+02 5.938067e+03
7.973000e+02 5.946033e+03
7.972000e+02 5.871267e+03
7.971000e+02 5.877700e+03
7.970000e+02 5.961933e+03
7.969000e+02 5.940133e+03
7.968000e+02 5.915500e+03
7.967000e+02 5.928400e+03
7.966000e+02 5.920533e+03
7.965000e+02 5.891133e+03
7.964000e+02 5.963867e+03
7.963000e+02 6.004933e+03
7.962000e+02 5.954800e+03
7.961000e+02 5.956300e+03
7.960000e+02 6.004767e+03
7.959000e+02 6.005733e+03
7.958000e+02 6.040400e+03
7.957000e+02 6.082933e+03
7.956000e+02 6.008400e+03
7.955000e+02 6.031233e+03
7.954000e+02 6.034100e+03
7.953000e+02 6.088233e+03
7.952000e+02 6.149100e+03
7.951000e+02 6.124667e+03
7.950000e+02 6.138833e+03
7.949000e+02 6.119067e+03
7.948000e+02 6.146533e+03
7.947000e+02 6.121267e+03
7.946000e+02 6.109000e+03
7.945000e+02 6.088167e+03
7.944000e+02 6.154933e+03
7.943000e+02 6.146600e+03
7.942000e+02 6.190167e+03
7.941000e+02 6.247500e+03
7.940000e+02 6.273800e+03
7.939000e+02 6.213300e+03
7.938000e+02 6.220533e+03
7.937000e+02 6.238000e+03
7.936000e+02 6.255467e+03
7.935000e+02 6.238633e+03
7.934000e+02 6.251700e+03
7.933000e+02 6.307033e+03
7.932000e+02 6.304767e+03
7.931000e+02 6.284700e+03
7.930000e+02 6.344200e+03
7.929000e+02 6.391500e+03
7.928000e+02 6.358767e+03
7.927000e+02 6.381867e+03
7.926000e+02 6.389567e+03
7.925000e+02 6.400200e+03
7.924000e+02 6.394767e+03
7.923000e+02 6.423100e+03
7.922000e+02 6.449600e+03
7.921000e+02 6.529767e+03
7.920000e+02 6.509800e+03
7.919000e+02 6.547200e+03
7.918000e+02 6.503367e+03
7.917000e+02 6.519267e+03
7.916000e+02 6.523333e+03
7.915000e+02 6.658533e+03
7.914000e+02 6.674233e+03
7.913000e+02 6.646500e+03
7.912000e+02 6.660333e+03
7.911000e+02 6.663700e+03
7.910000e+02 6.710633e+03
7.909000e+02 6.670567e+03
7.908000e+02 6.691933e+03
7.907000e+02 6.760000e+03
7.906000e+02 6.760167e+03
7.905000e+02 6.719633e+03
7.904000e+02 6.802367e+03
7.903000e+02 6.757867e+03
7.902000e+02 6.823600e+03
7.901000e+02 6.879033e+03
7.900000e+02 6.870233e+03
7.899000e+02 6.937067e+03
7.898000e+02 6.890867e+03
7.897000e+02 6.925000e+03
7.896000e+02 6.933200e+03
7.895000e+02 6.980567e+03
7.894000e+02 6.954733e+03
7.893000e+02 7.003700e+03
7.892000e+02 7.011600e+03
7.891000e+02 7.078733e+03
7.890000e+02 7.070833e+03
7.889000e+02 7.095567e+03
7.888000e+02 7.087133e+03
7.887000e+02 7.141567e+03
7.886000e+02 7.097867e+03
7.885000e+02 7.097767e+03
7.884000e+02 7.133433e+03
7.883000e+02 7.119033e+03
7.882000e+02 7.109933e+03
7.881000e+02 7.083100e+03
7.880000e+02 7.153467e+03
7.879000e+02 7.189600e+03
7.878000e+02 7.167400e+03
7.877000e+02 7.149533e+03
7.876000e+02 7.175900e+03
7.875000e+02 7.135467e+03
7.874000e+02 7.157200e+03
7.873000e+02 7.161333e+03
7.872000e+02 7.253300e+03
7.871000e+02 7.204400e+03
7.870000e+02 7.210533e+03
7.869000e+02 7.275300e+03
7.868000e+02 7.244433e+03
7.867000e+02 7.241967e+03
7.866000e+02 7.244800e+03
7.865000e+02 7.258233e+03
7.864000e+02 7.272000e+03
7.863000e+02 7.284433e+03
7.862000e+02 7.280233e+03
7.861000e+02 7.321733e+03
7.860000e+02 7.309967e+03
7.859000e+02 7.353967e+03
7.858000e+02 7.302100e+03
7.857000e+02 7.303967e+03
7.856000e+02 7.316933e+03
7.855000e+02 7.292200e+03
7.854000e+02 7.321267e+03
7.853000e+02 7.368967e+03
7.852000e+02 7.406200e+03
7.851000e+02 7.337667e+03
7.850000e+02 7.354633e+03
7.849000e+02 7.378900e+03
7.848000e+02 7.408033e+03
7.847000e+02 7.336033e+03
7.846000e+02 7.340800e+03
7.845000e+02 7.361833e+03
7.844000e+02 7.354433e+03
7.843000e+02 7.451833e+03
7.842000e+02 7.434233e+03
7.841000e+02 7.485133e+03
7.840000e+02 7.482867e+03
7.839000e+02 7.548400e+03
7.838000e+02 7.485933e+03
7.837000e+02 7.483433e+03
7.836000e+02 7.473800e+03
7.835000e+02 7.503433e+03
7.834000e+02 7.452533e+03
7.833000e+02 7.525700e+03
7.832000e+02 7.522000e+03
7.831000e+02 7.547600e+03
7.830000e+02 7.451533e+03
7.829000e+02 7.437867e+03
7.828000e+02 7.459633e+03
7.827000e+02 7.519733e+03
7.826000e+02 7.469133e+03
7.825000e+02 7.455800e+03
7.824000e+02 7.420267e+03
7.823000e+02 7.481067e+03
7.822000e+02 7.403033e+03
7.821000e+02 7.390033e+03
7.820000e+02 7.393867e+03
7.819000e+02 7.353533e+03
7.818000e+02 7.295467e+03
7.817000e+02 7.258333e+03
7.816000e+02 7.275800e+03
7.815000e+02 7.239733e+03
7.814000e+02 7.171633e+03
7.813000e+02 7.147467e+03
7.812000e+02 7.142367e+03
7.811000e+02 7.094767e+03
7.810000e+02 7.042333e+03
7.809000e+02 7.047133e+03
7.808000e+02 6.970800e+03
7.807000e+02 6.931967e+03
7.806000e+02 6.943933e+03
7.805000e+02 6.903467e+03
7.804000e+02 6.816067e+03
7.803000e+02 6.742467e+03
7.802000e+02 6.695200e+03
7.801000e+02 6.646267e+03
7.800000e+02 6.635533e+03
7.799000e+02 6.561900e+03
7.798000e+02 6.583133e+03
7.797000e+02 6.547133e+03
7.796000e+02 6.499667e+03
7.795000e+02 6.457767e+03
7.794000e+02 6.358433e+03
7.793000e+02 6.384000e+03
7.792000e+02 6.326833e+03
7.791000e+02 6.264467e+03
7.790000e+02 6.203800e+03
7.789000e+02 6.218067e+03
7.788000e+02 6.244700e+03
7.787000e+02 6.200167e+03
7.786000e+02 6.106433e+03
7.785000e+02 6.107033e+03
7.784000e+02 6.018700e+03
7.783000e+02 6.025533e+03
7.782000e+02 5.966700e+03
7.781000e+02 5.947133e+03
7.780000e+02 5.962333e+03
7.779000e+02 5.918233e+03
7.778000e+02 5.911600e+03
7.777000e+02 5.979833e+03
7.776000e+02 5.913100e+03
7.775000e+02 5.900867e+03
7.774000e+02 5.868300e+03
7.773000e+02 5.859033e+03
7.772000e+02 5.809500e+03
7.771000e+02 5.805600e+03
7.770000e+02 5.862233e+03
7.769000e+02 5.799767e+03
7.768000e+02 5.780200e+03
7.767000e+02 5.747433e+03
7.766000e+02 5.759967e+03
7.765000e+02 5.723833e+03
7.764000e+02 5.686067e+03
7.763000e+02 5.718600e+03
7.762000e+02 5.782933e+03
7.761000e+02 5.718867e+03
7.760000e+02 5.738467e+03
7.759000e+02 5.719533e+03
7.758000e+02 5.739800e+03
7.757000e+02 5.694967e+03
7.756000e+02 5.741800e+03
7.755000e+02 5.716033e+03
7.754000e+02 5.684867e+03
7.753000e+02 5.676633e+03
7.752000e+02 5.706933e+03
7.751000e+02 5.720067e+03
7.750000e+02 5.654900e+03
7.749000e+02 5.697667e+03
7.748000e+02 5.769833e+03
7.747000e+02 5.739433e+03
7.746000e+02 5.746067e+03
7.745000e+02 5.746033e+03
7.744000e+02 5.775000e+03
7.743000e+02 5.739633e+03
7.742000e+02 5.733133e+03
7.741000e+02 5.763633e+03
7.740000e+02 5.737400e+03
7.739000e+02 5.697100e+03
7.738000e+02 5.739867e+03
7.737000e+02 5.778167e+03
7.736000e+02 5.780500e+03
7.735000e+02 5.751533e+03
7.734000e+02 5.699267e+03
7.733000e+02 5.747433e+03
7.732000e+02 5.731033e+03
7.731000e+02 5.727033e+03
7.730000e+02 5.697600e+03
7.729000e+02 5.774133e+03
7.728000e+02 5.763133e+03
7.727000e+02 5.754333e+03
7.726000e+02 5.726433e+03
7.725000e+02 5.832067e+03
7.724000e+02 5.798433e+03
7.723000e+02 5.798767e+03
7.722000e+02 5.771700e+03
7.721000e+02 5.702267e+03
7.720000e+02 5.774800e+03
7.719000e+02 5.749500e+03
7.718000e+02 5.687367e+03
7.717000e+02 5.755133e+03
7.716000e+02 5.785200e+03
7.715000e+02 5.750400e+03
7.714000e+02 5.849500e+03
7.713000e+02 5.835867e+03
7.712000e+02 5.831133e+03
7.711000e+02 5.776367e+03
7.710000e+02 5.849633e+03
7.709000e+02 5.811500e+03
7.708000e+02 5.785500e+03
7.707000e+02 5.788467e+03
7.706000e+02 5.812633e+03
7.705000e+02 5.847467e+03
7.704000e+02 5.794400e+03
7.703000e+02 5.748100e+03
7.702000e+02 5.751200e+03
7.701000e+02 5.782533e+03
7.700000e+02 5.842267e+03
7.699000e+02 5.759400e+03
7.698000e+02 5.772767e+03
7.697000e+02 5.818433e+03
7.696000e+02 5.773467e+03
7.695000e+02 5.763533e+03
7.694000e+02 5.744767e+03
7.693000e+02 5.739033e+03
7.692000e+02 5.745733e+03
7.691000e+02 5.731467e+03
7.690000e+02 5.736033e+03
7.689000e+02 5.757300e+03
7.688000e+02 5.706900e+03
7.687000e+02 5.634900e+03
7.686000e+02 5.651467e+03
7.685000e+02 5.685867e+03
7.684000e+02 5.659600e+03
7.683000e+02 5.620667e+03
7.682000e+02 5.626900e+03
7.681000e+02 5.624333e+03
7.680000e+02 5.625867e+03
7.679000e+02 5.589400e+03
7.678000e+02 5.599500e+03
7.677000e+02 5.544300e+03
7.676000e+02 5.547433e+03
7.675000e+02 5.574433e+03
7.674000e+02 5.542000e+03
7.673000e+02 5.550000e+03
7.672000e+02 5.530933e+03
7.671000e+02 5.502700e+03
7.670000e+02 5.493267e+03
7.669000e+02 5.460500e+03
7.668000e+02 5.466833e+03
7.667000e+02 5.435833e+03
7.666000e+02 5.436633e+03
7.665000e+02 5.450400e+03
7.664000e+02 5.426900e+03
7.663000e+02 5.414467e+03
7.662000e+02 5.411133e+03
7.661000e+02 5.430767e+03
7.660000e+02 5.360267e+03
7.659000e+02 5.346300e+03
7.658000e+02 5.404767e+03
7.657000e+02 5.390267e+03
7.656000e+02 5.357100e+03
7.655000e+02 5.363633e+03
7.654000e+02 5.353867e+03
7.653000e+02 5.372667e+03
7.652000e+02 5.392433e+03
7.651000e+02 5.368200e+03
7.650000e+02 5.329133e+03
7.649000e+02 5.350933e+03
7.648000e+02 5.318067e+03
7.647000e+02 5.328167e+03
7.646000e+02 5.344100e+03
7.645000e+02 5.297733e+03
7.644000e+02 5.297767e+03
7.643000e+02 5.307700e+03
7.642000e+02 5.354433e+03
7.641000e+02 5.312167e+03
7.640000e+02 5.296267e+03
7.639000e+02 5.313667e+03
7.638000e+02 5.294733e+03
7.637000e+02 5.276033e+03
7.636000e+02 5.303300e+03
7.635000e+02 5.323533e+03
7.634000e+02 5.271733e+03
7.633000e+02 5.269467e+03
7.632000e+02 5.262767e+03
7.631000e+02 5.310867e+03
7.630000e+02 5.304833e+03
7.629000e+02 5.315567e+03
7.628000e+02 5.295333e+03
7.627000e+02 5.336033e+03
7.626000e+02 5.337433e+03
7.625000e+02 5.296533e+03
7.624000e+02 5.313933e+03
7.623000e+02 5.322200e+03
7.622000e+02 5.330033e+03
7.621000e+02 5.306833e+03
7.620000e+02 5.339033e+03
7.619000e+02 5.322367e+03
7.618000e+02 5.346533e+03
7.617000e+02 5.355567e+03
7.616000e+02 5.328500e+03
7.615000e+02 5.313367e+03
7.614000e+02 5.381267e+03
7.613000e+02 5.405167e+03
7.612000e+02 5.366867e+03
7.611000e+02 5.362767e+03
7.610000e+02 5.352667e+03
7.609000e+02 5.335667e+03
7.608000e+02 5.361067e+03
7.607000e+02 5.313600e+03
7.606000e+02 5.362167e+03
7.605000e+02 5.349900e+03
7.604000e+02 5.354133e+03
7.603000e+02 5.351900e+03
7.602000e+02 5.363667e+03
7.601000e+02 5.408133e+03
7.600000e+02 5.427600e+03
7.599000e+02 5.406767e+03
7.598000e+02 5.397900e+03
7.597000e+02 5.416433e+03
7.596000e+02 5.414133e+03
7.595000e+02 5.369000e+03
7.594000e+02 5.375867e+03
7.593000e+02 5.366400e+03
7.592000e+02 5.357700e+03
7.591000e+02 5.419500e+03
7.590000e+02 5.421100e+03
7.589000e+02 5.436833e+03
7.588000e+02 5.443867e+03
7.587000e+02 5.472600e+03
7.586000e+02 5.465333e+03
7.585000e+02 5.416733e+03
7.584000e+02 5.424800e+03
7.583000e+02 5.421933e+03
7.582000e+02 5.399533e+03
7.581000e+02 5.411400e+03
7.580000e+02 5.457567e+03
7.579000e+02 5.481133e+03
7.578000e+02 5.407333e+03
7.577000e+02 5.432933e+03
7.576000e+02 5.463667e+03
7.575000e+02 5.450367e+03
7.574000e+02 5.450133e+03
7.573000e+02 5.454200e+03
7.572000e+02 5.458700e+03
7.571000e+02 5.514833e+03
7.570000e+02 5.510567e+03
7.569000e+02 5.467900e+03
7.568000e+02 5.476800e+03
7.567000e+02 5.504700e+03
7.566000e+02 5.483133e+03
7.565000e+02 5.431200e+03
7.564000e+02 5.494467e+03
7.563000e+02 5.516033e+03
7.562000e+02 5.508767e+03
7.561000e+02 5.482900e+03
7.560000e+02 5.481200e+03
7.559000e+02 5.481000e+03
7.558000e+02 5.546000e+03
7.557000e+02 5.490267e+03
7.556000e+02 5.481100e+03
7.555000e+02 5.501567e+03
7.554000e+02 5.550233e+03
7.553000e+02 5.495333e+03
7.552000e+02 5.495800e+03
7.551000e+02 5.527233e+03
7.550000e+02 5.561167e+03
7.549000e+02 5.535167e+03
7.548000e+02 5.521233e+03
7.547000e+02 5.563067e+03
7.546000e+02 5.530033e+03
7.545000e+02 5.570833e+03
7.544000e+02 5.590833e+03
7.543000e+02 5.583067e+03
7.542000e+02 5.591500e+03
7.541000e+02 5.544967e+03
7.540000e+02 5.525167e+03
7.539000e+02 5.584267e+03
7.538000e+02 5.564700e+03
7.537000e+02 5.574733e+03
7.536000e+02 5.601467e+03
7.535000e+02 5.593033e+03
7.534000e+02 5.596500e+03
7.533000e+02 5.594500e+03
7.532000e+02 5.587633e+03
7.531000e+02 5.597800e+03
7.530000e+02 5.612200e+03
7.529000e+02 5.613233e+03
7.528000e+02 5.649033e+03
7.527000e+02 5.657600e+03
7.526000e+02 5.649967e+03
7.525000e+02 5.594933e+03
7.524000e+02 5.642900e+03
7.523000e+02 5.642733e+03
7.522000e+02 5.625967e+03
7.521000e+02 5.649533e+03
7.520000e+02 5.611333e+03
7.519000e+02 5.683200e+03
7.518000e+02 5.680267e+03
7.517000e+02 5.661400e+03
7.516000e+02 5.652367e+03
7.515000e+02 5.669767e+03
7.514000e+02 5.667133e+03
7.513000e+02 5.664000e+03
7.512000e+02 5.656600e+03
7.511000e+02 5.706033e+03
7.510000e+02 5.672833e+03
7.509000e+02 5.686233e+03
7.508000e+02 5.719700e+03
7.507000e+02 5.697833e+03
7.506000e+02 5.734033e+03
7.505000e+02 5.694900e+03
7.504000e+02 5.729433e+03
7.503000e+02 5.726367e+03
7.502000e+02 5.728567e+03
7.501000e+02 5.741933e+03
7.500000e+02 5.674067e+03
7.499000e+02 5.720600e+03
7.498000e+02 5.755267e+03
7.497000e+02 5.735567e+03
7.496000e+02 5.763967e+03
7.495000e+02 5.794433e+03
7.494000e+02 5.743433e+03
7.493000e+02 5.721400e+03
7.492000e+02 5.743000e+03
7.491000e+02 5.727600e+03
7.490000e+02 5.781233e+03
7.489000e+02 5.793200e+03
7.488000e+02 5.801700e+03
7.487000e+02 5.790367e+03
7.486000e+02 5.789000e+03
7.485000e+02 5.830267e+03
7.484000e+02 5.840533e+03
7.483000e+02 5.834900e+03
7.482000e+02 5.856867e+03
7.481000e+02 5.849333e+03
7.480000e+02 5.807433e+03
7.479000e+02 5.780500e+03
7.478000e+02 5.811500e+03
7.477000e+02 5.845100e+03
7.476000e+02 5.860433e+03
7.475000e+02 5.858467e+03
7.474000e+02 5.867800e+03
7.473000e+02 5.852733e+03
7.472000e+02 5.841033e+03
7.471000e+02 5.827900e+03
7.470000e+02 5.889200e+03
7.469000e+02 5.914033e+03
7.468000e+02 5.858567e+03
7.467000e+02 5.830000e+03
7.466000e+02 5.896133e+03
7.465000e+02 5.902867e+03
7.464000e+02 5.911900e+03
7.463000e+02 5.891100e+03
7.462000e+02 5.895933e+03
7.461000e+02 5.886233e+03
7.460000e+02 5.909467e+03
7.459000e+02 5.915033e+03
7.458000e+02 5.928133e+03
7.457000e+02 5.959800e+03
7.456000e+02 5.969867e+03
7.455000e+02 6.014933e+03
7.454000e+02 5.998600e+03
7.453000e+02 6.013667e+03
7.452000e+02 6.029467e+03
7.451000e+02 6.048867e+03
7.450000e+02 6.039633e+03
7.449000e+02 6.020067e+03
7.448000e+02 6.040900e+03
7.447000e+02 6.108733e+03
7.446000e+02 6.072267e+03
7.445000e+02 6.111567e+03
7.444000e+02 6.089733e+03
7.443000e+02 6.103167e+03
7.442000e+02 6.115133e+03
7.441000e+02 6.190900e+03
7.440000e+02 6.182700e+03
7.439000e+02 6.101567e+03
7.438000e+02 6.149100e+03
7.437000e+02 6.170200e+03
7.436000e+02 6.174267e+03
7.435000e+02 6.172767e+03
7.434000e+02 6.210600e+03
7.433000e+02 6.229933e+03
7.432000e+02 6.197400e+03
7.431000e+02 6.217067e+03
7.430000e+02 6.146733e+03
7.429000e+02 6.162267e+03
7.428000e+02 6.211400e+03
7.427000e+02 6.176267e+03
7.426000e+02 6.142233e+03
7.425000e+02 6.119800e+03
7.424000e+02 6.160667e+03
7.423000e+02 6.167067e+03
7.422000e+02 6.184767e+03
7.421000e+02 6.144400e+03
7.420000e+02 6.131700e+03
7.419000e+02 6.086900e+03
7.418000e+02 6.038000e+03
7.417000e+02 6.123833e+03
7.416000e+02 6.116000e+03
7.415000e+02 6.098033e+03
7.414000e+02 6.097067e+03
7.413000e+02 6.045867e+03
7.412000e+02 6.058667e+03
7.411000e+02 6.033267e+03
7.410000e+02 6.024000e+03
7.409000e+02 6.033833e+03
7.408000e+02 6.019467e+03
7.407000e+02 6.019833e+03
7.406000e+02 6.060033e+03
7.405000e+02 6.018167e+03
7.404000e+02 5.981767e+03
7.403000e+02 6.025733e+03
7.402000e+02 6.021333e+03
7.401000e+02 6.011433e+03
7.400000e+02 6.054933e+03
7.399000e+02 6.030933e+03
7.398000e+02 6.014667e+03
7.397000e+02 6.011433e+03
7.396000e+02 6.051933e+03
7.395000e+02 6.054367e+03
7.394000e+02 6.060067e+03
7.393000e+02 6.071867e+03
7.392000e+02 6.022567e+03
7.391000e+02 6.068267e+03
7.390000e+02 6.068700e+03
7.389000e+02 6.123600e+03
7.388000e+02 6.060233e+03
7.387000e+02 6.103500e+03
7.386000e+02 6.124667e+03
7.385000e+02 6.075133e+03
7.384000e+02 6.095233e+03
7.383000e+02 6.155467e+03
7.382000e+02 6.136033e+03
7.381000e+02 6.150167e+03
7.380000e+02 6.096033e+03
7.379000e+02 6.156300e+03
7.378000e+02 6.203933e+03
7.377000e+02 6.184933e+03
7.376000e+02 6.245233e+03
7.375000e+02 6.249267e+03
7.374000e+02 6.246767e+03
7.373000e+02 6.214533e+03
7.372000e+02 6.223233e+03
7.371000e+02 6.269567e+03
7.370000e+02 6.308600e+03
7.369000e+02 6.286033e+03
7.368000e+02 6.302333e+03
7.367000e+02 6.333900e+03
7.366000e+02 6.359533e+03
7.365000e+02 6.430733e+03
7.364000e+02 6.434500e+03
7.363000e+02 6.398767e+03
7.362000e+02 6.490133e+03
7.361000e+02 6.496200e+03
7.360000e+02 6.459200e+03
7.359000e+02 6.448667e+03
7.358000e+02 6.503967e+03
7.357000e+02 6.495633e+03
7.356000e+02 6.562500e+03
7.355000e+02 6.565200e+03
7.354000e+02 6.547100e+03
7.353000e+02 6.618467e+03
7.352000e+02 6.615033e+03
7.351000e+02 6.616533e+03
7.350000e+02 6.657233e+03
7.349000e+02 6.665567e+03
7.348000e+02 6.692867e+03
7.347000e+02 6.706433e+03
7.346000e+02 6.714133e+03
7.345000e+02 6.739067e+03
7.344000e+02 6.748367e+03
7.343000e+02 6.754767e+03
7.342000e+02 6.790933e+03
7.341000e+02 6.860633e+03
7.340000e+02 6.846933e+03
7.339000e+02 6.867700e+03
7.338000e+02 6.913233e+03
7.337000e+02 6.880233e+03
7.336000e+02 6.915833e+03
7.335000e+02 6.976900e+03
7.334000e+02 6.953000e+03
7.333000e+02 6.988533e+03
7.332000e+02 6.953600e+03
7.331000e+02 6.992867e+03
7.330000e+02 7.017800e+03
7.329000e+02 7.033667e+03
7.328000e+02 7.051567e+03
7.327000e+02 7.060733e+03
7.326000e+02 7.128967e+03
7.325000e+02 7.170500e+03
7.324000e+02 7.110333e+03
7.323000e+02 7.157167e+03
7.322000e+02 7.160167e+03
7.321000e+02 7.238100e+03
7.320000e+02 7.216100e+03
7.319000e+02 7.249567e+03
7.318000e+02 7.213300e+03
7.317000e+02 7.329733e+03
7.316000e+02 7.302900e+03
7.315000e+02 7.287500e+03
7.314000e+02 7.344533e+03
7.313000e+02 7.396600e+03
7.312000e+02 7.410567e+03
7.311000e+02 7.453833e+03
7.310000e+02 7.457967e+03
7.309000e+02 7.439333e+03
7.308000e+02 7.494600e+03
7.307000e+02 7.541400e+03
7.306000e+02 7.557167e+03
7.305000e+02 7.633833e+03
7.304000e+02 7.637667e+03
7.303000e+02 7.708800e+03
7.302000e+02 7.677867e+03
7.301000e+02 7.704733e+03
7.300000e+02 7.704233e+03
7.299000e+02 7.736267e+03
7.298000e+02 7.725767e+03
7.297000e+02 7.756000e+03
7.296000e+02 7.783100e+03
7.295000e+02 7.729033e+03
7.294000e+02 7.768400e+03
7.293000e+02 7.814300e+03
7.292000e+02 7.783600e+03
7.291000e+02 7.786000e+03
7.290000e+02 7.822633e+03
7.289000e+02 7.818767e+03
7.288000e+02 7.804067e+03
7.287000e+02 7.782300e+03
7.286000e+02 7.850133e+03
7.285000e+02 7.835633e+03
7.284000e+02 7.824400e+03
7.283000e+02 7.904800e+03
7.282000e+02 7.865767e+03
7.281000e+02 7.922267e+03
7.280000e+02 7.969500e+03
7.279000e+02 7.818900e+03
7.278000e+02 7.853367e+03
7.277000e+02 7.870700e+03
7.276000e+02 7.928167e+03
7.275000e+02 7.994533e+03
7.274000e+02 7.948767e+03
7.273000e+02 7.991300e+03
7.272000e+02 7.994567e+03
7.271000e+02 8.089200e+03
7.270000e+02 8.108433e+03
7.269000e+02 8.086433e+03
7.268000e+02 8.192900e+03
7.267000e+02 8.159800e+03
7.266000e+02 8.217400e+03
7.265000e+02 8.304367e+03
7.264000e+02 8.333567e+03
7.263000e+02 8.388567e+03
7.262000e+02 8.371567e+03
7.261000e+02 8.441567e+03
7.260000e+02 8.465767e+03
7.259000e+02 8.535067e+03
7.258000e+02 8.587867e+03
7.257000e+02 8.602533e+03
7.256000e+02 8.652333e+03
7.255000e+02 8.722067e+03
7.254000e+02 8.759667e+03
7.253000e+02 8.871900e+03
7.252000e+02 8.934733e+03
7.251000e+02 8.980900e+03
7.250000e+02 9.044667e+03
7.249000e+02 9.120433e+03
7.248000e+02 9.112567e+03
7.247000e+02 9.202833e+03
7.246000e+02 9.269467e+03
7.245000e+02 9.318633e+03
7.244000e+02 9.380867e+03
7.243000e+02 9.388500e+03
7.242000e+02 9.404167e+03
7.241000e+02 9.459767e+03
7.240000e+02 9.543500e+03
7.239000e+02 9.635067e+03
7.238000e+02 9.669433e+03
7.237000e+02 9.697533e+03
7.236000e+02 9.725233e+03
7.235000e+02 9.755300e+03
7.234000e+02 9.773533e+03
7.233000e+02 9.813433e+03
7.232000e+02 9.799300e+03
7.231000e+02 9.832200e+03
7.230000e+02 9.821967e+03
7.229000e+02 9.809800e+03
7.228000e+02 9.744033e+03
7.227000e+02 9.705100e+03
7.226000e+02 9.619767e+03
7.225000e+02 9.556033e+03
7.224000e+02 9.514133e+03
7.223000e+02 9.403133e+03
7.222000e+02 9.334667e+03
7.221000e+02 9.256733e+03
7.220000e+02 9.162800e+03
7.219000e+02 8.986267e+03
7.218000e+02 8.890633e+03
7.217000e+02 8.722400e+03
7.216000e+02 8.570900e+03
7.215000e+02 8.396667e+03
7.214000e+02 8.172033e+03
7.213000e+02 8.009933e+03
7.212000e+02 7.884167e+03
7.211000e+02 7.746600e+03
7.210000e+02 7.588267e+03
7.209000e+02 7.434167e+03
7.208000e+02 7.351767e+03
7.207000e+02 7.208533e+03
7.206000e+02 7.108000e+03
7.205000e+02 7.082533e+03
7.204000e+02 7.026300e+03
7.203000e+02 6.912933e+03
7.202000e+02 6.911700e+03
7.201000e+02 6.892500e+03
7.200000e+02 6.842933e+03
7.199000e+02 6.770333e+03
7.198000e+02 6.802867e+03
7.197000e+02 6.767533e+03
7.196000e+02 6.737500e+03
7.195000e+02 6.699233e+03
7.194000e+02 6.675233e+03
7.193000e+02 6.686633e+03
7.192000e+02 6.688167e+03
7.191000e+02 6.621833e+03
7.190000e+02 6.645133e+03
7.189000e+02 6.651633e+03
7.188000e+02 6.631433e+03
7.187000e+02 6.620033e+03
7.186000e+02 6.615433e+03
7.185000e+02 6.625033e+03
7.184000e+02 6.642867e+03
7.183000e+02 6.677000e+03
7.182000e+02 6.691267e+03
7.181000e+02 6.718833e+03
7.180000e+02 6.668400e+03
7.179000e+02 6.742233e+03
7.178000e+02 6.800467e+03
7.177000e+02 6.776200e+03
7.176000e+02 6.784633e+03
7.175000e+02 6.850967e+03
7.174000e+02 6.858600e+03
7.173000e+02 6.873767e+03
7.172000e+02 6.887967e+03
7.171000e+02 6.913067e+03
7.170000e+02 6.966733e+03
7.169000e+02 6.975200e+03
7.168000e+02 7.024000e+03
7.167000e+02 7.125667e+03
7.166000e+02 7.064967e+03
7.165000e+02 7.027133e+03
7.164000e+02 7.082967e+03
7.163000e+02 7.127600e+03
7.162000e+02 7.128533e+03
7.161000e+02 7.175867e+03
7.160000e+02 7.223300e+03
7.159000e+02 7.181167e+03
7.158000e+02 7.223600e+03
7.157000e+02 7.259900e+03
7.156000e+02 7.248333e+03
7.155000e+02 7.285933e+03
7.154000e+02 7.303400e+03
7.153000e+02 7.343200e+03
7.152000e+02 7.320267e+03
7.151000e+02 7.350200e+03
7.150000e+02 7.424100e+03
7.149000e+02 7.405933e+03
7.148000e+02 7.440633e+03
7.147000e+02 7.487600e+03
7.146000e+02 7.565567e+03
7.145000e+02 7.576667e+03
7.144000e+02 7.609633e+03
7.143000e+02 7.690233e+03
7.142000e+02 7.713167e+03
7.141000e+02 7.778067e+03
7.140000e+02 7.822833e+03
7.139000e+02 7.894267e+03
7.138000e+02 8.048767e+03
7.137000e+02 8.116700e+03
7.136000e+02 8.140333e+03
7.135000e+02 8.267300e+03
7.134000e+02 8.294333e+03
7.133000e+02 8.380967e+03
7.132000e+02 8.482000e+03
7.131000e+02 8.523867e+03
7.130000e+02 8.621033e+03
7.129000e+02 8.694067e+03
7.128000e+02 8.825367e+03
7.127000e+02 8.984533e+03
7.126000e+02 9.088000e+03
7.125000e+02 9.125000e+03
7.124000e+02 9.130633e+03
7.123000e+02 9.220867e+03
7.122000e+02 9.360900e+03
7.121000e+02 9.462333e+03
7.120000e+02 9.537200e+03
7.119000e+02 9.661200e+03
7.118000e+02 9.766767e+03
7.117000e+02 9.870900e+03
7.116000e+02 9.990267e+03
7.115000e+02 1.004200e+04
7.114000e+02 1.013073e+04
7.113000e+02 1.027827e+04
7.112000e+02 1.035723e+04
7.111000e+02 1.048970e+04
7.110000e+02 1.052650e+04
7.109000e+02 1.064270e+04
7.108000e+02 1.065450e+04
7.107000e+02 1.064370e+04
7.106000e+02 1.070253e+04
7.105000e+02 1.075817e+04
7.104000e+02 1.078440e+04
7.103000e+02 1.082403e+04
7.102000e+02 1.082290e+04
7.101000e+02 1.085057e+04
7.100000e+02 1.074340e+04
7.099000e+02 1.074970e+04
7.098000e+02 1.060737e+04
7.097000e+02 1.045810e+04
7.096000e+02 1.037547e+04
7.095000e+02 1.023713e+04
7.094000e+02 1.010550e+04
7.093000e+02 9.929867e+03
7.092000e+02 9.812300e+03
7.091000e+02 9.654067e+03
7.090000e+02 9.482300e+03
7.089000e+02 9.257000e+03
7.088000e+02 9.045267e+03
7.087000e+02 8.819500e+03
7.086000e+02 8.510300e+03
7.085000e+02 8.226867e+03
7.084000e+02 7.851700e+03
7.083000e+02 7.399433e+03
7.082000e+02 6.984433e+03
7.081000e+02 6.519767e+03
7.080000e+02 5.980000e+03
7.079000e+02 5.472333e+03
7.078000e+02 4.949500e+03
7.077000e+02 4.435167e+03
7.076000e+02 3.995733e+03
7.075000e+02 3.569400e+03
7.074000e+02 3.241057e+03
7.073000e+02 2.975783e+03
7.072000e+02 2.739663e+03
7.071000e+02 2.550927e+03
7.070000e+02 2.405537e+03
7.069000e+02 2.278723e+03
7.068000e+02 2.177050e+03
7.067000e+02 2.078737e+03
7.066000e+02 2.006690e+03
7.065000e+02 1.925757e+03
7.064000e+02 1.855890e+03
7.063000e+02 1.758757e+03
7.062000e+02 1.746720e+03
7.061000e+02 1.707240e+03
7.060000e+02 1.665857e+03
7.059000e+02 1.599720e+03
7.058000e+02 1.588507e+03
7.057000e+02 1.575003e+03
7.056000e+02 1.571470e+03
7.055000e+02 1.530537e+03
7.054000e+02 1.520243e+03
7.053000e+02 1.505500e+03
7.052000e+02 1.495593e+03
7.051000e+02 1.494720e+03
7.050000e+02 1.480827e+03
7.049000e+02 1.477000e+03
7.048000e+02 1.470380e+03
7.047000e+02 1.478960e+03
7.046000e+02 1.460947e+03
7.045000e+02 1.469517e+03
7.044000e+02 1.423970e+03
7.043000e+02 1.439293e+03
7.042000e+02 1.450637e+03
7.041000e+02 1.445977e+03
7.040000e+02 1.440690e+03
7.039000e+02 1.411430e+03
7.038000e+02 1.397950e+03
7.037000e+02 1.408860e+03
7.036000e+02 1.411027e+03
7.035000e+02 1.419740e+03
7.034000e+02 1.440900e+03
7.033000e+02 1.438947e+03
7.032000e+02 1.396767e+03
7.031000e+02 1.382017e+03
7.030000e+02 1.386070e+03
7.029000e+02 1.411787e+03
7.028000e+02 1.393217e+03
7.027000e+02 1.398320e+03
7.026000e+02 1.376687e+03
7.025000e+02 1.363020e+03
7.024000e+02 1.384043e+03
7.023000e+02 1.377813e+03
7.022000e+02 1.373040e+03
7.021000e+02 1.382780e+03
7.020000e+02 1.393430e+03
7.019000e+02 1.372170e+03
7.018000e+02 1.376917e+03
7.017000e+02 1.360480e+03
7.016000e+02 1.386633e+03
7.015000e+02 1.384823e+03
7.014000e+02 1.364783e+03
7.013000e+02 1.357253e+03
7.012000e+02 1.372947e+03
7.011000e+02 1.367623e+03
7.010000e+02 1.374473e+03
7.009000e+02 1.374320e+03
7.008000e+02 1.366130e+03
7.007000e+02 1.361213e+03
7.006000e+02 1.360507e+03
7.005000e+02 1.342037e+03
7.004000e+02 1.361763e+03
7.003000e+02 1.363607e+03
7.002000e+02 1.362503e+03
7.001000e+02 1.380137e+03
7.000000e+02 1.357783e+03
