Cu2p Cu2O
971.95	260.571
971.9	261.011
971.85	264.335
971.8	262.584
971.75	259.322
971.7	259.899
971.65	259.476
971.6	258.005
971.55	255.858
971.5	257.012
971.45	258.193
971.4	262.176
971.35	265.132
971.3	264.273
971.25	264.32
971.2	260.108
971.15	260.598
971.1	261.651
971.05	258.853
971	263.131
970.95	258.591
970.9	260.574
970.85	261.199
970.8	260.318
970.75	258.598
970.7	259.892
970.65	262.235
970.6	261.537
970.55	259.352
970.5	258.936
970.45	258.166
970.4	262.156
970.35	257.035
970.3	258.682
970.25	260.439
970.2	260.957
970.15	264.409
970.1	261.622
970.05	259.71
970	261.899
969.95	261.521
969.9	256.032
969.85	257.283
969.8	259.667
969.75	258.605
969.7	262.418
969.65	260.881
969.6	257.941
969.55	256.128
969.5	256.827
969.45	259.054
969.4	260.366
969.35	261.837
969.3	259.023
969.25	257.541
969.2	256.849
969.15	259.348
969.1	263.585
969.05	263.548
969	262.145
968.95	258.758
968.9	258.757
968.85	261.151
968.8	261.399
968.75	262.372
968.7	262.405
968.65	260.252
968.6	261.359
968.55	261.257
968.5	267.385
968.45	260.734
968.4	262.491
968.35	261.657
968.3	261.484
968.25	261.39
968.2	262.908
968.15	260.728
968.1	261.807
968.05	265.056
968	263.937
967.95	263.733
967.9	263.502
967.85	266.415
967.8	265.27
967.75	263.038
967.7	266.752
967.65	268.421
967.6	266.06
967.55	267.848
967.5	264.779
967.45	264.609
967.4	266.698
967.35	266.043
967.3	264.513
967.25	267.4
967.2	268.791
967.15	270.539
967.1	269.614
967.05	264.65
967	268.707
966.95	268.836
966.9	271.26
966.85	270.002
966.8	269.65
966.75	270.261
966.7	271.264
966.65	270.435
966.6	267.888
966.55	267.824
966.5	270.155
966.45	273.978
966.4	274.449
966.35	271.085
966.3	273.641
966.25	271.375
966.2	274.532
966.15	275.204
966.1	273.101
966.05	270.034
966	277.695
965.95	274.953
965.9	278.675
965.85	284.025
965.8	281.265
965.75	280.434
965.7	276.637
965.65	279.315
965.6	280.914
965.55	279.753
965.5	284.029
965.45	283.186
965.4	285.441
965.35	282.646
965.3	284.848
965.25	286.337
965.2	290.075
965.15	289.441
965.1	286.833
965.05	287.625
965	291.119
964.95	289.123
964.9	287.932
964.85	286.242
964.8	288.421
964.75	286.062
964.7	285.666
964.65	283.016
964.6	285.122
964.55	285.258
964.5	283.871
964.45	281.545
964.4	285.485
964.35	281.507
964.3	277.299
964.25	278.351
964.2	275.136
964.15	272.702
964.1	272.572
964.05	271.884
964	274.409
963.95	270.819
963.9	273.599
963.85	267.762
963.8	268.056
963.75	267.925
963.7	267.113
963.65	267.993
963.6	268.672
963.55	266.348
963.5	266.815
963.45	263.701
963.4	261.819
963.35	259.349
963.3	260.793
963.25	258.819
963.2	258.716
963.15	259.791
963.1	260.045
963.05	258.321
963	259.145
962.95	256.345
962.9	257.532
962.85	259.404
962.8	260.104
962.75	256.004
962.7	259.111
962.65	255.154
962.6	254.135
962.55	250.123
962.5	254.637
962.45	251.718
962.4	252.648
962.35	252.531
962.3	249.869
962.25	253.053
962.2	252.396
962.15	252.519
962.1	249.569
962.05	248.636
962	251.126
961.95	252.09
961.9	251.421
961.85	250.881
961.8	250.643
961.75	247.513
961.7	249.213
961.65	251.597
961.6	251.671
961.55	251.006
961.5	251.619
961.45	246.528
961.4	253.517
961.35	249.212
961.3	251.546
961.25	250.554
961.2	250.674
961.15	251.678
961.1	252.114
961.05	248.616
961	253.729
960.95	254.065
960.9	252.027
960.85	250.953
960.8	252.07
960.75	250.197
960.7	252.659
960.65	250.619
960.6	250.554
960.55	252.529
960.5	254.397
960.45	248.194
960.4	250.667
960.35	251.926
960.3	248.243
960.25	247.441
960.2	250.561
960.15	250.369
960.1	245.138
960.05	247.975
960	254.609
959.95	252.642
959.9	255.484
959.85	254.98
959.8	257.379
959.75	252.042
959.7	253.874
959.65	249.977
959.6	250.98
959.55	250.696
959.5	255.493
959.45	255.522
959.4	249.882
959.35	251.794
959.3	253.765
959.25	255.129
959.2	252.251
959.15	254.319
959.1	250.928
959.05	249.639
959	252.791
958.95	251.918
958.9	251.636
958.85	249.014
958.8	257.762
958.75	255.893
958.7	255.992
958.65	256.806
958.6	254.78
958.55	254.253
958.5	255.798
958.45	257.137
958.4	259.043
958.35	258.265
958.3	252.742
958.25	254.013
958.2	252.916
958.15	255.012
958.1	254.584
958.05	257.391
958	259.996
957.95	255.994
957.9	253.101
957.85	254.891
957.8	255.854
957.75	254.506
957.7	254.475
957.65	260.104
957.6	258.039
957.55	252.179
957.5	254.774
957.45	256.534
957.4	256.724
957.35	256.845
957.3	258.213
957.25	258.101
957.2	257.623
957.15	259.099
957.1	260.511
957.05	259.497
957	258.277
956.95	258.716
956.9	259.101
956.85	258.815
956.8	258.793
956.75	256.888
956.7	256.514
956.65	256.626
956.6	258.822
956.55	255.318
956.5	256.309
956.45	261.953
956.4	258.345
956.35	257.373
956.3	256.772
956.25	257.559
956.2	257.499
956.15	260.143
956.1	259.45
956.05	260.351
956	259.722
955.95	259.577
955.9	261.182
955.85	260.102
955.8	257.992
955.75	259.751
955.7	257.333
955.65	256.12
955.6	257.645
955.55	256.934
955.5	258.258
955.45	258.854
955.4	262.196
955.35	254.851
955.3	259.428
955.25	256.493
955.2	258.663
955.15	258.912
955.1	261.778
955.05	261.649
955	256.492
954.95	254.298
954.9	256.507
954.85	259.673
954.8	261.988
954.75	258.213
954.7	259.578
954.65	262.104
954.6	264.724
954.55	266.657
954.5	264.709
954.45	264.875
954.4	263.867
954.35	265.206
954.3	265.932
954.25	266.494
954.2	274.146
954.15	272.914
954.1	273.864
954.05	273.125
954	278.753
953.95	277.416
953.9	284.753
953.85	283.056
953.8	288.934
953.75	294.431
953.7	296.433
953.65	303.751
953.6	309.937
953.55	313.187
953.5	316.163
953.45	324.626
953.4	334.243
953.35	341.569
953.3	357.195
953.25	367.335
953.2	370.874
953.15	381.443
953.1	399.005
953.05	418.144
953	431.292
952.95	454.976
952.9	473.316
952.85	492.848
952.8	510.579
952.75	536.405
952.7	559.211
952.65	586.821
952.6	608.258
952.55	630.311
952.5	657.842
952.45	686.274
952.4	707.205
952.35	729.732
952.3	741.295
952.25	761.289
952.2	762.1
952.15	763.474
952.1	763.1
952.05	753.953
952	738.042
951.95	728.158
951.9	707.026
951.85	692.526
951.8	662.284
951.75	635.7
951.7	602.358
951.65	580.747
951.6	550.405
951.55	528.305
951.5	504.469
951.45	481.979
951.4	459.117
951.35	438.248
951.3	420.975
951.25	403.994
951.2	386.309
951.15	371.569
951.1	359.305
951.05	350.206
951	337.885
950.95	336.665
950.9	324.821
950.85	316.586
950.8	312.096
950.75	299.568
950.7	294.795
950.65	294.852
950.6	287.59
950.55	290.013
950.5	285.733
950.45	278.689
950.4	274.249
950.35	274.887
950.3	270.478
950.25	265.199
950.2	265.031
950.15	265.216
950.1	258.675
950.05	256.592
950	258.887
949.95	262.643
949.9	256.585
949.85	251.792
949.8	246.62
949.75	251.181
949.7	247.081
949.65	248.915
949.6	246.848
949.55	246.704
949.5	247.563
949.45	243.733
949.4	246.079
949.35	242.081
949.3	241.31
949.25	241.139
949.2	241.352
949.15	243.857
949.1	243.439
949.05	241.855
949	239.393
948.95	242.503
948.9	241.58
948.85	240.974
948.8	239.79
948.75	239.091
948.7	242.343
948.65	238.295
948.6	239.74
948.55	238.124
948.5	235.519
948.45	239.751
948.4	240.133
948.35	237.978
948.3	240.113
948.25	238.226
948.2	236.701
948.15	237.613
948.1	236.315
948.05	237.888
948	238.405
947.95	239.943
947.9	237.831
947.85	238.158
947.8	240.817
947.75	243.021
947.7	245.215
947.65	241.734
947.6	242.335
947.55	239.419
947.5	237.823
947.45	238.755
947.4	244.598
947.35	243.63
947.3	244.909
947.25	248.691
947.2	245.765
947.15	246.23
947.1	249.289
947.05	251.389
947	251.323
946.95	255.862
946.9	257.844
946.85	256.971
946.8	258.018
946.75	263.323
946.7	260.881
946.65	266.437
946.6	272.004
946.55	268.88
946.5	269.195
946.45	270
946.4	271.282
946.35	271.322
946.3	271.591
946.25	273.906
946.2	272.333
946.15	271.444
946.1	268.835
946.05	265.897
946	266.56
945.95	262.928
945.9	259.278
945.85	255.962
945.8	261.333
945.75	257.476
945.7	257.607
945.65	257.44
945.6	253.521
945.55	252.449
945.5	247.219
945.45	246.936
945.4	245.059
945.35	250.787
945.3	247.874
945.25	247.481
945.2	243.184
945.15	244.997
945.1	248.263
945.05	243.949
945	246.423
944.95	249.179
944.9	243.361
944.85	244.017
944.8	244.819
944.75	242.494
944.7	242.696
944.65	241.003
944.6	241.935
944.55	239.434
944.5	238.716
944.45	237.691
944.4	241.219
944.35	235.836
944.3	233.522
944.25	237.407
944.2	237.108
944.15	238.259
944.1	237.749
944.05	236.489
944	237.579
943.95	239.336
943.9	235.03
943.85	231.865
943.8	234.13
943.75	237.883
943.7	239.552
943.65	238.366
943.6	236.567
943.55	234.549
943.5	233.877
943.45	232.187
943.4	233.215
943.35	234.495
943.3	231.723
943.25	231.491
943.2	234.851
943.15	232.476
943.1	234.162
943.05	233.198
943	229.919
942.95	230.877
942.9	227.083
942.85	225.519
942.8	224.637
942.75	225.187
942.7	219.332
942.65	217.557
942.6	222.354
942.55	215.246
942.5	214.388
942.45	214.252
942.4	214.411
942.35	212.981
942.3	210.128
942.25	210.127
942.2	211.236
942.15	212.378
942.1	213.064
942.05	209.989
942	207.092
941.95	204.096
941.9	204.971
941.85	206.939
941.8	205.895
941.75	203.107
941.7	202.462
941.65	203.814
941.6	205.275
941.55	205.713
941.5	202.934
941.45	202.449
941.4	205.031
941.35	204.996
941.3	201.747
941.25	201.606
941.2	203.187
941.15	202.637
941.1	202.227
941.05	200.9
941	203.642
940.95	202.32
940.9	199.248
940.85	201.365
940.8	199.353
940.75	203.022
940.7	206.038
940.65	206.231
940.6	203.76
940.55	199.944
940.5	205.341
940.45	204.823
940.4	199.136
940.35	203.59
940.3	205.71
940.25	201.971
940.2	204.418
940.15	205.816
940.1	203.458
940.05	203.109
940	202.183
939.95	203.334
939.9	203.688
939.85	200.942
939.8	201.604
939.75	200.856
939.7	202.741
939.65	204.638
939.6	204.133
939.55	202.444
939.5	205.881
939.45	202.475
939.4	203.251
939.35	204.134
939.3	202.215
939.25	204.851
939.2	206.466
939.15	205.131
939.1	202.341
939.05	203.513
939	205.564
938.95	204.789
938.9	204.29
938.85	203.844
938.8	207.823
938.75	204.972
938.7	205.624
938.65	210.588
938.6	208.976
938.55	211.226
938.5	209.449
938.45	210.197
938.4	205.546
938.35	205.956
938.3	207.104
938.25	212.274
938.2	210.333
938.15	212.767
938.1	213.805
938.05	210.332
938	209.954
937.95	209.816
937.9	209.603
937.85	209.69
937.8	208.204
937.75	206.009
937.7	208.081
937.65	209.011
937.6	213.622
937.55	213.343
937.5	211.628
937.45	207.457
937.4	208.096
937.35	209.389
937.3	208.74
937.25	208.907
937.2	209.728
937.15	210.036
937.1	210.422
937.05	212.226
937	209.853
936.95	210.471
936.9	211.654
936.85	208.826
936.8	210.955
936.75	210.428
936.7	212.814
936.65	212.778
936.6	210.147
936.55	208.889
936.5	209.419
936.45	208.524
936.4	208.446
936.35	203.944
936.3	206.697
936.25	207.092
936.2	205.761
936.15	207.496
936.1	207.734
936.05	202.988
936	203.045
935.95	202.769
935.9	204.327
935.85	206.308
935.8	206.77
935.75	203.772
935.7	203.378
935.65	204.464
935.6	199.184
935.55	201.664
935.5	201.621
935.45	201.688
935.4	201.059
935.35	201.662
935.3	203.223
935.25	201.637
935.2	201.559
935.15	197.944
935.1	198.446
935.05	196.093
935	196.934
934.95	194.877
934.9	195.401
934.85	193.553
934.8	195.317
934.75	193.051
934.7	193.15
934.65	195.499
934.6	196.304
934.55	199.436
934.5	196.631
934.45	197.352
934.4	199.217
934.35	196.691
934.3	198.461
934.25	202.118
934.2	203.124
934.15	209.365
934.1	211.293
934.05	213.626
934	217.183
933.95	226.419
933.9	230.177
933.85	235.657
933.8	241.828
933.75	253.583
933.7	264.675
933.65	273.706
933.6	286.049
933.55	298.543
933.5	312.126
933.45	330.143
933.4	349.306
933.35	371.288
933.3	397.199
933.25	426.914
933.2	455.866
933.15	500.709
933.1	547.379
933.05	593.795
933	653.237
932.95	715.289
932.9	782.605
932.85	859.547
932.8	934.342
932.75	1022.63
932.7	1120.89
932.65	1213.75
932.6	1300.58
932.55	1387.87
932.5	1464.59
932.45	1523.42
932.4	1582.65
932.35	1618.5
932.3	1622.27
932.25	1611
932.2	1576.9
932.15	1522.09
932.1	1447.4
932.05	1361.81
932	1263.05
931.95	1184.04
931.9	1076.4
931.85	968.474
931.8	878.921
931.75	797.547
931.7	718.426
931.65	639.216
931.6	581.716
931.55	531.616
931.5	486.971
931.45	440.105
931.4	408.093
931.35	383.697
931.3	353.342
931.25	327.688
931.2	306.361
931.15	291.16
931.1	280.092
931.05	267.738
931	251.442
930.95	241.931
930.9	233.531
930.85	228.592
930.8	216.205
930.75	209.29
930.7	202.353
930.65	199.696
930.6	193.198
930.55	188.868
930.5	186.723
930.45	186.801
930.4	180.406
930.35	173.633
930.3	172.576
930.25	173.127
930.2	171.018
930.15	169.962
930.1	164.411
930.05	161.776
930	162.47
929.95	157.626
929.9	154.036
929.85	155.022
929.8	153.186
929.75	151.086
929.7	150.247
929.65	150.319
929.6	147.388
929.55	147.807
929.5	145.905
929.45	146.787
929.4	144.485
929.35	140.811
929.3	142.341
929.25	142.443
929.2	142.034
929.15	140.822
929.1	138.412
929.05	139.154
929	139.847
928.95	138.443
928.9	136.507
928.85	138.512
928.8	138.976
928.75	138.154
928.7	133.642
928.65	134.578
928.6	134.66
928.55	133.708
928.5	135.069
928.45	132.988
928.4	132.568
928.35	132.208
928.3	132.523
928.25	132.173
928.2	132.34
928.15	133.559
928.1	130.937
928.05	132.842
928	128.587
927.95	130.18
927.9	131.359
927.85	131.631
927.8	129.884
927.75	130.114
927.7	129.061
927.65	128.913
927.6	128.894
927.55	128.611
927.5	129.161
927.45	129.706
927.4	128.943
927.35	128.986
927.3	124.112
927.25	126.398
927.2	126.938
927.15	124.875
927.1	126.367
927.05	125.959
927	128.737
926.95	127.233
926.9	125.532
926.85	125.154
926.8	124.577
926.75	126.007
926.7	126.626
926.65	123.685
926.6	123.197
926.55	124.075
926.5	123.822
926.45	126.18
926.4	125.951
926.35	124.393
926.3	122.3
926.25	125.991
926.2	125.867
926.15	126.015
926.1	124.913
926.05	123.465
926	126.312
925.95	125.793
925.9	125.073
925.85	125.381
925.8	124.812
925.75	124.729
925.7	124.702
925.65	122.288
925.6	124.051
925.55	123.093
925.5	124.794
925.45	127.557
925.4	126.307
925.35	126.212
925.3	123.515
925.25	124.642
925.2	124.669
925.15	124.819
925.1	125.166
925.05	123.833
925	125.394
924.95	124.496
924.9	123.706
924.85	123.078
924.8	125.877
924.75	123.006
924.7	122.767
924.65	124.221
924.6	123.062
924.55	123.482
924.5	122.292
924.45	122.014
924.4	124.445
924.35	125.904
924.3	125.655
924.25	123.881
924.2	124.108
924.15	122.274
924.1	123.602
924.05	122.968
924	124.255
923.95	122.724
923.9	121.261
923.85	120.531
923.8	124.768
923.75	120.917
923.7	123.124
923.65	123.473
923.6	124.068
923.55	124
923.5	121.132
923.45	122.018
923.4	122.831
923.35	122.264
923.3	121.749
923.25	121.618
923.2	122.927
923.15	123.063
923.1	125.174
923.05	123.676
923	123.372
922.95	121.133
922.9	119.972
922.85	120.872
922.8	125.017
922.75	123.955
922.7	124.675
922.65	122.416
922.6	121.591
922.55	123.827
922.5	125.114
922.45	126.285
922.4	122.886
922.35	123.578
922.3	124.011
922.25	122.511
922.2	121.147
922.15	119.832
922.1	121.048
922.05	121.939
922	121.346
921.95	124.046
921.9	125.809
921.85	124.181
921.8	125.84
921.75	125.577
921.7	123.691
921.65	122.849
921.6	120.398
921.55	120.974
921.5	122.115
921.45	122.797
921.4	119.656
921.35	120.845
921.3	120.397
921.25	120.371
921.2	119.92
921.15	123.755
921.1	122.449
921.05	120.974
921	121.554
920.95	123.104
920.9	121.719
920.85	118.708
920.8	121.573
920.75	122.147
920.7	122.669
920.65	123.95
920.6	124.81
920.55	122.677
920.5	120.129
920.45	119.32
920.4	123.388
920.35	122.783
920.3	120.081
920.25	121.415
920.2	120.454
920.15	121.677
920.1	121.116
920.05	124.349
920	122.899
