Fe2p FeO
7.500000e+002	1.766700e+004		
7.499500e+002	1.766700e+004		
7.499000e+002	1.770089e+004		
7.498500e+002	1.770089e+004		
7.498000e+002	1.770478e+004		
7.497500e+002	1.770478e+004		
7.497000e+002	1.771689e+004		
7.496500e+002	1.771689e+004		
7.496000e+002	1.771978e+004		
7.495500e+002	1.771978e+004		
7.495000e+002	1.775044e+004		
7.494500e+002	1.775044e+004		
7.494000e+002	1.773900e+004		
7.493500e+002	1.773900e+004		
7.493000e+002	1.774422e+004		
7.492500e+002	1.774422e+004		
7.492000e+002	1.784256e+004		
7.491500e+002	1.784256e+004		
7.491000e+002	1.782789e+004		
7.490500e+002	1.782789e+004		
7.490000e+002	1.786300e+004		
7.489500e+002	1.786300e+004		
7.489000e+002	1.777333e+004		
7.488500e+002	1.777333e+004		
7.488000e+002	1.775833e+004		
7.487500e+002	1.775833e+004		
7.487000e+002	1.783144e+004		
7.486500e+002	1.783144e+004		
7.486000e+002	1.803067e+004		
7.485500e+002	1.803067e+004		
7.485000e+002	1.797956e+004		
7.484500e+002	1.797956e+004		
7.484000e+002	1.791100e+004		
7.483500e+002	1.791100e+004		
7.483000e+002	1.775055e+004		
7.482500e+002	1.775055e+004		
7.482000e+002	1.795244e+004		
7.481500e+002	1.795244e+004		
7.481000e+002	1.808356e+004		
7.480500e+002	1.808356e+004		
7.480000e+002	1.806433e+004		
7.479500e+002	1.806433e+004		
7.479000e+002	1.793155e+004		
7.478500e+002	1.793155e+004		
7.478000e+002	1.804100e+004		
7.477500e+002	1.804100e+004		
7.477000e+002	1.807278e+004		
7.476500e+002	1.807278e+004		
7.476000e+002	1.805689e+004		
7.475500e+002	1.805689e+004		
7.475000e+002	1.800711e+004		
7.474500e+002	1.800711e+004		
7.474000e+002	1.805511e+004		
7.473500e+002	1.805511e+004		
7.473000e+002	1.799711e+004		
7.472500e+002	1.799711e+004		
7.472000e+002	1.806244e+004		
7.471500e+002	1.806244e+004		
7.471000e+002	1.820167e+004		
7.470500e+002	1.820167e+004		
7.470000e+002	1.817922e+004		
7.469500e+002	1.817922e+004		
7.469000e+002	1.824222e+004		
7.468500e+002	1.824222e+004		
7.468000e+002	1.818567e+004		
7.467500e+002	1.818567e+004		
7.467000e+002	1.812489e+004		
7.466500e+002	1.812489e+004		
7.466000e+002	1.811233e+004		
7.465500e+002	1.811233e+004		
7.465000e+002	1.806644e+004		
7.464500e+002	1.806644e+004		
7.464000e+002	1.830567e+004		
7.463500e+002	1.830567e+004		
7.463000e+002	1.825944e+004		
7.462500e+002	1.825944e+004		
7.462000e+002	1.820555e+004		
7.461500e+002	1.820555e+004		
7.461000e+002	1.830322e+004		
7.460500e+002	1.830322e+004		
7.460000e+002	1.829144e+004		
7.459500e+002	1.829144e+004		
7.459000e+002	1.843256e+004		
7.458500e+002	1.843256e+004		
7.458000e+002	1.836244e+004		
7.457500e+002	1.836244e+004		
7.457000e+002	1.829722e+004		
7.456500e+002	1.829722e+004		
7.456000e+002	1.834800e+004		
7.455500e+002	1.834800e+004		
7.455000e+002	1.837544e+004		
7.454500e+002	1.837544e+004		
7.454000e+002	1.844756e+004		
7.453500e+002	1.844756e+004		
7.453000e+002	1.844078e+004		
7.452500e+002	1.844078e+004		
7.452000e+002	1.847678e+004		
7.451500e+002	1.847678e+004		
7.451000e+002	1.853489e+004		
7.450500e+002	1.853489e+004		
7.450000e+002	1.845533e+004		
7.449500e+002	1.845533e+004		
7.449000e+002	1.853489e+004		
7.448500e+002	1.853489e+004		
7.448000e+002	1.854222e+004		
7.447500e+002	1.854222e+004		
7.447000e+002	1.847522e+004		
7.446500e+002	1.847522e+004		
7.446000e+002	1.843489e+004		
7.445500e+002	1.843489e+004		
7.445000e+002	1.867233e+004		
7.444500e+002	1.867233e+004		
7.444000e+002	1.860122e+004		
7.443500e+002	1.860122e+004		
7.443000e+002	1.854622e+004		
7.442500e+002	1.854622e+004		
7.442000e+002	1.848822e+004		
7.441500e+002	1.848822e+004		
7.441000e+002	1.849867e+004		
7.440500e+002	1.849867e+004		
7.440000e+002	1.869456e+004		
7.439500e+002	1.869456e+004		
7.439000e+002	1.860600e+004		
7.438500e+002	1.860600e+004		
7.438000e+002	1.858956e+004		
7.437500e+002	1.858956e+004		
7.437000e+002	1.846956e+004		
7.436500e+002	1.846956e+004		
7.436000e+002	1.846555e+004		
7.435500e+002	1.846555e+004		
7.435000e+002	1.859067e+004		
7.434500e+002	1.859067e+004		
7.434000e+002	1.859633e+004		
7.433500e+002	1.859633e+004		
7.433000e+002	1.855989e+004		
7.432500e+002	1.855989e+004		
7.432000e+002	1.868244e+004		
7.431500e+002	1.868244e+004		
7.431000e+002	1.850133e+004		
7.430500e+002	1.850133e+004		
7.430000e+002	1.846489e+004		
7.429500e+002	1.846489e+004		
7.429000e+002	1.848911e+004		
7.428500e+002	1.848911e+004		
7.428000e+002	1.846811e+004		
7.427500e+002	1.846811e+004		
7.427000e+002	1.832956e+004		
7.426500e+002	1.832956e+004		
7.426000e+002	1.841644e+004		
7.425500e+002	1.841644e+004		
7.425000e+002	1.843389e+004		
7.424500e+002	1.843389e+004		
7.424000e+002	1.833611e+004		
7.423500e+002	1.833611e+004		
7.423000e+002	1.839422e+004		
7.422500e+002	1.839422e+004		
7.422000e+002	1.835467e+004		
7.421500e+002	1.835467e+004		
7.421000e+002	1.836589e+004		
7.420500e+002	1.836589e+004		
7.420000e+002	1.836844e+004		
7.419500e+002	1.836844e+004		
7.419000e+002	1.831433e+004		
7.418500e+002	1.831433e+004		
7.418000e+002	1.822489e+004		
7.417500e+002	1.822489e+004		
7.417000e+002	1.820489e+004		
7.416500e+002	1.820489e+004		
7.416000e+002	1.828067e+004		
7.415500e+002	1.828067e+004		
7.415000e+002	1.816644e+004		
7.414500e+002	1.816644e+004		
7.414000e+002	1.824189e+004		
7.413500e+002	1.824189e+004		
7.413000e+002	1.821600e+004		
7.412500e+002	1.821600e+004		
7.412000e+002	1.814511e+004		
7.411500e+002	1.814511e+004		
7.411000e+002	1.820178e+004		
7.410500e+002	1.820178e+004		
7.410000e+002	1.803344e+004		
7.409500e+002	1.803344e+004		
7.409000e+002	1.819278e+004		
7.408500e+002	1.819278e+004		
7.408000e+002	1.813300e+004		
7.407500e+002	1.813300e+004		
7.407000e+002	1.808533e+004		
7.406500e+002	1.808533e+004		
7.406000e+002	1.807933e+004		
7.405500e+002	1.807933e+004		
7.405000e+002	1.791067e+004		
7.404500e+002	1.791067e+004		
7.404000e+002	1.805678e+004		
7.403500e+002	1.805678e+004		
7.403000e+002	1.805933e+004		
7.402500e+002	1.805933e+004		
7.402000e+002	1.810878e+004		
7.401500e+002	1.810878e+004		
7.401000e+002	1.786256e+004		
7.400500e+002	1.786256e+004		
7.400000e+002	1.811067e+004		
7.399500e+002	1.811067e+004		
7.399000e+002	1.807344e+004		
7.398500e+002	1.807344e+004		
7.398000e+002	1.817155e+004		
7.397500e+002	1.817155e+004		
7.397000e+002	1.823622e+004		
7.396500e+002	1.823622e+004		
7.396000e+002	1.810089e+004		
7.395500e+002	1.810089e+004		
7.395000e+002	1.813756e+004		
7.394500e+002	1.813756e+004		
7.394000e+002	1.818922e+004		
7.393500e+002	1.818922e+004		
7.393000e+002	1.818967e+004		
7.392500e+002	1.818967e+004		
7.392000e+002	1.811500e+004		
7.391500e+002	1.811500e+004		
7.391000e+002	1.818244e+004		
7.390500e+002	1.818244e+004		
7.390000e+002	1.820711e+004		
7.389500e+002	1.820711e+004		
7.389000e+002	1.804700e+004		
7.388500e+002	1.804700e+004		
7.388000e+002	1.810355e+004		
7.387500e+002	1.810355e+004		
7.387000e+002	1.801911e+004		
7.386500e+002	1.801911e+004		
7.386000e+002	1.822378e+004		
7.385500e+002	1.822378e+004		
7.385000e+002	1.820900e+004		
7.384500e+002	1.820900e+004		
7.384000e+002	1.824178e+004		
7.383500e+002	1.824178e+004		
7.383000e+002	1.821433e+004		
7.382500e+002	1.821433e+004		
7.382000e+002	1.826489e+004		
7.381500e+002	1.826489e+004		
7.381000e+002	1.829344e+004		
7.380500e+002	1.829344e+004		
7.380000e+002	1.824255e+004		
7.379500e+002	1.824255e+004		
7.379000e+002	1.820633e+004		
7.378500e+002	1.820633e+004		
7.378000e+002	1.824800e+004		
7.377500e+002	1.824800e+004		
7.377000e+002	1.837044e+004		
7.376500e+002	1.837044e+004		
7.376000e+002	1.824956e+004		
7.375500e+002	1.824956e+004		
7.375000e+002	1.813333e+004		
7.374500e+002	1.813333e+004		
7.374000e+002	1.822544e+004		
7.373500e+002	1.822544e+004		
7.373000e+002	1.827145e+004		
7.372500e+002	1.827145e+004		
7.372000e+002	1.830722e+004		
7.371500e+002	1.830722e+004		
7.371000e+002	1.834378e+004		
7.370500e+002	1.834378e+004		
7.370000e+002	1.852622e+004		
7.369500e+002	1.852622e+004		
7.369000e+002	1.850878e+004		
7.368500e+002	1.850878e+004		
7.368000e+002	1.852456e+004		
7.367500e+002	1.852456e+004		
7.367000e+002	1.863089e+004		
7.366500e+002	1.863089e+004		
7.366000e+002	1.854611e+004		
7.365500e+002	1.854611e+004		
7.365000e+002	1.847511e+004		
7.364500e+002	1.847511e+004		
7.364000e+002	1.868211e+004		
7.363500e+002	1.868211e+004		
7.363000e+002	1.860611e+004		
7.362500e+002	1.860611e+004		
7.362000e+002	1.869367e+004		
7.361500e+002	1.869367e+004		
7.361000e+002	1.876156e+004		
7.360500e+002	1.876156e+004		
7.360000e+002	1.870367e+004		
7.359500e+002	1.870367e+004		
7.359000e+002	1.881611e+004		
7.358500e+002	1.881611e+004		
7.358000e+002	1.892489e+004		
7.357500e+002	1.892489e+004		
7.357000e+002	1.894011e+004		
7.356500e+002	1.894011e+004		
7.356000e+002	1.894678e+004		
7.355500e+002	1.894678e+004		
7.355000e+002	1.898600e+004		
7.354500e+002	1.898600e+004		
7.354000e+002	1.918800e+004		
7.353500e+002	1.918800e+004		
7.353000e+002	1.901722e+004		
7.352500e+002	1.901722e+004		
7.352000e+002	1.915200e+004		
7.351500e+002	1.915200e+004		
7.351000e+002	1.927800e+004		
7.350500e+002	1.927800e+004		
7.350000e+002	1.920456e+004		
7.349500e+002	1.920456e+004		
7.349000e+002	1.941167e+004		
7.348500e+002	1.941167e+004		
7.348000e+002	1.960344e+004		
7.347500e+002	1.960344e+004		
7.347000e+002	1.943767e+004		
7.346500e+002	1.943767e+004		
7.346000e+002	1.951878e+004		
7.345500e+002	1.951878e+004		
7.345000e+002	1.961478e+004		
7.344500e+002	1.961478e+004		
7.344000e+002	1.977600e+004		
7.343500e+002	1.977600e+004		
7.343000e+002	1.988211e+004		
7.342500e+002	1.988211e+004		
7.342000e+002	1.984645e+004		
7.341500e+002	1.984645e+004		
7.341000e+002	1.986189e+004		
7.340500e+002	1.986189e+004		
7.340000e+002	2.008389e+004		
7.339500e+002	2.008389e+004		
7.339000e+002	2.011322e+004		
7.338500e+002	2.011322e+004		
7.338000e+002	2.024322e+004		
7.337500e+002	2.024322e+004		
7.337000e+002	2.023922e+004		
7.336500e+002	2.023922e+004		
7.336000e+002	2.027111e+004		
7.335500e+002	2.027111e+004		
7.335000e+002	2.037322e+004		
7.334500e+002	2.037322e+004		
7.334000e+002	2.041189e+004		
7.333500e+002	2.041189e+004		
7.333000e+002	2.058189e+004		
7.332500e+002	2.058189e+004		
7.332000e+002	2.067133e+004		
7.331500e+002	2.067133e+004		
7.331000e+002	2.085589e+004		
7.330500e+002	2.085589e+004		
7.330000e+002	2.082555e+004		
7.329500e+002	2.082555e+004		
7.329000e+002	2.100766e+004		
7.328500e+002	2.100766e+004		
7.328000e+002	2.105756e+004		
7.327500e+002	2.105756e+004		
7.327000e+002	2.124522e+004		
7.326500e+002	2.124522e+004		
7.326000e+002	2.120500e+004		
7.325500e+002	2.120500e+004		
7.325000e+002	2.148611e+004		
7.324500e+002	2.148611e+004		
7.324000e+002	2.157478e+004		
7.323500e+002	2.157478e+004		
7.323000e+002	2.165200e+004		
7.322500e+002	2.165200e+004		
7.322000e+002	2.180178e+004		
7.321500e+002	2.180178e+004		
7.321000e+002	2.190022e+004		
7.320500e+002	2.190022e+004		
7.320000e+002	2.198389e+004		
7.319500e+002	2.198389e+004		
7.319000e+002	2.215589e+004		
7.318500e+002	2.215589e+004		
7.318000e+002	2.225189e+004		
7.317500e+002	2.225189e+004		
7.317000e+002	2.242433e+004		
7.316500e+002	2.242433e+004		
7.316000e+002	2.232911e+004		
7.315500e+002	2.232911e+004		
7.315000e+002	2.247867e+004		
7.314500e+002	2.247867e+004		
7.314000e+002	2.272100e+004		
7.313500e+002	2.272100e+004		
7.313000e+002	2.290711e+004		
7.312500e+002	2.290711e+004		
7.312000e+002	2.305600e+004		
7.311500e+002	2.305600e+004		
7.311000e+002	2.315711e+004		
7.310500e+002	2.315711e+004		
7.310000e+002	2.315389e+004		
7.309500e+002	2.315389e+004		
7.309000e+002	2.344378e+004		
7.308500e+002	2.344378e+004		
7.308000e+002	2.352211e+004		
7.307500e+002	2.352211e+004		
7.307000e+002	2.356889e+004		
7.306500e+002	2.356889e+004		
7.306000e+002	2.375311e+004		
7.305500e+002	2.375311e+004		
7.305000e+002	2.379811e+004		
7.304500e+002	2.379811e+004		
7.304000e+002	2.385144e+004		
7.303500e+002	2.385144e+004		
7.303000e+002	2.386678e+004		
7.302500e+002	2.386678e+004		
7.302000e+002	2.419922e+004		
7.301500e+002	2.419922e+004		
7.301000e+002	2.422767e+004		
7.300500e+002	2.422767e+004		
7.300000e+002	2.424722e+004		
7.299500e+002	2.424722e+004		
7.299000e+002	2.424800e+004		
7.298500e+002	2.424800e+004		
7.298000e+002	2.427411e+004		
7.297500e+002	2.427411e+004		
7.297000e+002	2.444289e+004		
7.296500e+002	2.444289e+004		
7.296000e+002	2.434278e+004		
7.295500e+002	2.434278e+004		
7.295000e+002	2.430889e+004		
7.294500e+002	2.430889e+004		
7.294000e+002	2.427744e+004		
7.293500e+002	2.427744e+004		
7.293000e+002	2.440289e+004		
7.292500e+002	2.440289e+004		
7.292000e+002	2.432033e+004		
7.291500e+002	2.432033e+004		
7.291000e+002	2.439078e+004		
7.290500e+002	2.439078e+004		
7.290000e+002	2.432789e+004		
7.289500e+002	2.432789e+004		
7.289000e+002	2.425155e+004		
7.288500e+002	2.425155e+004		
7.288000e+002	2.407633e+004		
7.287500e+002	2.407633e+004		
7.287000e+002	2.393933e+004		
7.286500e+002	2.393933e+004		
7.286000e+002	2.407356e+004		
7.285500e+002	2.407356e+004		
7.285000e+002	2.393555e+004		
7.284500e+002	2.393555e+004		
7.284000e+002	2.400900e+004		
7.283500e+002	2.400900e+004		
7.283000e+002	2.397889e+004		
7.282500e+002	2.397889e+004		
7.282000e+002	2.366822e+004		
7.281500e+002	2.366822e+004		
7.281000e+002	2.377367e+004		
7.280500e+002	2.377367e+004		
7.280000e+002	2.368511e+004		
7.279500e+002	2.368511e+004		
7.279000e+002	2.353555e+004		
7.278500e+002	2.353555e+004		
7.278000e+002	2.350333e+004		
7.277500e+002	2.350333e+004		
7.277000e+002	2.361200e+004		
7.276500e+002	2.361200e+004		
7.276000e+002	2.350044e+004		
7.275500e+002	2.350044e+004		
7.275000e+002	2.363766e+004		
7.274500e+002	2.363766e+004		
7.274000e+002	2.350800e+004		
7.273500e+002	2.350800e+004		
7.273000e+002	2.358278e+004		
7.272500e+002	2.358278e+004		
7.272000e+002	2.358922e+004		
7.271500e+002	2.358922e+004		
7.271000e+002	2.367133e+004		
7.270500e+002	2.367133e+004		
7.270000e+002	2.376322e+004		
7.269500e+002	2.376322e+004		
7.269000e+002	2.368211e+004		
7.268500e+002	2.368211e+004		
7.268000e+002	2.353777e+004		
7.267500e+002	2.353777e+004		
7.267000e+002	2.385078e+004		
7.266500e+002	2.385078e+004		
7.266000e+002	2.417022e+004		
7.265500e+002	2.417022e+004		
7.265000e+002	2.404222e+004		
7.264500e+002	2.404222e+004		
7.264000e+002	2.417544e+004		
7.263500e+002	2.417544e+004		
7.263000e+002	2.446467e+004		
7.262500e+002	2.446467e+004		
7.262000e+002	2.456867e+004		
7.261500e+002	2.456867e+004		
7.261000e+002	2.475678e+004		
7.260500e+002	2.475678e+004		
7.260000e+002	2.502878e+004		
7.259500e+002	2.502878e+004		
7.259000e+002	2.522800e+004		
7.258500e+002	2.522800e+004		
7.258000e+002	2.532300e+004		
7.257500e+002	2.532300e+004		
7.257000e+002	2.543766e+004		
7.256500e+002	2.543766e+004		
7.256000e+002	2.562022e+004		
7.255500e+002	2.562022e+004		
7.255000e+002	2.583067e+004		
7.254500e+002	2.583067e+004		
7.254000e+002	2.625033e+004		
7.253500e+002	2.625033e+004		
7.253000e+002	2.660689e+004		
7.252500e+002	2.660689e+004		
7.252000e+002	2.684022e+004		
7.251500e+002	2.684022e+004		
7.251000e+002	2.718711e+004		
7.250500e+002	2.718711e+004		
7.250000e+002	2.757789e+004		
7.249500e+002	2.757789e+004		
7.249000e+002	2.777933e+004		
7.248500e+002	2.777933e+004		
7.248000e+002	2.817155e+004		
7.247500e+002	2.817155e+004		
7.247000e+002	2.856722e+004		
7.246500e+002	2.856722e+004		
7.246000e+002	2.899856e+004		
7.245500e+002	2.899856e+004		
7.245000e+002	2.927966e+004		
7.244500e+002	2.927966e+004		
7.244000e+002	2.964367e+004		
7.243500e+002	2.964367e+004		
7.243000e+002	2.993855e+004		
7.242500e+002	2.993855e+004		
7.242000e+002	3.017400e+004		
7.241500e+002	3.017400e+004		
7.241000e+002	3.058355e+004		
7.240500e+002	3.058355e+004		
7.240000e+002	3.081145e+004		
7.239500e+002	3.081145e+004		
7.239000e+002	3.086211e+004		
7.238500e+002	3.086211e+004		
7.238000e+002	3.119111e+004		
7.237500e+002	3.119111e+004		
7.237000e+002	3.124700e+004		
7.236500e+002	3.124700e+004		
7.236000e+002	3.138411e+004		
7.235500e+002	3.138411e+004		
7.235000e+002	3.154144e+004		
7.234500e+002	3.154144e+004		
7.234000e+002	3.160833e+004		
7.233500e+002	3.160833e+004		
7.233000e+002	3.172800e+004		
7.232500e+002	3.172800e+004		
7.232000e+002	3.176689e+004		
7.231500e+002	3.176689e+004		
7.231000e+002	3.165789e+004		
7.230500e+002	3.165789e+004		
7.230000e+002	3.171622e+004		
7.229500e+002	3.171622e+004		
7.229000e+002	3.176833e+004		
7.228500e+002	3.176833e+004		
7.228000e+002	3.163300e+004		
7.227500e+002	3.163300e+004		
7.227000e+002	3.128500e+004		
7.226500e+002	3.128500e+004		
7.226000e+002	3.072989e+004		
7.225500e+002	3.072989e+004		
7.225000e+002	3.072534e+004		
7.224500e+002	3.072534e+004		
7.224000e+002	3.043733e+004		
7.223500e+002	3.043733e+004		
7.223000e+002	2.969900e+004		
7.222500e+002	2.969900e+004		
7.222000e+002	2.937034e+004		
7.221500e+002	2.937034e+004		
7.221000e+002	2.896855e+004		
7.220500e+002	2.896855e+004		
7.220000e+002	2.845989e+004		
7.219500e+002	2.845989e+004		
7.219000e+002	2.792378e+004		
7.218500e+002	2.792378e+004		
7.218000e+002	2.749122e+004		
7.217500e+002	2.749122e+004		
7.217000e+002	2.683956e+004		
7.216500e+002	2.683956e+004		
7.216000e+002	2.619122e+004		
7.215500e+002	2.619122e+004		
7.215000e+002	2.579578e+004		
7.214500e+002	2.579578e+004		
7.214000e+002	2.522856e+004		
7.213500e+002	2.522856e+004		
7.213000e+002	2.472400e+004		
7.212500e+002	2.472400e+004		
7.212000e+002	2.418389e+004		
7.211500e+002	2.418389e+004		
7.211000e+002	2.365411e+004		
7.210500e+002	2.365411e+004		
7.210000e+002	2.327578e+004		
7.209500e+002	2.327578e+004		
7.209000e+002	2.283645e+004		
7.208500e+002	2.283645e+004		
7.208000e+002	2.245678e+004		
7.207500e+002	2.245678e+004		
7.207000e+002	2.207278e+004		
7.206500e+002	2.207278e+004		
7.206000e+002	2.184989e+004		
7.205500e+002	2.184989e+004		
7.205000e+002	2.142978e+004		
7.204500e+002	2.142978e+004		
7.204000e+002	2.110111e+004		
7.203500e+002	2.110111e+004		
7.203000e+002	2.075811e+004		
7.202500e+002	2.075811e+004		
7.202000e+002	2.048511e+004		
7.201500e+002	2.048511e+004		
7.201000e+002	2.027211e+004		
7.200500e+002	2.027211e+004		
7.200000e+002	2.021555e+004		
7.199500e+002	2.021555e+004		
7.199000e+002	2.011711e+004		
7.198500e+002	2.011711e+004		
7.198000e+002	2.002755e+004		
7.197500e+002	2.002755e+004		
7.197000e+002	1.984422e+004		
7.196500e+002	1.984422e+004		
7.196000e+002	1.972355e+004		
7.195500e+002	1.972355e+004		
7.195000e+002	1.959700e+004		
7.194500e+002	1.959700e+004		
7.194000e+002	1.962422e+004		
7.193500e+002	1.962422e+004		
7.193000e+002	1.968344e+004		
7.192500e+002	1.968344e+004		
7.192000e+002	1.951211e+004		
7.191500e+002	1.951211e+004		
7.191000e+002	1.947011e+004		
7.190500e+002	1.947011e+004		
7.190000e+002	1.948489e+004		
7.189500e+002	1.948489e+004		
7.189000e+002	1.965655e+004		
7.188500e+002	1.965655e+004		
7.188000e+002	1.952467e+004		
7.187500e+002	1.952467e+004		
7.187000e+002	1.977044e+004		
7.186500e+002	1.977044e+004		
7.186000e+002	1.989133e+004		
7.185500e+002	1.989133e+004		
7.185000e+002	1.999500e+004		
7.184500e+002	1.999500e+004		
7.184000e+002	2.014178e+004		
7.183500e+002	2.014178e+004		
7.183000e+002	2.025433e+004		
7.182500e+002	2.025433e+004		
7.182000e+002	2.044533e+004		
7.181500e+002	2.044533e+004		
7.181000e+002	2.047100e+004		
7.180500e+002	2.047100e+004		
7.180000e+002	2.088844e+004		
7.179500e+002	2.088844e+004		
7.179000e+002	2.083844e+004		
7.178500e+002	2.083844e+004		
7.178000e+002	2.101233e+004		
7.177500e+002	2.101233e+004		
7.177000e+002	2.111578e+004		
7.176500e+002	2.111578e+004		
7.176000e+002	2.150911e+004		
7.175500e+002	2.150911e+004		
7.175000e+002	2.176167e+004		
7.174500e+002	2.176167e+004		
7.174000e+002	2.187989e+004		
7.173500e+002	2.187989e+004		
7.173000e+002	2.212211e+004		
7.172500e+002	2.212211e+004		
7.172000e+002	2.228322e+004		
7.171500e+002	2.228322e+004		
7.171000e+002	2.255733e+004		
7.170500e+002	2.255733e+004		
7.170000e+002	2.275622e+004		
7.169500e+002	2.275622e+004		
7.169000e+002	2.294089e+004		
7.168500e+002	2.294089e+004		
7.168000e+002	2.296944e+004		
7.167500e+002	2.296944e+004		
7.167000e+002	2.320645e+004		
7.166500e+002	2.320645e+004		
7.166000e+002	2.334322e+004		
7.165500e+002	2.334322e+004		
7.165000e+002	2.336767e+004		
7.164500e+002	2.336767e+004		
7.164000e+002	2.358189e+004		
7.163500e+002	2.358189e+004		
7.163000e+002	2.387345e+004		
7.162500e+002	2.387345e+004		
7.162000e+002	2.379856e+004		
7.161500e+002	2.379856e+004		
7.161000e+002	2.387967e+004		
7.160500e+002	2.387967e+004		
7.160000e+002	2.405255e+004		
7.159500e+002	2.405255e+004		
7.159000e+002	2.430978e+004		
7.158500e+002	2.430978e+004		
7.158000e+002	2.439267e+004		
7.157500e+002	2.439267e+004		
7.157000e+002	2.447133e+004		
7.156500e+002	2.447133e+004		
7.156000e+002	2.453822e+004		
7.155500e+002	2.453822e+004		
7.155000e+002	2.451878e+004		
7.154500e+002	2.451878e+004		
7.154000e+002	2.450900e+004		
7.153500e+002	2.450900e+004		
7.153000e+002	2.441733e+004		
7.152500e+002	2.441733e+004		
7.152000e+002	2.430089e+004		
7.151500e+002	2.430089e+004		
7.151000e+002	2.413178e+004		
7.150500e+002	2.413178e+004		
7.150000e+002	2.432044e+004		
7.149500e+002	2.432044e+004		
7.149000e+002	2.446400e+004		
7.148500e+002	2.446400e+004		
7.148000e+002	2.436156e+004		
7.147500e+002	2.436156e+004		
7.147000e+002	2.438278e+004		
7.146500e+002	2.438278e+004		
7.146000e+002	2.436922e+004		
7.145500e+002	2.436922e+004		
7.145000e+002	2.428500e+004		
7.144500e+002	2.428500e+004		
7.144000e+002	2.415656e+004		
7.143500e+002	2.415656e+004		
7.143000e+002	2.448444e+004		
7.142500e+002	2.448444e+004		
7.142000e+002	2.454800e+004		
7.141500e+002	2.454800e+004		
7.141000e+002	2.432233e+004		
7.140500e+002	2.432233e+004		
7.140000e+002	2.451000e+004		
7.139500e+002	2.451000e+004		
7.139000e+002	2.480744e+004		
7.138500e+002	2.480744e+004		
7.138000e+002	2.471156e+004		
7.137500e+002	2.471156e+004		
7.137000e+002	2.495267e+004		
7.136500e+002	2.495267e+004		
7.136000e+002	2.528433e+004		
7.135500e+002	2.528433e+004		
7.135000e+002	2.541756e+004		
7.134500e+002	2.541756e+004		
7.134000e+002	2.577289e+004		
7.133500e+002	2.577289e+004		
7.133000e+002	2.590855e+004		
7.132500e+002	2.590855e+004		
7.132000e+002	2.622689e+004		
7.131500e+002	2.622689e+004		
7.131000e+002	2.649878e+004		
7.130500e+002	2.649878e+004		
7.130000e+002	2.687444e+004		
7.129500e+002	2.687444e+004		
7.129000e+002	2.711367e+004		
7.128500e+002	2.711367e+004		
7.128000e+002	2.731389e+004		
7.127500e+002	2.731389e+004		
7.127000e+002	2.765133e+004		
7.126500e+002	2.765133e+004		
7.126000e+002	2.817922e+004		
7.125500e+002	2.817922e+004		
7.125000e+002	2.855155e+004		
7.124500e+002	2.855155e+004		
7.124000e+002	2.902600e+004		
7.123500e+002	2.902600e+004		
7.123000e+002	2.931633e+004		
7.122500e+002	2.931633e+004		
7.122000e+002	2.975589e+004		
7.121500e+002	2.975589e+004		
7.121000e+002	3.030711e+004		
7.120500e+002	3.030711e+004		
7.120000e+002	3.097011e+004		
7.119500e+002	3.097011e+004		
7.119000e+002	3.147167e+004		
7.118500e+002	3.147167e+004		
7.118000e+002	3.185522e+004		
7.117500e+002	3.185522e+004		
7.117000e+002	3.242322e+004		
7.116500e+002	3.242322e+004		
7.116000e+002	3.276433e+004		
7.115500e+002	3.276433e+004		
7.115000e+002	3.332744e+004		
7.114500e+002	3.332744e+004		
7.114000e+002	3.394489e+004		
7.113500e+002	3.394489e+004		
7.113000e+002	3.452444e+004		
7.112500e+002	3.452444e+004		
7.112000e+002	3.486145e+004		
7.111500e+002	3.486145e+004		
7.111000e+002	3.531833e+004		
7.110500e+002	3.531833e+004		
7.110000e+002	3.609067e+004		
7.109500e+002	3.609067e+004		
7.109000e+002	3.658600e+004		
7.108500e+002	3.658600e+004		
7.108000e+002	3.709922e+004		
7.107500e+002	3.709922e+004		
7.107000e+002	3.749933e+004		
7.106500e+002	3.749933e+004		
7.106000e+002	3.765433e+004		
7.105500e+002	3.765433e+004		
7.105000e+002	3.799489e+004		
7.104500e+002	3.799489e+004		
7.104000e+002	3.843367e+004		
7.103500e+002	3.843367e+004		
7.103000e+002	3.865034e+004		
7.102500e+002	3.865034e+004		
7.102000e+002	3.925300e+004		
7.101500e+002	3.925300e+004		
7.101000e+002	3.914400e+004		
7.100500e+002	3.914400e+004		
7.100000e+002	3.958089e+004		
7.099500e+002	3.958089e+004		
7.099000e+002	3.969189e+004		
7.098500e+002	3.969189e+004		
7.098000e+002	3.954389e+004		
7.097500e+002	3.954389e+004		
7.097000e+002	3.950922e+004		
7.096500e+002	3.950922e+004		
7.096000e+002	3.933100e+004		
7.095500e+002	3.933100e+004		
7.095000e+002	3.901878e+004		
7.094500e+002	3.901878e+004		
7.094000e+002	3.861989e+004		
7.093500e+002	3.861989e+004		
7.093000e+002	3.810378e+004		
7.092500e+002	3.810378e+004		
7.092000e+002	3.756178e+004		
7.091500e+002	3.756178e+004		
7.091000e+002	3.685800e+004		
7.090500e+002	3.685800e+004		
7.090000e+002	3.581189e+004		
7.089500e+002	3.581189e+004		
7.089000e+002	3.506355e+004		
7.088500e+002	3.506355e+004		
7.088000e+002	3.383700e+004		
7.087500e+002	3.383700e+004		
7.087000e+002	3.249022e+004		
7.086500e+002	3.249022e+004		
7.086000e+002	3.109055e+004		
7.085500e+002	3.109055e+004		
7.085000e+002	2.947167e+004		
7.084500e+002	2.947167e+004		
7.084000e+002	2.793078e+004		
7.083500e+002	2.793078e+004		
7.083000e+002	2.631978e+004		
7.082500e+002	2.631978e+004		
7.082000e+002	2.460578e+004		
7.081500e+002	2.460578e+004		
7.081000e+002	2.283189e+004		
7.080500e+002	2.283189e+004		
7.080000e+002	2.118011e+004		
7.079500e+002	2.118011e+004		
7.079000e+002	1.951956e+004		
7.078500e+002	1.951956e+004		
7.078000e+002	1.792244e+004		
7.077500e+002	1.792244e+004		
7.077000e+002	1.633622e+004		
7.076500e+002	1.633622e+004		
7.076000e+002	1.495078e+004		
7.075500e+002	1.495078e+004		
7.075000e+002	1.369811e+004		
7.074500e+002	1.369811e+004		
7.074000e+002	1.251511e+004		
7.073500e+002	1.251511e+004		
7.073000e+002	1.151556e+004		
7.072500e+002	1.151556e+004		
7.072000e+002	1.049020e+004		
7.071500e+002	1.049020e+004		
7.071000e+002	9.745410e+003		
7.070500e+002	9.745410e+003		
7.070000e+002	9.131733e+003		
7.069500e+002	9.131733e+003		
7.069000e+002	8.474422e+003		
7.068500e+002	8.474422e+003		
7.068000e+002	7.964811e+003		
7.067500e+002	7.964811e+003		
7.067000e+002	7.502444e+003		
7.066500e+002	7.502444e+003		
7.066000e+002	6.979333e+003		
7.065500e+002	6.979333e+003		
7.065000e+002	6.677611e+003		
7.064500e+002	6.677611e+003		
7.064000e+002	6.338266e+003		
7.063500e+002	6.338266e+003		
7.063000e+002	6.015378e+003		
7.062500e+002	6.015378e+003		
7.062000e+002	5.724567e+003		
7.061500e+002	5.724567e+003		
7.061000e+002	5.448444e+003		
7.060500e+002	5.448444e+003		
7.060000e+002	5.285700e+003		
7.059500e+002	5.285700e+003		
7.059000e+002	5.115755e+003		
7.058500e+002	5.115755e+003		
7.058000e+002	4.917511e+003		
7.057500e+002	4.917511e+003		
7.057000e+002	4.788545e+003		
7.056500e+002	4.788545e+003		
7.056000e+002	4.654066e+003		
7.055500e+002	4.654066e+003		
7.055000e+002	4.618455e+003		
7.054500e+002	4.618455e+003		
7.054000e+002	4.628900e+003		
7.053500e+002	4.628900e+003		
7.053000e+002	4.524022e+003		
7.052500e+002	4.524022e+003		
7.052000e+002	4.452055e+003		
7.051500e+002	4.452055e+003		
7.051000e+002	4.527566e+003		
7.050500e+002	4.527566e+003		
7.050000e+002	4.478178e+003		
7.049500e+002	4.478178e+003		
7.049000e+002	4.436722e+003		
7.048500e+002	4.436722e+003		
7.048000e+002	4.457489e+003		
7.047500e+002	4.457489e+003		
7.047000e+002	4.296544e+003		
7.046500e+002	4.296544e+003		
7.046000e+002	4.274633e+003		
7.045500e+002	4.274633e+003		
7.045000e+002	4.272723e+003		
7.044500e+002	4.272723e+003		
7.044000e+002	4.219900e+003		
7.043500e+002	4.219900e+003		
7.043000e+002	4.241967e+003		
7.042500e+002	4.241967e+003		
7.042000e+002	4.209078e+003		
7.041500e+002	4.209078e+003		
7.041000e+002	4.161422e+003		
7.040500e+002	4.161422e+003		
7.040000e+002	4.087955e+003		
7.039500e+002	4.087955e+003		
7.039000e+002	4.125333e+003		
7.038500e+002	4.125333e+003		
7.038000e+002	3.985133e+003		
7.037500e+002	3.985133e+003		
7.037000e+002	4.060356e+003		
7.036500e+002	4.060356e+003		
7.036000e+002	4.087333e+003		
7.035500e+002	4.087333e+003		
7.035000e+002	4.101378e+003		
7.034500e+002	4.101378e+003		
7.034000e+002	4.089833e+003		
7.033500e+002	4.089833e+003		
7.033000e+002	4.070955e+003		
7.032500e+002	4.070955e+003		
7.032000e+002	4.064922e+003		
7.031500e+002	4.064922e+003		
7.031000e+002	4.067833e+003		
7.030500e+002	4.067833e+003		
7.030000e+002	4.082900e+003		
7.029500e+002	4.082900e+003		
7.029000e+002	3.998145e+003		
7.028500e+002	3.998145e+003		
7.028000e+002	4.056422e+003		
7.027500e+002	4.056422e+003		
7.027000e+002	4.038300e+003		
7.026500e+002	4.038300e+003		
7.026000e+002	4.002277e+003		
7.025500e+002	4.002277e+003		
7.025000e+002	3.996967e+003		
7.024500e+002	3.996967e+003		
7.024000e+002	3.978767e+003		
7.023500e+002	3.978767e+003		
7.023000e+002	3.979344e+003		
7.022500e+002	3.979344e+003		
7.022000e+002	3.979333e+003		
7.021500e+002	3.979333e+003		
7.021000e+002	4.007833e+003		
7.020500e+002	4.007833e+003		
7.020000e+002	4.004667e+003		
7.019500e+002	4.004667e+003		
7.019000e+002	4.014578e+003		
7.018500e+002	4.014578e+003		
7.018000e+002	4.037800e+003		
7.017500e+002	4.037800e+003		
7.017000e+002	4.009356e+003		
7.016500e+002	4.009356e+003		
7.016000e+002	4.007433e+003		
7.015500e+002	4.007433e+003		
7.015000e+002	3.970989e+003		
7.014500e+002	3.970989e+003		
7.014000e+002	3.945511e+003		
7.013500e+002	3.945511e+003		
7.013000e+002	3.881611e+003		
7.012500e+002	3.881611e+003		
7.012000e+002	3.903978e+003		
7.011500e+002	3.903978e+003		
7.011000e+002	3.911222e+003		
7.010500e+002	3.911222e+003		
7.010000e+002	3.887378e+003		
7.009500e+002	3.887378e+003		
7.009000e+002	3.949233e+003		
7.008500e+002	3.949233e+003		
7.008000e+002	3.926145e+003		
7.007500e+002	3.926145e+003		
7.007000e+002	3.937211e+003		
7.006500e+002	3.937211e+003		
7.006000e+002	3.922055e+003		
7.005500e+002	3.922055e+003		
7.005000e+002	3.906289e+003		
7.004500e+002	3.906289e+003		
7.004000e+002	3.891989e+003		
7.003500e+002	3.891989e+003		
7.003000e+002	3.902267e+003		
7.002500e+002	3.902267e+003		
7.002000e+002	3.959056e+003		
7.001500e+002	3.959056e+003		
7.001000e+002	3.892067e+003		
7.000500e+002	3.892067e+003		
7.000000e+002	3.939522e+003		
6.999500e+002	3.939522e+003		
6.999000e+002	3.926256e+003		
6.998500e+002	3.926256e+003		
6.998000e+002	3.853711e+003		
6.997500e+002	3.853711e+003		
6.997000e+002	3.888122e+003		
6.996500e+002	3.888122e+003		
6.996000e+002	3.924133e+003		
6.995500e+002	3.924133e+003		
6.995000e+002	3.893878e+003		
6.994500e+002	3.893878e+003		
6.994000e+002	3.869289e+003		
6.993500e+002	3.869289e+003		
6.993000e+002	3.876244e+003		
6.992500e+002	3.876244e+003		
6.992000e+002	3.811144e+003		
6.991500e+002	3.811144e+003		
6.991000e+002	3.874178e+003		
6.990500e+002	3.874178e+003		
6.990000e+002	3.897556e+003		
6.989500e+002	3.897556e+003		
6.989000e+002	3.906333e+003		
6.988500e+002	3.906333e+003		
6.988000e+002	3.860722e+003		
6.987500e+002	3.860722e+003		
6.987000e+002	3.877755e+003		
6.986500e+002	3.877755e+003		
6.986000e+002	3.824189e+003		
6.985500e+002	3.824189e+003		
6.985000e+002	3.905078e+003		
6.984500e+002	3.905078e+003		
6.984000e+002	3.898089e+003		
6.983500e+002	3.898089e+003		
6.983000e+002	3.893211e+003		
6.982500e+002	3.893211e+003		
6.982000e+002	3.849500e+003		
6.981500e+002	3.849500e+003		
6.981000e+002	3.841733e+003		
6.980500e+002	3.841733e+003		
6.980000e+002	3.921378e+003		
6.979500e+002	3.921378e+003		
6.979000e+002	3.854222e+003		
6.978500e+002	3.854222e+003		
6.978000e+002	3.899767e+003		
6.977500e+002	3.899767e+003		
6.977000e+002	3.889467e+003		
6.976500e+002	3.889467e+003		
6.976000e+002	3.855600e+003		
6.975500e+002	3.855600e+003		
6.975000e+002	3.879133e+003		
6.974500e+002	3.879133e+003		
6.974000e+002	3.921911e+003		
6.973500e+002	3.921911e+003		
6.973000e+002	3.912100e+003		
6.972500e+002	3.912100e+003		
6.972000e+002	3.922944e+003		
6.971500e+002	3.922944e+003		
6.971000e+002	3.847723e+003		
6.970500e+002	3.847723e+003		
6.970000e+002	3.847689e+003		
6.969500e+002	3.847689e+003		
6.969000e+002	3.838633e+003		
6.968500e+002	3.838633e+003		
6.968000e+002	3.870966e+003		
6.967500e+002	3.870966e+003		
6.967000e+002	3.878700e+003		
6.966500e+002	3.878700e+003		
6.966000e+002	3.856178e+003		
6.965500e+002	3.856178e+003		
6.965000e+002	3.844344e+003		
6.964500e+002	3.844344e+003		
6.964000e+002	3.816056e+003		
6.963500e+002	3.816056e+003		
6.963000e+002	3.838855e+003		
6.962500e+002	3.838855e+003		
6.962000e+002	3.826233e+003		
6.961500e+002	3.826233e+003		
6.961000e+002	3.834322e+003		
6.960500e+002	3.834322e+003		
6.960000e+002	3.848245e+003		
6.959500e+002	3.848245e+003		
6.959000e+002	3.819845e+003		
6.958500e+002	3.819845e+003		
6.958000e+002	3.878589e+003		
6.957500e+002	3.878589e+003		
6.957000e+002	3.827933e+003		
6.956500e+002	3.827933e+003		
6.956000e+002	3.817044e+003		
6.955500e+002	3.817044e+003		
6.955000e+002	3.795611e+003		
6.954500e+002	3.795611e+003		
6.954000e+002	3.878922e+003		
6.953500e+002	3.878922e+003		
6.953000e+002	3.811511e+003		
6.952500e+002	3.811511e+003		
6.952000e+002	3.806455e+003		
6.951500e+002	3.806455e+003		
6.951000e+002	3.869633e+003		
6.950500e+002	3.869633e+003		
6.950000e+002	3.836311e+003		
6.949500e+002	3.836311e+003		
6.949000e+002	3.788922e+003		
6.948500e+002	3.788922e+003		
6.948000e+002	3.783711e+003		
6.947500e+002	3.783711e+003		
6.947000e+002	3.797655e+003		
6.946500e+002	3.797655e+003		
6.946000e+002	3.787711e+003		
6.945500e+002	3.787711e+003		
6.945000e+002	3.851222e+003		
6.944500e+002	3.851222e+003		
6.944000e+002	3.855511e+003		
6.943500e+002	3.855511e+003		
6.943000e+002	3.787022e+003		
6.942500e+002	3.787022e+003		
6.942000e+002	3.877133e+003		
6.941500e+002	3.877133e+003		
6.941000e+002	3.876766e+003		
6.940500e+002	3.876766e+003		
6.940000e+002	3.855789e+003		