Fe2p Fe3O4
7.500000e+02 6.422620e+04
7.499500e+02 6.451310e+04
7.499000e+02 6.480000e+04
7.498500e+02 6.481490e+04
7.498000e+02 6.482980e+04
7.497500e+02 6.462930e+04
7.497000e+02 6.442880e+04
7.496500e+02 6.463390e+04
7.496000e+02 6.483900e+04
7.495500e+02 6.487940e+04
7.495000e+02 6.491980e+04
7.494500e+02 6.469170e+04
7.494000e+02 6.446360e+04
7.493500e+02 6.447430e+04
7.493000e+02 6.448500e+04
7.492500e+02 6.443640e+04
7.492000e+02 6.438780e+04
7.491500e+02 6.466600e+04
7.491000e+02 6.494420e+04
7.490500e+02 6.489290e+04
7.490000e+02 6.484160e+04
7.489500e+02 6.464070e+04
7.489000e+02 6.443980e+04
7.488500e+02 6.494690e+04
7.488000e+02 6.545400e+04
7.487500e+02 6.546490e+04
7.487000e+02 6.547580e+04
7.486500e+02 6.547980e+04
7.486000e+02 6.548380e+04
7.485500e+02 6.553800e+04
7.485000e+02 6.559220e+04
7.484500e+02 6.561700e+04
7.484000e+02 6.564180e+04
7.483500e+02 6.545910e+04
7.483000e+02 6.527640e+04
7.482500e+02 6.519290e+04
7.482000e+02 6.510940e+04
7.481500e+02 6.510380e+04
7.481000e+02 6.509820e+04
7.480500e+02 6.509320e+04
7.480000e+02 6.508820e+04
7.479500e+02 6.507010e+04
7.479000e+02 6.505200e+04
7.478500e+02 6.534430e+04
7.478000e+02 6.563660e+04
7.477500e+02 6.587590e+04
7.477000e+02 6.611520e+04
7.476500e+02 6.574500e+04
7.476000e+02 6.537480e+04
7.475500e+02 6.541640e+04
7.475000e+02 6.545800e+04
7.474500e+02 6.564240e+04
7.474000e+02 6.582680e+04
7.473500e+02 6.574780e+04
7.473000e+02 6.566880e+04
7.472500e+02 6.584180e+04
7.472000e+02 6.601480e+04
7.471500e+02 6.610570e+04
7.471000e+02 6.619660e+04
7.470500e+02 6.632820e+04
7.470000e+02 6.645980e+04
7.469500e+02 6.622690e+04
7.469000e+02 6.599400e+04
7.468500e+02 6.620490e+04
7.468000e+02 6.641580e+04
7.467500e+02 6.663500e+04
7.467000e+02 6.685420e+04
7.466500e+02 6.699770e+04
7.466000e+02 6.714120e+04
7.465500e+02 6.714200e+04
7.465000e+02 6.714280e+04
7.464500e+02 6.703390e+04
7.464000e+02 6.692500e+04
7.463500e+02 6.720840e+04
7.463000e+02 6.749180e+04
7.462500e+02 6.745050e+04
7.462000e+02 6.740920e+04
7.461500e+02 6.736840e+04
7.461000e+02 6.732760e+04
7.460500e+02 6.766320e+04
7.460000e+02 6.799880e+04
7.459500e+02 6.811440e+04
7.459000e+02 6.823000e+04
7.458500e+02 6.822920e+04
7.458000e+02 6.822840e+04
7.457500e+02 6.835770e+04
7.457000e+02 6.848700e+04
7.456500e+02 6.848360e+04
7.456000e+02 6.848020e+04
7.455500e+02 6.864780e+04
7.455000e+02 6.881540e+04
7.454500e+02 6.899610e+04
7.454000e+02 6.917680e+04
7.453500e+02 6.907960e+04
7.453000e+02 6.898240e+04
7.452500e+02 6.917800e+04
7.452000e+02 6.937360e+04
7.451500e+02 6.947610e+04
7.451000e+02 6.957860e+04
7.450500e+02 6.986320e+04
7.450000e+02 7.014780e+04
7.449500e+02 7.032850e+04
7.449000e+02 7.050920e+04
7.448500e+02 7.034270e+04
7.448000e+02 7.017620e+04
7.447500e+02 7.023000e+04
7.447000e+02 7.028380e+04
7.446500e+02 7.039010e+04
7.446000e+02 7.049640e+04
7.445500e+02 7.053570e+04
7.445000e+02 7.057500e+04
7.444500e+02 7.079450e+04
7.444000e+02 7.101400e+04
7.443500e+02 7.071330e+04
7.443000e+02 7.041260e+04
7.442500e+02 7.065390e+04
7.442000e+02 7.089520e+04
7.441500e+02 7.111870e+04
7.441000e+02 7.134220e+04
7.440500e+02 7.147090e+04
7.440000e+02 7.159960e+04
7.439500e+02 7.143220e+04
7.439000e+02 7.126480e+04
7.438500e+02 7.143920e+04
7.438000e+02 7.161360e+04
7.437500e+02 7.138560e+04
7.437000e+02 7.115760e+04
7.436500e+02 7.106650e+04
7.436000e+02 7.097540e+04
7.435500e+02 7.118950e+04
7.435000e+02 7.140360e+04
7.434500e+02 7.151990e+04
7.434000e+02 7.163620e+04
7.433500e+02 7.115940e+04
7.433000e+02 7.068260e+04
7.432500e+02 7.104690e+04
7.432000e+02 7.141120e+04
7.431500e+02 7.150630e+04
7.431000e+02 7.160140e+04
7.430500e+02 7.142930e+04
7.430000e+02 7.125720e+04
7.429500e+02 7.116640e+04
7.429000e+02 7.107560e+04
7.428500e+02 7.114210e+04
7.428000e+02 7.120860e+04
7.427500e+02 7.104120e+04
7.427000e+02 7.087380e+04
7.426500e+02 7.084100e+04
7.426000e+02 7.080820e+04
7.425500e+02 7.092750e+04
7.425000e+02 7.104680e+04
7.424500e+02 7.055990e+04
7.424000e+02 7.007300e+04
7.423500e+02 7.021640e+04
7.423000e+02 7.035980e+04
7.422500e+02 7.043630e+04
7.422000e+02 7.051280e+04
7.421500e+02 7.044300e+04
7.421000e+02 7.037320e+04
7.420500e+02 7.021350e+04
7.420000e+02 7.005380e+04
7.419500e+02 6.987610e+04
7.419000e+02 6.969840e+04
7.418500e+02 6.984480e+04
7.418000e+02 6.999120e+04
7.417500e+02 6.992000e+04
7.417000e+02 6.984880e+04
7.416500e+02 6.979710e+04
7.416000e+02 6.974540e+04
7.415500e+02 6.932660e+04
7.415000e+02 6.890780e+04
7.414500e+02 6.913160e+04
7.414000e+02 6.935540e+04
7.413500e+02 6.947340e+04
7.413000e+02 6.959140e+04
7.412500e+02 6.943880e+04
7.412000e+02 6.928620e+04
7.411500e+02 6.885620e+04
7.411000e+02 6.842620e+04
7.410500e+02 6.880470e+04
7.410000e+02 6.918320e+04
7.409500e+02 6.905350e+04
7.409000e+02 6.892380e+04
7.408500e+02 6.911590e+04
7.408000e+02 6.930800e+04
7.407500e+02 6.911270e+04
7.407000e+02 6.891740e+04
7.406500e+02 6.901360e+04
7.406000e+02 6.910980e+04
7.405500e+02 6.920260e+04
7.405000e+02 6.929540e+04
7.404500e+02 6.923100e+04
7.404000e+02 6.916660e+04
7.403500e+02 6.910130e+04
7.403000e+02 6.903600e+04
7.402500e+02 6.912980e+04
7.402000e+02 6.922360e+04
7.401500e+02 6.921370e+04
7.401000e+02 6.920380e+04
7.400500e+02 6.941380e+04
7.400000e+02 6.962380e+04
7.399500e+02 6.959370e+04
7.399000e+02 6.956360e+04
7.398500e+02 6.946510e+04
7.398000e+02 6.936660e+04
7.397500e+02 6.944290e+04
7.397000e+02 6.951920e+04
7.396500e+02 6.976230e+04
7.396000e+02 7.000540e+04
7.395500e+02 6.999630e+04
7.395000e+02 6.998720e+04
7.394500e+02 7.022110e+04
7.394000e+02 7.045500e+04
7.393500e+02 7.018700e+04
7.393000e+02 6.991900e+04
7.392500e+02 7.017440e+04
7.392000e+02 7.042980e+04
7.391500e+02 7.049970e+04
7.391000e+02 7.056960e+04
7.390500e+02 7.070380e+04
7.390000e+02 7.083800e+04
7.389500e+02 7.087920e+04
7.389000e+02 7.092040e+04
7.388500e+02 7.080260e+04
7.388000e+02 7.068480e+04
7.387500e+02 7.068210e+04
7.387000e+02 7.067940e+04
7.386500e+02 7.130890e+04
7.386000e+02 7.193840e+04
7.385500e+02 7.182280e+04
7.385000e+02 7.170720e+04
7.384500e+02 7.148550e+04
7.384000e+02 7.126380e+04
7.383500e+02 7.129600e+04
7.383000e+02 7.132820e+04
7.382500e+02 7.164000e+04
7.382000e+02 7.195180e+04
7.381500e+02 7.197840e+04
7.381000e+02 7.200500e+04
7.380500e+02 7.226390e+04
7.380000e+02 7.252280e+04
7.379500e+02 7.249580e+04
7.379000e+02 7.246880e+04
7.378500e+02 7.264260e+04
7.378000e+02 7.281640e+04
7.377500e+02 7.296590e+04
7.377000e+02 7.311540e+04
7.376500e+02 7.316550e+04
7.376000e+02 7.321560e+04
7.375500e+02 7.353670e+04
7.375000e+02 7.385780e+04
7.374500e+02 7.385920e+04
7.374000e+02 7.386060e+04
7.373500e+02 7.372450e+04
7.373000e+02 7.358840e+04
7.372500e+02 7.419530e+04
7.372000e+02 7.480220e+04
7.371500e+02 7.485410e+04
7.371000e+02 7.490600e+04
7.370500e+02 7.480700e+04
7.370000e+02 7.470800e+04
7.369500e+02 7.516320e+04
7.369000e+02 7.561840e+04
7.368500e+02 7.545820e+04
7.368000e+02 7.529800e+04
7.367500e+02 7.541780e+04
7.367000e+02 7.553760e+04
7.366500e+02 7.553360e+04
7.366000e+02 7.552960e+04
7.365500e+02 7.591290e+04
7.365000e+02 7.629620e+04
7.364500e+02 7.628880e+04
7.364000e+02 7.628140e+04
7.363500e+02 7.637340e+04
7.363000e+02 7.646540e+04
7.362500e+02 7.672810e+04
7.362000e+02 7.699080e+04
7.361500e+02 7.700820e+04
7.361000e+02 7.702560e+04
7.360500e+02 7.716270e+04
7.360000e+02 7.729980e+04
7.359500e+02 7.758030e+04
7.359000e+02 7.786080e+04
7.358500e+02 7.789760e+04
7.358000e+02 7.793440e+04
7.357500e+02 7.813790e+04
7.357000e+02 7.834140e+04
7.356500e+02 7.863840e+04
7.356000e+02 7.893540e+04
7.355500e+02 7.927470e+04
7.355000e+02 7.961400e+04
7.354500e+02 7.962340e+04
7.354000e+02 7.963280e+04
7.353500e+02 7.952290e+04
7.353000e+02 7.941300e+04
7.352500e+02 7.956180e+04
7.352000e+02 7.971060e+04
7.351500e+02 7.981690e+04
7.351000e+02 7.992320e+04
7.350500e+02 8.004930e+04
7.350000e+02 8.017540e+04
7.349500e+02 8.065380e+04
7.349000e+02 8.113220e+04
7.348500e+02 8.100370e+04
7.348000e+02 8.087520e+04
7.347500e+02 8.079570e+04
7.347000e+02 8.071620e+04
7.346500e+02 8.097050e+04
7.346000e+02 8.122480e+04
7.345500e+02 8.111000e+04
7.345000e+02 8.099520e+04
7.344500e+02 8.154790e+04
7.344000e+02 8.210060e+04
7.343500e+02 8.218710e+04
7.343000e+02 8.227360e+04
7.342500e+02 8.205020e+04
7.342000e+02 8.182680e+04
7.341500e+02 8.212090e+04
7.341000e+02 8.241500e+04
7.340500e+02 8.232290e+04
7.340000e+02 8.223080e+04
7.339500e+02 8.218740e+04
7.339000e+02 8.214400e+04
7.338500e+02 8.226090e+04
7.338000e+02 8.237780e+04
7.337500e+02 8.255540e+04
7.337000e+02 8.273300e+04
7.336500e+02 8.275100e+04
7.336000e+02 8.276900e+04
7.335500e+02 8.301920e+04
7.335000e+02 8.326940e+04
7.334500e+02 8.321810e+04
7.334000e+02 8.316680e+04
7.333500e+02 8.310630e+04
7.333000e+02 8.304580e+04
7.332500e+02 8.299890e+04
7.332000e+02 8.295200e+04
7.331500e+02 8.318810e+04
7.331000e+02 8.342420e+04
7.330500e+02 8.375500e+04
7.330000e+02 8.408580e+04
7.329500e+02 8.441840e+04
7.329000e+02 8.475100e+04
7.328500e+02 8.454460e+04
7.328000e+02 8.433820e+04
7.327500e+02 8.435480e+04
7.327000e+02 8.437140e+04
7.326500e+02 8.432670e+04
7.326000e+02 8.428200e+04
7.325500e+02 8.427650e+04
7.325000e+02 8.427100e+04
7.324500e+02 8.452080e+04
7.324000e+02 8.477060e+04
7.323500e+02 8.495290e+04
7.323000e+02 8.513520e+04
7.322500e+02 8.524550e+04
7.322000e+02 8.535580e+04
7.321500e+02 8.581600e+04
7.321000e+02 8.627620e+04
7.320500e+02 8.616330e+04
7.320000e+02 8.605040e+04
7.319500e+02 8.641350e+04
7.319000e+02 8.677660e+04
7.318500e+02 8.655670e+04
7.318000e+02 8.633680e+04
7.317500e+02 8.636780e+04
7.317000e+02 8.639880e+04
7.316500e+02 8.642420e+04
7.316000e+02 8.644960e+04
7.315500e+02 8.674250e+04
7.315000e+02 8.703540e+04
7.314500e+02 8.739960e+04
7.314000e+02 8.776380e+04
7.313500e+02 8.759540e+04
7.313000e+02 8.742700e+04
7.312500e+02 8.774410e+04
7.312000e+02 8.806120e+04
7.311500e+02 8.835220e+04
7.311000e+02 8.864320e+04
7.310500e+02 8.835180e+04
7.310000e+02 8.806040e+04
7.309500e+02 8.823450e+04
7.309000e+02 8.840860e+04
7.308500e+02 8.861150e+04
7.308000e+02 8.881440e+04
7.307500e+02 8.867850e+04
7.307000e+02 8.854260e+04
7.306500e+02 8.880650e+04
7.306000e+02 8.907040e+04
7.305500e+02 8.926380e+04
7.305000e+02 8.945720e+04
7.304500e+02 8.971350e+04
7.304000e+02 8.996980e+04
7.303500e+02 8.997530e+04
7.303000e+02 8.998080e+04
7.302500e+02 9.037560e+04
7.302000e+02 9.077040e+04
7.301500e+02 9.091700e+04
7.301000e+02 9.106360e+04
7.300500e+02 9.079490e+04
7.300000e+02 9.052620e+04
7.299500e+02 9.086570e+04
7.299000e+02 9.120520e+04
7.298500e+02 9.122100e+04
7.298000e+02 9.123680e+04
7.297500e+02 9.159290e+04
7.297000e+02 9.194900e+04
7.296500e+02 9.208670e+04
7.296000e+02 9.222440e+04
7.295500e+02 9.227670e+04
7.295000e+02 9.232900e+04
7.294500e+02 9.223890e+04
7.294000e+02 9.214880e+04
7.293500e+02 9.240930e+04
7.293000e+02 9.266980e+04
7.292500e+02 9.304980e+04
7.292000e+02 9.342980e+04
7.291500e+02 9.361370e+04
7.291000e+02 9.379760e+04
7.290500e+02 9.379980e+04
7.290000e+02 9.380200e+04
7.289500e+02 9.384020e+04
7.289000e+02 9.387840e+04
7.288500e+02 9.400210e+04
7.288000e+02 9.412580e+04
7.287500e+02 9.442470e+04
7.287000e+02 9.472360e+04
7.286500e+02 9.474050e+04
7.286000e+02 9.475740e+04
7.285500e+02 9.500610e+04
7.285000e+02 9.525480e+04
7.284500e+02 9.561920e+04
7.284000e+02 9.598360e+04
7.283500e+02 9.587500e+04
7.283000e+02 9.576640e+04
7.282500e+02 9.621440e+04
7.282000e+02 9.666240e+04
7.281500e+02 9.688360e+04
7.281000e+02 9.710480e+04
7.280500e+02 9.757010e+04
7.280000e+02 9.803540e+04
7.279500e+02 9.816750e+04
7.279000e+02 9.829960e+04
7.278500e+02 9.856780e+04
7.278000e+02 9.883600e+04
7.277500e+02 9.929430e+04
7.277000e+02 9.975260e+04
7.276500e+02 9.957020e+04
7.276000e+02 9.938780e+04
7.275500e+02 9.998000e+04
7.275000e+02 1.005722e+05
7.274500e+02 1.006012e+05
7.274000e+02 1.006302e+05
7.273500e+02 1.012068e+05
7.273000e+02 1.017834e+05
7.272500e+02 1.018873e+05
7.272000e+02 1.019912e+05
7.271500e+02 1.022715e+05
7.271000e+02 1.025518e+05
7.270500e+02 1.031590e+05
7.270000e+02 1.037662e+05
7.269500e+02 1.038929e+05
7.269000e+02 1.040196e+05
7.268500e+02 1.044024e+05
7.268000e+02 1.047852e+05
7.267500e+02 1.051009e+05
7.267000e+02 1.054166e+05
7.266500e+02 1.055262e+05
7.266000e+02 1.056358e+05
7.265500e+02 1.060578e+05
7.265000e+02 1.064798e+05
7.264500e+02 1.061881e+05
7.264000e+02 1.058964e+05
7.263500e+02 1.065153e+05
7.263000e+02 1.071342e+05
7.262500e+02 1.077833e+05
7.262000e+02 1.084324e+05
7.261500e+02 1.086842e+05
7.261000e+02 1.089360e+05
7.260500e+02 1.087935e+05
7.260000e+02 1.086510e+05
7.259500e+02 1.086743e+05
7.259000e+02 1.086976e+05
7.258500e+02 1.093115e+05
7.258000e+02 1.099254e+05
7.257500e+02 1.100999e+05
7.257000e+02 1.102744e+05
7.256500e+02 1.102604e+05
7.256000e+02 1.102464e+05
7.255500e+02 1.105435e+05
7.255000e+02 1.108406e+05
7.254500e+02 1.111207e+05
7.254000e+02 1.114008e+05
7.253500e+02 1.117366e+05
7.253000e+02 1.120724e+05
7.252500e+02 1.120412e+05
7.252000e+02 1.120100e+05
7.251500e+02 1.120492e+05
7.251000e+02 1.120884e+05
7.250500e+02 1.118387e+05
7.250000e+02 1.115890e+05
7.249500e+02 1.118468e+05
7.249000e+02 1.121046e+05
7.248500e+02 1.120531e+05
7.248000e+02 1.120016e+05
7.247500e+02 1.115870e+05
7.247000e+02 1.111724e+05
7.246500e+02 1.110604e+05
7.246000e+02 1.109484e+05
7.245500e+02 1.113386e+05
7.245000e+02 1.117288e+05
7.244500e+02 1.113269e+05
7.244000e+02 1.109250e+05
7.243500e+02 1.111554e+05
7.243000e+02 1.113858e+05
7.242500e+02 1.109273e+05
7.242000e+02 1.104688e+05
7.241500e+02 1.100823e+05
7.241000e+02 1.096958e+05
7.240500e+02 1.092527e+05
7.240000e+02 1.088096e+05
7.239500e+02 1.085761e+05
7.239000e+02 1.083426e+05
7.238500e+02 1.081572e+05
7.238000e+02 1.079718e+05
7.237500e+02 1.078292e+05
7.237000e+02 1.076866e+05
7.236500e+02 1.069489e+05
7.236000e+02 1.062112e+05
7.235500e+02 1.059599e+05
7.235000e+02 1.057086e+05
7.234500e+02 1.052619e+05
7.234000e+02 1.048152e+05
7.233500e+02 1.042040e+05
7.233000e+02 1.035928e+05
7.232500e+02 1.032633e+05
7.232000e+02 1.029338e+05
7.231500e+02 1.021801e+05
7.231000e+02 1.014264e+05
7.230500e+02 1.009377e+05
7.230000e+02 1.004490e+05
7.229500e+02 9.985300e+04
7.229000e+02 9.925700e+04
7.228500e+02 9.833740e+04
7.228000e+02 9.741780e+04
7.227500e+02 9.729160e+04
7.227000e+02 9.716540e+04
7.226500e+02 9.688540e+04
7.226000e+02 9.660540e+04
7.225500e+02 9.604050e+04
7.225000e+02 9.547560e+04
7.224500e+02 9.462180e+04
7.224000e+02 9.376800e+04
7.223500e+02 9.319880e+04
7.223000e+02 9.262960e+04
7.222500e+02 9.179540e+04
7.222000e+02 9.096120e+04
7.221500e+02 9.019460e+04
7.221000e+02 8.942800e+04
7.220500e+02 8.908930e+04
7.220000e+02 8.875060e+04
7.219500e+02 8.794210e+04
7.219000e+02 8.713360e+04
7.218500e+02 8.680660e+04
7.218000e+02 8.647960e+04
7.217500e+02 8.618020e+04
7.217000e+02 8.588080e+04
7.216500e+02 8.539020e+04
7.216000e+02 8.489960e+04
7.215500e+02 8.448710e+04
7.215000e+02 8.407460e+04
7.214500e+02 8.364820e+04
7.214000e+02 8.322180e+04
7.213500e+02 8.310310e+04
7.213000e+02 8.298440e+04
7.212500e+02 8.274020e+04
7.212000e+02 8.249600e+04
7.211500e+02 8.211160e+04
7.211000e+02 8.172720e+04
7.210500e+02 8.165560e+04
7.210000e+02 8.158400e+04
7.209500e+02 8.150580e+04
7.209000e+02 8.142760e+04
7.208500e+02 8.139010e+04
7.208000e+02 8.135260e+04
7.207500e+02 8.110050e+04
7.207000e+02 8.084840e+04
7.206500e+02 8.091390e+04
7.206000e+02 8.097940e+04
7.205500e+02 8.080810e+04
7.205000e+02 8.063680e+04
7.204500e+02 8.026910e+04
7.204000e+02 7.990140e+04
7.203500e+02 7.999380e+04
7.203000e+02 8.008620e+04
7.202500e+02 8.005220e+04
7.202000e+02 8.001820e+04
7.201500e+02 7.987120e+04
7.201000e+02 7.972420e+04
7.200500e+02 7.956730e+04
7.200000e+02 7.941040e+04
7.199500e+02 7.931510e+04
7.199000e+02 7.921980e+04
7.198500e+02 7.908610e+04
7.198000e+02 7.895240e+04
7.197500e+02 7.880860e+04
7.197000e+02 7.866480e+04
7.196500e+02 7.885410e+04
7.196000e+02 7.904340e+04
7.195500e+02 7.919470e+04
7.195000e+02 7.934600e+04
7.194500e+02 7.906010e+04
7.194000e+02 7.877420e+04
7.193500e+02 7.876670e+04
7.193000e+02 7.875920e+04
7.192500e+02 7.874090e+04
7.192000e+02 7.872260e+04
7.191500e+02 7.902280e+04
7.191000e+02 7.932300e+04
7.190500e+02 7.899140e+04
7.190000e+02 7.865980e+04
7.189500e+02 7.873720e+04
7.189000e+02 7.881460e+04
7.188500e+02 7.863890e+04
7.188000e+02 7.846320e+04
7.187500e+02 7.835930e+04
7.187000e+02 7.825540e+04
7.186500e+02 7.819050e+04
7.186000e+02 7.812560e+04
7.185500e+02 7.822950e+04
7.185000e+02 7.833340e+04
7.184500e+02 7.843850e+04
7.184000e+02 7.854360e+04
7.183500e+02 7.846020e+04
7.183000e+02 7.837680e+04
7.182500e+02 7.833380e+04
7.182000e+02 7.829080e+04
7.181500e+02 7.834750e+04
7.181000e+02 7.840420e+04
7.180500e+02 7.848130e+04
7.180000e+02 7.855840e+04
7.179500e+02 7.867760e+04
7.179000e+02 7.879680e+04
7.178500e+02 7.871460e+04
7.178000e+02 7.863240e+04
7.177500e+02 7.898170e+04
7.177000e+02 7.933100e+04
7.176500e+02 7.918550e+04
7.176000e+02 7.904000e+04
7.175500e+02 7.917500e+04
7.175000e+02 7.931000e+04
7.174500e+02 7.955580e+04
7.174000e+02 7.980160e+04
7.173500e+02 7.986770e+04
7.173000e+02 7.993380e+04
7.172500e+02 8.018140e+04
7.172000e+02 8.042900e+04
7.171500e+02 8.033440e+04
7.171000e+02 8.023980e+04
7.170500e+02 8.059450e+04
7.170000e+02 8.094920e+04
7.169500e+02 8.092790e+04
7.169000e+02 8.090660e+04
7.168500e+02 8.104930e+04
7.168000e+02 8.119200e+04
7.167500e+02 8.142630e+04
7.167000e+02 8.166060e+04
7.166500e+02 8.172410e+04
7.166000e+02 8.178760e+04
7.165500e+02 8.195230e+04
7.165000e+02 8.211700e+04
7.164500e+02 8.227330e+04
7.164000e+02 8.242960e+04
7.163500e+02 8.246490e+04
7.163000e+02 8.250020e+04
7.162500e+02 8.274310e+04
7.162000e+02 8.298600e+04
7.161500e+02 8.349840e+04
7.161000e+02 8.401080e+04
7.160500e+02 8.405040e+04
7.160000e+02 8.409000e+04
7.159500e+02 8.424910e+04
7.159000e+02 8.440820e+04
7.158500e+02 8.486390e+04
7.158000e+02 8.531960e+04
7.157500e+02 8.546940e+04
7.157000e+02 8.561920e+04
7.156500e+02 8.573700e+04
7.156000e+02 8.585480e+04
7.155500e+02 8.635170e+04
7.155000e+02 8.684860e+04
7.154500e+02 8.746760e+04
7.154000e+02 8.808660e+04
7.153500e+02 8.839620e+04
7.153000e+02 8.870580e+04
7.152500e+02 8.899320e+04
7.152000e+02 8.928060e+04
7.151500e+02 8.961890e+04
7.151000e+02 8.995720e+04
7.150500e+02 9.062660e+04
7.150000e+02 9.129600e+04
7.149500e+02 9.188210e+04
7.149000e+02 9.246820e+04
7.148500e+02 9.266120e+04
7.148000e+02 9.285420e+04
7.147500e+02 9.362980e+04
7.147000e+02 9.440540e+04
7.146500e+02 9.478120e+04
7.146000e+02 9.515700e+04
7.145500e+02 9.582290e+04
7.145000e+02 9.648880e+04
7.144500e+02 9.686660e+04
7.144000e+02 9.724440e+04
7.143500e+02 9.768320e+04
7.143000e+02 9.812200e+04
7.142500e+02 9.877980e+04
7.142000e+02 9.943760e+04
7.141500e+02 9.983660e+04
7.141000e+02 1.002356e+05
7.140500e+02 1.010047e+05
7.140000e+02 1.017738e+05
7.139500e+02 1.020920e+05
7.139000e+02 1.024102e+05
7.138500e+02 1.032594e+05
7.138000e+02 1.041086e+05
7.137500e+02 1.049765e+05
7.137000e+02 1.058444e+05
7.136500e+02 1.063804e+05
7.136000e+02 1.069164e+05
7.135500e+02 1.073815e+05
7.135000e+02 1.078466e+05
7.134500e+02 1.084772e+05
7.134000e+02 1.091078e+05
7.133500e+02 1.097762e+05
7.133000e+02 1.104446e+05
7.132500e+02 1.110878e+05
7.132000e+02 1.117310e+05
7.131500e+02 1.124868e+05
7.131000e+02 1.132426e+05
7.130500e+02 1.142664e+05
7.130000e+02 1.152902e+05
7.129500e+02 1.156072e+05
7.129000e+02 1.159242e+05
7.128500e+02 1.165035e+05
7.128000e+02 1.170828e+05
7.127500e+02 1.175639e+05
7.127000e+02 1.180450e+05
7.126500e+02 1.185303e+05
7.126000e+02 1.190156e+05
7.125500e+02 1.199341e+05
7.125000e+02 1.208526e+05
7.124500e+02 1.212151e+05
7.124000e+02 1.215776e+05
7.123500e+02 1.218851e+05
7.123000e+02 1.221926e+05
7.122500e+02 1.224357e+05
7.122000e+02 1.226788e+05
7.121500e+02 1.230093e+05
7.121000e+02 1.233398e+05
7.120500e+02 1.234487e+05
7.120000e+02 1.235576e+05
7.119500e+02 1.238031e+05
7.119000e+02 1.240486e+05
7.118500e+02 1.243432e+05
7.118000e+02 1.246378e+05
7.117500e+02 1.245736e+05
7.117000e+02 1.245094e+05
7.116500e+02 1.238734e+05
7.116000e+02 1.232374e+05
7.115500e+02 1.231370e+05
7.115000e+02 1.230366e+05
7.114500e+02 1.230874e+05
7.114000e+02 1.231382e+05
7.113500e+02 1.226941e+05
7.113000e+02 1.222500e+05
7.112500e+02 1.213175e+05
7.112000e+02 1.203850e+05
7.111500e+02 1.193811e+05
7.111000e+02 1.183772e+05
7.110500e+02 1.177741e+05
7.110000e+02 1.171710e+05
7.109500e+02 1.164330e+05
7.109000e+02 1.156950e+05
7.108500e+02 1.144974e+05
7.108000e+02 1.132998e+05
7.107500e+02 1.124013e+05
7.107000e+02 1.115028e+05
7.106500e+02 1.101898e+05
7.106000e+02 1.088768e+05
7.105500e+02 1.078008e+05
7.105000e+02 1.067248e+05
7.104500e+02 1.051746e+05
7.104000e+02 1.036244e+05
7.103500e+02 1.016017e+05
7.103000e+02 9.957900e+04
7.102500e+02 9.844160e+04
7.102000e+02 9.730420e+04
7.101500e+02 9.589350e+04
7.101000e+02 9.448280e+04
7.100500e+02 9.297690e+04
7.100000e+02 9.147100e+04
7.099500e+02 9.020920e+04
7.099000e+02 8.894740e+04
7.098500e+02 8.712890e+04
7.098000e+02 8.531040e+04
7.097500e+02 8.350400e+04
7.097000e+02 8.169760e+04
7.096500e+02 8.045510e+04
7.096000e+02 7.921260e+04
7.095500e+02 7.759120e+04
7.095000e+02 7.596980e+04
7.094500e+02 7.433680e+04
7.094000e+02 7.270380e+04
7.093500e+02 7.108840e+04
7.093000e+02 6.947300e+04
7.092500e+02 6.758510e+04
7.092000e+02 6.569720e+04
7.091500e+02 6.402920e+04
7.091000e+02 6.236120e+04
7.090500e+02 6.047590e+04
7.090000e+02 5.859060e+04
7.089500e+02 5.689360e+04
7.089000e+02 5.519660e+04
7.088500e+02 5.318910e+04
7.088000e+02 5.118160e+04
7.087500e+02 4.970460e+04
7.087000e+02 4.822760e+04
7.086500e+02 4.637900e+04
7.086000e+02 4.453040e+04
7.085500e+02 4.309080e+04
7.085000e+02 4.165120e+04
7.084500e+02 4.019820e+04
7.084000e+02 3.874520e+04
7.083500e+02 3.684840e+04
7.083000e+02 3.495160e+04
7.082500e+02 3.365880e+04
7.082000e+02 3.236600e+04
7.081500e+02 3.112790e+04
7.081000e+02 2.988980e+04
7.080500e+02 2.905110e+04
7.080000e+02 2.821240e+04
7.079500e+02 2.692740e+04
7.079000e+02 2.564240e+04
7.078500e+02 2.490400e+04
7.078000e+02 2.416560e+04
7.077500e+02 2.346620e+04
7.077000e+02 2.276680e+04
7.076500e+02 2.212380e+04
7.076000e+02 2.148080e+04
7.075500e+02 2.095170e+04
7.075000e+02 2.042260e+04
7.074500e+02 1.987715e+04
7.074000e+02 1.933170e+04
7.073500e+02 1.902296e+04
7.073000e+02 1.871422e+04
7.072500e+02 1.828517e+04
7.072000e+02 1.785612e+04
7.071500e+02 1.762921e+04
7.071000e+02 1.740230e+04
7.070500e+02 1.730189e+04
7.070000e+02 1.720148e+04
7.069500e+02 1.699166e+04
7.069000e+02 1.678184e+04
7.068500e+02 1.664022e+04
7.068000e+02 1.649860e+04
7.067500e+02 1.618071e+04
7.067000e+02 1.586282e+04
7.066500e+02 1.592906e+04
7.066000e+02 1.599530e+04
7.065500e+02 1.583431e+04
7.065000e+02 1.567332e+04
7.064500e+02 1.558125e+04
7.064000e+02 1.548918e+04
7.063500e+02 1.535918e+04
7.063000e+02 1.522918e+04
7.062500e+02 1.520849e+04
7.062000e+02 1.518780e+04
7.061500e+02 1.504014e+04
7.061000e+02 1.489248e+04
7.060500e+02 1.485882e+04
7.060000e+02 1.482516e+04
7.059500e+02 1.476571e+04
7.059000e+02 1.470626e+04
7.058500e+02 1.462634e+04
7.058000e+02 1.454642e+04
7.057500e+02 1.468308e+04
7.057000e+02 1.481974e+04
7.056500e+02 1.465913e+04
7.056000e+02 1.449852e+04
7.055500e+02 1.446722e+04
7.055000e+02 1.443592e+04
7.054500e+02 1.440468e+04
7.054000e+02 1.437344e+04
7.053500e+02 1.433662e+04
7.053000e+02 1.429980e+04
7.052500e+02 1.431139e+04
7.052000e+02 1.432298e+04
7.051500e+02 1.404248e+04
7.051000e+02 1.376198e+04
7.050500e+02 1.387725e+04
7.050000e+02 1.399252e+04
7.049500e+02 1.397795e+04
7.049000e+02 1.396338e+04
7.048500e+02 1.397371e+04
7.048000e+02 1.398404e+04
7.047500e+02 1.398268e+04
7.047000e+02 1.398132e+04
7.046500e+02 1.408938e+04
7.046000e+02 1.419744e+04
7.045500e+02 1.412100e+04
7.045000e+02 1.404456e+04
7.044500e+02 1.386145e+04
7.044000e+02 1.367834e+04
7.043500e+02 1.365572e+04
7.043000e+02 1.363310e+04
7.042500e+02 1.365079e+04
7.042000e+02 1.366848e+04
7.041500e+02 1.368956e+04
7.041000e+02 1.371064e+04
7.040500e+02 1.369324e+04
7.040000e+02 1.367584e+04
7.039500e+02 1.372972e+04
7.039000e+02 1.378360e+04
7.038500e+02 1.371133e+04
7.038000e+02 1.363906e+04
7.037500e+02 1.373424e+04
7.037000e+02 1.382942e+04
7.036500e+02 1.373245e+04
7.036000e+02 1.363548e+04
7.035500e+02 1.361710e+04
7.035000e+02 1.359872e+04
7.034500e+02 1.363867e+04
7.034000e+02 1.367862e+04
7.033500e+02 1.352976e+04
7.033000e+02 1.338090e+04
7.032500e+02 1.347655e+04
7.032000e+02 1.357220e+04
7.031500e+02 1.348499e+04
7.031000e+02 1.339778e+04
7.030500e+02 1.346804e+04
7.030000e+02 1.353830e+04
7.029500e+02 1.356230e+04
7.029000e+02 1.358630e+04
7.028500e+02 1.363342e+04
7.028000e+02 1.368054e+04
7.027500e+02 1.370696e+04
7.027000e+02 1.373338e+04
7.026500e+02 1.374989e+04
7.026000e+02 1.376640e+04
7.025500e+02 1.381360e+04
7.025000e+02 1.386080e+04
7.024500e+02 1.367518e+04
7.024000e+02 1.348956e+04
7.023500e+02 1.360148e+04
7.023000e+02 1.371340e+04
7.022500e+02 1.369530e+04
7.022000e+02 1.367720e+04
7.021500e+02 1.359624e+04
7.021000e+02 1.351528e+04
7.020500e+02 1.348459e+04
7.020000e+02 1.345390e+04
7.019500e+02 1.342643e+04
7.019000e+02 1.339896e+04
7.018500e+02 1.346381e+04
7.018000e+02 1.352866e+04
7.017500e+02 1.340781e+04
7.017000e+02 1.328696e+04
7.016500e+02 1.333649e+04
7.016000e+02 1.338602e+04
7.015500e+02 1.336277e+04
7.015000e+02 1.333952e+04
7.014500e+02 1.329193e+04
7.014000e+02 1.324434e+04
7.013500e+02 1.329340e+04
7.013000e+02 1.334246e+04
7.012500e+02 1.329641e+04
7.012000e+02 1.325036e+04
7.011500e+02 1.329224e+04
7.011000e+02 1.333412e+04
7.010500e+02 1.330163e+04
7.010000e+02 1.326914e+04
7.009500e+02 1.327024e+04
7.009000e+02 1.327134e+04
7.008500e+02 1.330011e+04
7.008000e+02 1.332888e+04
7.007500e+02 1.328904e+04
7.007000e+02 1.324920e+04
7.006500e+02 1.325055e+04
7.006000e+02 1.325190e+04
7.005500e+02 1.323434e+04
7.005000e+02 1.321678e+04
7.004500e+02 1.331766e+04
7.004000e+02 1.341854e+04
7.003500e+02 1.347466e+04
7.003000e+02 1.353078e+04
7.002500e+02 1.343424e+04
7.002000e+02 1.333770e+04
7.001500e+02 1.334602e+04
7.001000e+02 1.335434e+04
7.000500e+02 1.322668e+04
7.000000e+02 1.309902e+04
6.999500e+02 1.309902e+04
6.999000e+02 1.309902e+04
6.998500e+02 1.309902e+04
6.998000e+02 1.309902e+04
6.997500e+02 1.309902e+04
6.997000e+02 1.309902e+04
6.996500e+02 1.309902e+04
6.996000e+02 1.309902e+04
6.995500e+02 1.309902e+04
6.995000e+02 1.309902e+04
6.994500e+02 1.309902e+04
6.994000e+02 1.309902e+04
6.993500e+02 1.309902e+04
6.993000e+02 1.309902e+04
6.992500e+02 1.309902e+04
6.992000e+02 1.309902e+04
6.991500e+02 1.309902e+04
6.991000e+02 1.309902e+04
6.990500e+02 1.309902e+04
6.990000e+02 1.309902e+04
6.989500e+02 1.309902e+04
6.989000e+02 1.309902e+04
6.988500e+02 1.309902e+04
6.988000e+02 1.309902e+04
6.987500e+02 1.309902e+04
6.987000e+02 1.309902e+04
6.986500e+02 1.309902e+04
6.986000e+02 1.309902e+04
6.985500e+02 1.309902e+04
6.985000e+02 1.309902e+04
6.984500e+02 1.309902e+04
6.984000e+02 1.309902e+04
6.983500e+02 1.309902e+04
6.983000e+02 1.309902e+04
6.982500e+02 1.309902e+04
6.982000e+02 1.309902e+04
6.981500e+02 1.309902e+04
6.981000e+02 1.309902e+04
6.980500e+02 1.309902e+04
6.980000e+02 1.309902e+04
6.979500e+02 1.309902e+04
6.979000e+02 1.309902e+04
6.978500e+02 1.309902e+04
6.978000e+02 1.309902e+04
6.977500e+02 1.309902e+04
6.977000e+02 1.309902e+04
6.976500e+02 1.309902e+04
6.976000e+02 1.309902e+04
6.975500e+02 1.309902e+04
6.975000e+02 1.309902e+04
6.974500e+02 1.309902e+04
6.974000e+02 1.309902e+04
6.973500e+02 1.309902e+04
6.973000e+02 1.309902e+04
6.972500e+02 1.309902e+04
6.972000e+02 1.309902e+04
6.971500e+02 1.309902e+04
6.971000e+02 1.309902e+04
6.970500e+02 1.309902e+04
6.970000e+02 1.309902e+04
6.969500e+02 1.309902e+04
6.969000e+02 1.309902e+04
6.968500e+02 1.309902e+04
6.968000e+02 1.309902e+04
6.967500e+02 1.309902e+04
6.967000e+02 1.309902e+04
6.966500e+02 1.309902e+04
6.966000e+02 1.309902e+04
6.965500e+02 1.309902e+04
6.965000e+02 1.309902e+04
6.964500e+02 1.309902e+04
6.964000e+02 1.309902e+04
6.963500e+02 1.309902e+04
6.963000e+02 1.309902e+04
6.962500e+02 1.309902e+04
6.962000e+02 1.309902e+04
6.961500e+02 1.309902e+04
6.961000e+02 1.309902e+04
6.960500e+02 1.309902e+04
6.960000e+02 1.309902e+04
6.959500e+02 1.309902e+04
6.959000e+02 1.309902e+04
6.958500e+02 1.309902e+04
6.958000e+02 1.309902e+04
6.957500e+02 1.309902e+04
6.957000e+02 1.309902e+04
6.956500e+02 1.309902e+04
6.956000e+02 1.309902e+04
6.955500e+02 1.309902e+04
6.955000e+02 1.309902e+04
6.954500e+02 1.309902e+04
6.954000e+02 1.309902e+04
6.953500e+02 1.309902e+04
6.953000e+02 1.309902e+04
6.952500e+02 1.309902e+04
6.952000e+02 1.309902e+04
6.951500e+02 1.309902e+04
6.951000e+02 1.309902e+04
6.950500e+02 1.309902e+04
6.950000e+02 1.309902e+04
6.949500e+02 1.309902e+04
6.949000e+02 1.309902e+04
6.948500e+02 1.309902e+04
6.948000e+02 1.309902e+04
6.947500e+02 1.309902e+04
6.947000e+02 1.309902e+04
6.946500e+02 1.309902e+04
6.946000e+02 1.309902e+04
6.945500e+02 1.309902e+04
6.945000e+02 1.309902e+04
6.944500e+02 1.309902e+04
6.944000e+02 1.309902e+04
6.943500e+02 1.309902e+04
6.943000e+02 1.309902e+04
6.942500e+02 1.309902e+04
6.942000e+02 1.309902e+04
6.941500e+02 1.309902e+04
6.941000e+02 1.309902e+04
6.940500e+02 1.309902e+04
6.940000e+02 1.309902e+04
