Ti2p TiO
4.990000e+02 4.212940e+02
4.989500e+02 4.307210e+02
4.989000e+02 4.401480e+02
4.988500e+02 4.418380e+02
4.988000e+02 4.435280e+02
4.987500e+02 4.371830e+02
4.987000e+02 4.308380e+02
4.986500e+02 4.382885e+02
4.986000e+02 4.457390e+02
4.985500e+02 4.348820e+02
4.985000e+02 4.240250e+02
4.984500e+02 4.290775e+02
4.984000e+02 4.341300e+02
4.983500e+02 4.264610e+02
4.983000e+02 4.187920e+02
4.982500e+02 4.234705e+02
4.982000e+02 4.281490e+02
4.981500e+02 4.414400e+02
4.981000e+02 4.547310e+02
4.980500e+02 4.473340e+02
4.980000e+02 4.399370e+02
4.979500e+02 4.400105e+02
4.979000e+02 4.400840e+02
4.978500e+02 4.362340e+02
4.978000e+02 4.323840e+02
4.977500e+02 4.323440e+02
4.977000e+02 4.323040e+02
4.976500e+02 4.364725e+02
4.976000e+02 4.406410e+02
4.975500e+02 4.437445e+02
4.975000e+02 4.468480e+02
4.974500e+02 4.365945e+02
4.974000e+02 4.263410e+02
4.973500e+02 4.268855e+02
4.973000e+02 4.274300e+02
4.972500e+02 4.303190e+02
4.972000e+02 4.332080e+02
4.971500e+02 4.290415e+02
4.971000e+02 4.248750e+02
4.970500e+02 4.284645e+02
4.970000e+02 4.320540e+02
4.969500e+02 4.261545e+02
4.969000e+02 4.202550e+02
4.968500e+02 4.282215e+02
4.968000e+02 4.361880e+02
4.967500e+02 4.368810e+02
4.967000e+02 4.375740e+02
4.966500e+02 4.402415e+02
4.966000e+02 4.429090e+02
4.965500e+02 4.403195e+02
4.965000e+02 4.377300e+02
4.964500e+02 4.298365e+02
4.964000e+02 4.219430e+02
4.963500e+02 4.172280e+02
4.963000e+02 4.125130e+02
4.962500e+02 4.242020e+02
4.962000e+02 4.358910e+02
4.961500e+02 4.336010e+02
4.961000e+02 4.313110e+02
4.960500e+02 4.320455e+02
4.960000e+02 4.327800e+02
4.959500e+02 4.331760e+02
4.959000e+02 4.335720e+02
4.958500e+02 4.258800e+02
4.958000e+02 4.181880e+02
4.957500e+02 4.140260e+02
4.957000e+02 4.098640e+02
4.956500e+02 4.159745e+02
4.956000e+02 4.220850e+02
4.955500e+02 4.241290e+02
4.955000e+02 4.261730e+02
4.954500e+02 4.352220e+02
4.954000e+02 4.442710e+02
4.953500e+02 4.295055e+02
4.953000e+02 4.147400e+02
4.952500e+02 4.254755e+02
4.952000e+02 4.362110e+02
4.951500e+02 4.313255e+02
4.951000e+02 4.264400e+02
4.950500e+02 4.245350e+02
4.950000e+02 4.226300e+02
4.949500e+02 4.211760e+02
4.949000e+02 4.197220e+02
4.948500e+02 4.265300e+02
4.948000e+02 4.333380e+02
4.947500e+02 4.350670e+02
4.947000e+02 4.367960e+02
4.946500e+02 4.368205e+02
4.946000e+02 4.368450e+02
4.945500e+02 4.335545e+02
4.945000e+02 4.302640e+02
4.944500e+02 4.198060e+02
4.944000e+02 4.093480e+02
4.943500e+02 4.089350e+02
4.943000e+02 4.085220e+02
4.942500e+02 4.232450e+02
4.942000e+02 4.379680e+02
4.941500e+02 4.417595e+02
4.941000e+02 4.455510e+02
4.940500e+02 4.421285e+02
4.940000e+02 4.387060e+02
4.939500e+02 4.405035e+02
4.939000e+02 4.423010e+02
4.938500e+02 4.394275e+02
4.938000e+02 4.365540e+02
4.937500e+02 4.321545e+02
4.937000e+02 4.277550e+02
4.936500e+02 4.362930e+02
4.936000e+02 4.448310e+02
4.935500e+02 4.505960e+02
4.935000e+02 4.563610e+02
4.934500e+02 4.479130e+02
4.934000e+02 4.394650e+02
4.933500e+02 4.448440e+02
4.933000e+02 4.502230e+02
4.932500e+02 4.471250e+02
4.932000e+02 4.440270e+02
4.931500e+02 4.403185e+02
4.931000e+02 4.366100e+02
4.930500e+02 4.394660e+02
4.930000e+02 4.423220e+02
4.929500e+02 4.455810e+02
4.929000e+02 4.488400e+02
4.928500e+02 4.459260e+02
4.928000e+02 4.430120e+02
4.927500e+02 4.452885e+02
4.927000e+02 4.475650e+02
4.926500e+02 4.450340e+02
4.926000e+02 4.425030e+02
4.925500e+02 4.370670e+02
4.925000e+02 4.316310e+02
4.924500e+02 4.367790e+02
4.924000e+02 4.419270e+02
4.923500e+02 4.406620e+02
4.923000e+02 4.393970e+02
4.922500e+02 4.428050e+02
4.922000e+02 4.462130e+02
4.921500e+02 4.414250e+02
4.921000e+02 4.366370e+02
4.920500e+02 4.340080e+02
4.920000e+02 4.313790e+02
4.919500e+02 4.353810e+02
4.919000e+02 4.393830e+02
4.918500e+02 4.386480e+02
4.918000e+02 4.379130e+02
4.917500e+02 4.374970e+02
4.917000e+02 4.370810e+02
4.916500e+02 4.442185e+02
4.916000e+02 4.513560e+02
4.915500e+02 4.466715e+02
4.915000e+02 4.419870e+02
4.914500e+02 4.379845e+02
4.914000e+02 4.339820e+02
4.913500e+02 4.348700e+02
4.913000e+02 4.357580e+02
4.912500e+02 4.370615e+02
4.912000e+02 4.383650e+02
4.911500e+02 4.393070e+02
4.911000e+02 4.402490e+02
4.910500e+02 4.407880e+02
4.910000e+02 4.413270e+02
4.909500e+02 4.557640e+02
4.909000e+02 4.702010e+02
4.908500e+02 4.659410e+02
4.908000e+02 4.616810e+02
4.907500e+02 4.634070e+02
4.907000e+02 4.651330e+02
4.906500e+02 4.611500e+02
4.906000e+02 4.571670e+02
4.905500e+02 4.547945e+02
4.905000e+02 4.524220e+02
4.904500e+02 4.516210e+02
4.904000e+02 4.508200e+02
4.903500e+02 4.579530e+02
4.903000e+02 4.650860e+02
4.902500e+02 4.631610e+02
4.902000e+02 4.612360e+02
4.901500e+02 4.602000e+02
4.901000e+02 4.591640e+02
4.900500e+02 4.532545e+02
4.900000e+02 4.473450e+02
4.899500e+02 4.483015e+02
4.899000e+02 4.492580e+02
4.898500e+02 4.544240e+02
4.898000e+02 4.595900e+02
4.897500e+02 4.590595e+02
4.897000e+02 4.585290e+02
4.896500e+02 4.658495e+02
4.896000e+02 4.731700e+02
4.895500e+02 4.751905e+02
4.895000e+02 4.772110e+02
4.894500e+02 4.682685e+02
4.894000e+02 4.593260e+02
4.893500e+02 4.596795e+02
4.893000e+02 4.600330e+02
4.892500e+02 4.598305e+02
4.892000e+02 4.596280e+02
4.891500e+02 4.524325e+02
4.891000e+02 4.452370e+02
4.890500e+02 4.490685e+02
4.890000e+02 4.529000e+02
4.889500e+02 4.578015e+02
4.889000e+02 4.627030e+02
4.888500e+02 4.609935e+02
4.888000e+02 4.592840e+02
4.887500e+02 4.555780e+02
4.887000e+02 4.518720e+02
4.886500e+02 4.540910e+02
4.886000e+02 4.563100e+02
4.885500e+02 4.627355e+02
4.885000e+02 4.691610e+02
4.884500e+02 4.683975e+02
4.884000e+02 4.676340e+02
4.883500e+02 4.715480e+02
4.883000e+02 4.754620e+02
4.882500e+02 4.749280e+02
4.882000e+02 4.743940e+02
4.881500e+02 4.655085e+02
4.881000e+02 4.566230e+02
4.880500e+02 4.633020e+02
4.880000e+02 4.699810e+02
4.879500e+02 4.752780e+02
4.879000e+02 4.805750e+02
4.878500e+02 4.842400e+02
4.878000e+02 4.879050e+02
4.877500e+02 4.820075e+02
4.877000e+02 4.761100e+02
4.876500e+02 4.740945e+02
4.876000e+02 4.720790e+02
4.875500e+02 4.804840e+02
4.875000e+02 4.888890e+02
4.874500e+02 4.856385e+02
4.874000e+02 4.823880e+02
4.873500e+02 4.778740e+02
4.873000e+02 4.733600e+02
4.872500e+02 4.794290e+02
4.872000e+02 4.854980e+02
4.871500e+02 4.877425e+02
4.871000e+02 4.899870e+02
4.870500e+02 4.881370e+02
4.870000e+02 4.862870e+02
4.869500e+02 4.931380e+02
4.869000e+02 4.999890e+02
4.868500e+02 4.996570e+02
4.868000e+02 4.993250e+02
4.867500e+02 5.015860e+02
4.867000e+02 5.038470e+02
4.866500e+02 4.998470e+02
4.866000e+02 4.958470e+02
4.865500e+02 4.840760e+02
4.865000e+02 4.723050e+02
4.864500e+02 4.839955e+02
4.864000e+02 4.956860e+02
4.863500e+02 4.830700e+02
4.863000e+02 4.704540e+02
4.862500e+02 4.636770e+02
4.862000e+02 4.569000e+02
4.861500e+02 4.635000e+02
4.861000e+02 4.701000e+02
4.860500e+02 4.736275e+02
4.860000e+02 4.771550e+02
4.859500e+02 4.828605e+02
4.859000e+02 4.885660e+02
4.858500e+02 4.949685e+02
4.858000e+02 5.013710e+02
4.857500e+02 4.943130e+02
4.857000e+02 4.872550e+02
4.856500e+02 4.891435e+02
4.856000e+02 4.910320e+02
4.855500e+02 4.883820e+02
4.855000e+02 4.857320e+02
4.854500e+02 4.951005e+02
4.854000e+02 5.044690e+02
4.853500e+02 5.017200e+02
4.853000e+02 4.989710e+02
4.852500e+02 4.932680e+02
4.852000e+02 4.875650e+02
4.851500e+02 4.914260e+02
4.851000e+02 4.952870e+02
4.850500e+02 4.936550e+02
4.850000e+02 4.920230e+02
4.849500e+02 5.038870e+02
4.849000e+02 5.157510e+02
4.848500e+02 5.199115e+02
4.848000e+02 5.240720e+02
4.847500e+02 5.228170e+02
4.847000e+02 5.215620e+02
4.846500e+02 5.166515e+02
4.846000e+02 5.117410e+02
4.845500e+02 5.160705e+02
4.845000e+02 5.204000e+02
4.844500e+02 5.120600e+02
4.844000e+02 5.037200e+02
4.843500e+02 5.071815e+02
4.843000e+02 5.106430e+02
4.842500e+02 5.119510e+02
4.842000e+02 5.132590e+02
4.841500e+02 5.151245e+02
4.841000e+02 5.169900e+02
4.840500e+02 5.170440e+02
4.840000e+02 5.170980e+02
4.839500e+02 5.143475e+02
4.839000e+02 5.115970e+02
4.838500e+02 5.130995e+02
4.838000e+02 5.146020e+02
4.837500e+02 5.164020e+02
4.837000e+02 5.182020e+02
4.836500e+02 5.149540e+02
4.836000e+02 5.117060e+02
4.835500e+02 5.184450e+02
4.835000e+02 5.251840e+02
4.834500e+02 5.215680e+02
4.834000e+02 5.179520e+02
4.833500e+02 5.177870e+02
4.833000e+02 5.176220e+02
4.832500e+02 5.209640e+02
4.832000e+02 5.243060e+02
4.831500e+02 5.163200e+02
4.831000e+02 5.083340e+02
4.830500e+02 5.124920e+02
4.830000e+02 5.166500e+02
4.829500e+02 5.186725e+02
4.829000e+02 5.206950e+02
4.828500e+02 5.243250e+02
4.828000e+02 5.279550e+02
4.827500e+02 5.286430e+02
4.827000e+02 5.293310e+02
4.826500e+02 5.315625e+02
4.826000e+02 5.337940e+02
4.825500e+02 5.333665e+02
4.825000e+02 5.329390e+02
4.824500e+02 5.252145e+02
4.824000e+02 5.174900e+02
4.823500e+02 5.226085e+02
4.823000e+02 5.277270e+02
4.822500e+02 5.330540e+02
4.822000e+02 5.383810e+02
4.821500e+02 5.358445e+02
4.821000e+02 5.333080e+02
4.820500e+02 5.274345e+02
4.820000e+02 5.215610e+02
4.819500e+02 5.330860e+02
4.819000e+02 5.446110e+02
4.818500e+02 5.359675e+02
4.818000e+02 5.273240e+02
4.817500e+02 5.298860e+02
4.817000e+02 5.324480e+02
4.816500e+02 5.513305e+02
4.816000e+02 5.702130e+02
4.815500e+02 5.666515e+02
4.815000e+02 5.630900e+02
4.814500e+02 5.524410e+02
4.814000e+02 5.417920e+02
4.813500e+02 5.423910e+02
4.813000e+02 5.429900e+02
4.812500e+02 5.511200e+02
4.812000e+02 5.592500e+02
4.811500e+02 5.524575e+02
4.811000e+02 5.456650e+02
4.810500e+02 5.444055e+02
4.810000e+02 5.431460e+02
4.809500e+02 5.347230e+02
4.809000e+02 5.263000e+02
4.808500e+02 5.319155e+02
4.808000e+02 5.375310e+02
4.807500e+02 5.549480e+02
4.807000e+02 5.723650e+02
4.806500e+02 5.639030e+02
4.806000e+02 5.554410e+02
4.805500e+02 5.525840e+02
4.805000e+02 5.497270e+02
4.804500e+02 5.504880e+02
4.804000e+02 5.512490e+02
4.803500e+02 5.499545e+02
4.803000e+02 5.486600e+02
4.802500e+02 5.499605e+02
4.802000e+02 5.512610e+02
4.801500e+02 5.574630e+02
4.801000e+02 5.636650e+02
4.800500e+02 5.699330e+02
4.800000e+02 5.762010e+02
4.799500e+02 5.767675e+02
4.799000e+02 5.773340e+02
4.798500e+02 5.724990e+02
4.798000e+02 5.676640e+02
4.797500e+02 5.607585e+02
4.797000e+02 5.538530e+02
4.796500e+02 5.563190e+02
4.796000e+02 5.587850e+02
4.795500e+02 5.715760e+02
4.795000e+02 5.843670e+02
4.794500e+02 5.830475e+02
4.794000e+02 5.817280e+02
4.793500e+02 5.735945e+02
4.793000e+02 5.654610e+02
4.792500e+02 5.704165e+02
4.792000e+02 5.753720e+02
4.791500e+02 5.688750e+02
4.791000e+02 5.623780e+02
4.790500e+02 5.631480e+02
4.790000e+02 5.639180e+02
4.789500e+02 5.611110e+02
4.789000e+02 5.583040e+02
4.788500e+02 5.562835e+02
4.788000e+02 5.542630e+02
4.787500e+02 5.515590e+02
4.787000e+02 5.488550e+02
4.786500e+02 5.544685e+02
4.786000e+02 5.600820e+02
4.785500e+02 5.735550e+02
4.785000e+02 5.870280e+02
4.784500e+02 5.907160e+02
4.784000e+02 5.944040e+02
4.783500e+02 5.884695e+02
4.783000e+02 5.825350e+02
4.782500e+02 5.775580e+02
4.782000e+02 5.725810e+02
4.781500e+02 5.716960e+02
4.781000e+02 5.708110e+02
4.780500e+02 5.640450e+02
4.780000e+02 5.572790e+02
4.779500e+02 5.653350e+02
4.779000e+02 5.733910e+02
4.778500e+02 5.707105e+02
4.778000e+02 5.680300e+02
4.777500e+02 5.640955e+02
4.777000e+02 5.601610e+02
4.776500e+02 5.836840e+02
4.776000e+02 6.072070e+02
4.775500e+02 6.021870e+02
4.775000e+02 5.971670e+02
4.774500e+02 5.879425e+02
4.774000e+02 5.787180e+02
4.773500e+02 5.821515e+02
4.773000e+02 5.855850e+02
4.772500e+02 5.920030e+02
4.772000e+02 5.984210e+02
4.771500e+02 5.894155e+02
4.771000e+02 5.804100e+02
4.770500e+02 5.786805e+02
4.770000e+02 5.769510e+02
4.769500e+02 5.807630e+02
4.769000e+02 5.845750e+02
4.768500e+02 5.740800e+02
4.768000e+02 5.635850e+02
4.767500e+02 5.635715e+02
4.767000e+02 5.635580e+02
4.766500e+02 5.804855e+02
4.766000e+02 5.974130e+02
4.765500e+02 5.948805e+02
4.765000e+02 5.923480e+02
4.764500e+02 5.955185e+02
4.764000e+02 5.986890e+02
4.763500e+02 5.948685e+02
4.763000e+02 5.910480e+02
4.762500e+02 5.833475e+02
4.762000e+02 5.756470e+02
4.761500e+02 5.688480e+02
4.761000e+02 5.620490e+02
4.760500e+02 5.733690e+02
4.760000e+02 5.846890e+02
4.759500e+02 5.990965e+02
4.759000e+02 6.135040e+02
4.758500e+02 6.089670e+02
4.758000e+02 6.044300e+02
4.757500e+02 5.972660e+02
4.757000e+02 5.901020e+02
4.756500e+02 5.943875e+02
4.756000e+02 5.986730e+02
4.755500e+02 5.980045e+02
4.755000e+02 5.973360e+02
4.754500e+02 5.949990e+02
4.754000e+02 5.926620e+02
4.753500e+02 5.866810e+02
4.753000e+02 5.807000e+02
4.752500e+02 5.823545e+02
4.752000e+02 5.840090e+02
4.751500e+02 5.983805e+02
4.751000e+02 6.127520e+02
4.750500e+02 6.088650e+02
4.750000e+02 6.049780e+02
4.749500e+02 5.980570e+02
4.749000e+02 5.911360e+02
4.748500e+02 5.866615e+02
4.748000e+02 5.821870e+02
4.747500e+02 5.819940e+02
4.747000e+02 5.818010e+02
4.746500e+02 5.824970e+02
4.746000e+02 5.831930e+02
4.745500e+02 5.953700e+02
4.745000e+02 6.075470e+02
4.744500e+02 6.164575e+02
4.744000e+02 6.253680e+02
4.743500e+02 6.206865e+02
4.743000e+02 6.160050e+02
4.742500e+02 6.132745e+02
4.742000e+02 6.105440e+02
4.741500e+02 6.085125e+02
4.741000e+02 6.064810e+02
4.740500e+02 6.094850e+02
4.740000e+02 6.124890e+02
4.739500e+02 6.118710e+02
4.739000e+02 6.112530e+02
4.738500e+02 5.990520e+02
4.738000e+02 5.868510e+02
4.737500e+02 6.052655e+02
4.737000e+02 6.236800e+02
4.736500e+02 6.226715e+02
4.736000e+02 6.216630e+02
4.735500e+02 6.202790e+02
4.735000e+02 6.188950e+02
4.734500e+02 6.099450e+02
4.734000e+02 6.009950e+02
4.733500e+02 5.990220e+02
4.733000e+02 5.970490e+02
4.732500e+02 5.944895e+02
4.732000e+02 5.919300e+02
4.731500e+02 5.935335e+02
4.731000e+02 5.951370e+02
4.730500e+02 5.991800e+02
4.730000e+02 6.032230e+02
4.729500e+02 5.997310e+02
4.729000e+02 5.962390e+02
4.728500e+02 5.916620e+02
4.728000e+02 5.870850e+02
4.727500e+02 5.857230e+02
4.727000e+02 5.843610e+02
4.726500e+02 6.017595e+02
4.726000e+02 6.191580e+02
4.725500e+02 6.188425e+02
4.725000e+02 6.185270e+02
4.724500e+02 6.188575e+02
4.724000e+02 6.191880e+02
4.723500e+02 6.128105e+02
4.723000e+02 6.064330e+02
4.722500e+02 6.044095e+02
4.722000e+02 6.023860e+02
4.721500e+02 6.013550e+02
4.721000e+02 6.003240e+02
4.720500e+02 5.948115e+02
4.720000e+02 5.892990e+02
4.719500e+02 5.833100e+02
4.719000e+02 5.773210e+02
4.718500e+02 5.785000e+02
4.718000e+02 5.796790e+02
4.717500e+02 5.870990e+02
4.717000e+02 5.945190e+02
4.716500e+02 6.004870e+02
4.716000e+02 6.064550e+02
4.715500e+02 6.050235e+02
4.715000e+02 6.035920e+02
4.714500e+02 5.981805e+02
4.714000e+02 5.927690e+02
4.713500e+02 5.927180e+02
4.713000e+02 5.926670e+02
4.712500e+02 5.950070e+02
4.712000e+02 5.973470e+02
4.711500e+02 5.977355e+02
4.711000e+02 5.981240e+02
4.710500e+02 6.058480e+02
4.710000e+02 6.135720e+02	
4.709500e+002	6.066430e+002		
4.709000e+002	5.964930e+002		
4.709000e+002	5.964930e+002		
4.708500e+002	5.891470e+002		
4.708000e+002	5.886930e+002		
4.708000e+002	5.886930e+002		
4.707500e+002	5.794320e+002		
4.707000e+002	5.818630e+002		
4.707000e+002	5.818630e+002		
4.706500e+002	5.907610e+002		
4.706000e+002	6.067590e+002		
4.706000e+002	6.067590e+002		
4.705500e+002	6.098060e+002		
4.705000e+002	5.961440e+002		
4.705000e+002	5.961440e+002		
4.704500e+002	5.927060e+002		
4.704000e+002	5.986960e+002		
4.704000e+002	5.986960e+002		
4.703500e+002	6.111890e+002		
4.703000e+002	6.062860e+002		
4.703000e+002	6.062860e+002		
4.702500e+002	5.994760e+002		
4.702000e+002	5.956820e+002		
4.702000e+002	5.956820e+002		
4.701500e+002	5.968520e+002		
4.701000e+002	5.970990e+002		
4.701000e+002	5.970990e+002		
4.700500e+002	5.985010e+002		
4.700000e+002	6.056910e+002		
4.700000e+002	6.056910e+002		
4.699500e+002	6.104700e+002		
4.699000e+002	5.938590e+002		
4.698500e+002	5.877740e+002		
4.698000e+002	5.964030e+002		
4.697500e+002	6.066070e+002		
4.697000e+002	5.949150e+002		
4.696500e+002	5.902410e+002		
4.696000e+002	5.876360e+002		
4.695500e+002	5.933280e+002		
4.695000e+002	6.067610e+002		
4.694500e+002	6.141150e+002		
4.694000e+002	6.076890e+002		
4.693500e+002	6.069100e+002		
4.693000e+002	6.044240e+002		
4.692500e+002	6.022500e+002		
4.692000e+002	5.969210e+002		
4.691500e+002	5.986950e+002		
4.691000e+002	5.969890e+002		
4.690500e+002	6.169190e+002		
4.690000e+002	6.303100e+002		
4.689500e+002	6.223910e+002		
4.689000e+002	6.070990e+002		
4.688500e+002	5.953360e+002		
4.688000e+002	5.872030e+002		
4.687500e+002	5.959830e+002		
4.687000e+002	6.057500e+002		
4.686500e+002	6.156770e+002		
4.686000e+002	6.256190e+002		
4.685500e+002	6.133860e+002		
4.685000e+002	6.059260e+002		
4.684500e+002	6.179720e+002		
4.684000e+002	6.251440e+002		
4.683500e+002	6.228400e+002		
4.683000e+002	6.273130e+002		
4.682500e+002	6.323500e+002		
4.682000e+002	6.320860e+002		
4.681500e+002	6.278430e+002		
4.681000e+002	6.334440e+002		
4.680500e+002	6.349830e+002		
4.680000e+002	6.449480e+002		
4.679500e+002	6.408850e+002		
4.679000e+002	6.367640e+002		
4.678500e+002	6.359800e+002		
4.678000e+002	6.413790e+002		
4.677500e+002	6.352100e+002		
4.677000e+002	6.378550e+002		
4.676500e+002	6.402680e+002		
4.676000e+002	6.360990e+002		
4.675500e+002	6.393700e+002		
4.675000e+002	6.526230e+002		
4.674500e+002	6.509360e+002		
4.674000e+002	6.414470e+002		
4.673500e+002	6.333690e+002		
4.673000e+002	6.326820e+002		
4.672500e+002	6.555280e+002		
4.672000e+002	6.635650e+002		
4.671500e+002	6.414910e+002		
4.671000e+002	6.352120e+002		
4.670500e+002	6.543070e+002		
4.670000e+002	6.603360e+002		
4.669500e+002	6.460610e+002		
4.669000e+002	6.339390e+002		
4.668500e+002	6.364680e+002		
4.668000e+002	6.543600e+002		
4.667500e+002	6.620700e+002		
4.667000e+002	6.647060e+002		
4.666500e+002	6.576520e+002		
4.666000e+002	6.596960e+002		
4.665500e+002	6.700680e+002		
4.665000e+002	6.570050e+002		
4.664500e+002	6.420710e+002		
4.664000e+002	6.398890e+002		
4.663500e+002	6.528690e+002		
4.663000e+002	6.471070e+002		
4.662500e+002	6.462740e+002		
4.662000e+002	6.508870e+002		
4.661500e+002	6.429820e+002		
4.661000e+002	6.500780e+002		
4.660500e+002	6.529980e+002		
4.660000e+002	6.479730e+002		
4.659500e+002	6.449300e+002		
4.659000e+002	6.424800e+002		
4.658500e+002	6.458960e+002		
4.658000e+002	6.412940e+002		
4.657500e+002	6.399460e+002		
4.657000e+002	6.217600e+002		
4.656500e+002	6.128650e+002		
4.656000e+002	6.336890e+002		
4.655500e+002	6.509120e+002		
4.655000e+002	6.413910e+002		
4.654500e+002	6.358650e+002		
4.654000e+002	6.426290e+002		
4.653500e+002	6.303950e+002		
4.653000e+002	6.251830e+002		
4.652500e+002	6.195370e+002		
4.652000e+002	5.973610e+002		
4.651500e+002	6.017960e+002		
4.651000e+002	6.119480e+002		
4.650500e+002	6.143910e+002		
4.650000e+002	6.035740e+002		
4.649500e+002	5.975740e+002		
4.649000e+002	6.116980e+002		
4.648500e+002	6.246800e+002		
4.648000e+002	6.065440e+002		
4.647500e+002	6.029350e+002		
4.647000e+002	5.985090e+002		
4.646500e+002	5.968830e+002		
4.646000e+002	6.115990e+002		
4.645500e+002	6.203420e+002		
4.645000e+002	6.135230e+002		
4.644500e+002	6.043260e+002		
4.644000e+002	5.900660e+002		
4.643500e+002	6.004940e+002		
4.643000e+002	6.068240e+002		
4.642500e+002	6.094880e+002		
4.642000e+002	6.136480e+002		
4.641500e+002	6.259650e+002		
4.641000e+002	6.302090e+002		
4.640500e+002	6.316930e+002		
4.640000e+002	6.314260e+002		
4.639500e+002	6.222860e+002		
4.639000e+002	6.162340e+002		
4.638500e+002	6.241950e+002		
4.638000e+002	6.172760e+002		
4.637500e+002	6.156010e+002		
4.637000e+002	6.128540e+002		
4.636500e+002	6.144980e+002		
4.636000e+002	6.191200e+002		
4.635500e+002	6.162760e+002		
4.635000e+002	6.162700e+002		
4.634500e+002	6.274900e+002		
4.634000e+002	6.303290e+002		
4.633500e+002	6.339820e+002		
4.633000e+002	6.421110e+002		
4.632500e+002	6.535650e+002		
4.632000e+002	6.611540e+002		
4.631500e+002	6.586730e+002		
4.631000e+002	6.490410e+002		
4.630500e+002	6.540100e+002		
4.630000e+002	6.534720e+002		
4.629500e+002	6.596000e+002		
4.629000e+002	6.729170e+002		
4.628500e+002	6.967570e+002		
4.628000e+002	6.996320e+002		
4.627500e+002	7.006050e+002		
4.627000e+002	7.226620e+002		
4.626500e+002	7.211150e+002		
4.626000e+002	7.073360e+002		
4.625500e+002	7.165770e+002		
4.625000e+002	7.245020e+002		
4.624500e+002	7.276070e+002		
4.624000e+002	7.385110e+002		
4.623500e+002	7.445710e+002		
4.623000e+002	7.626870e+002		
4.622500e+002	7.821490e+002		
4.622000e+002	7.866710e+002		
4.621500e+002	8.078250e+002		
4.621000e+002	8.434750e+002		
4.620500e+002	8.520800e+002		
4.620000e+002	8.614240e+002		
4.619500e+002	8.891270e+002		
4.619000e+002	9.172060e+002		
4.618500e+002	9.474630e+002		
4.618000e+002	9.720050e+002		
4.617500e+002	9.982120e+002		
4.617000e+002	1.028030e+003		
4.616500e+002	1.074520e+003		
4.616000e+002	1.085060e+003		
4.615500e+002	1.104140e+003		
4.615000e+002	1.127840e+003		
4.614500e+002	1.146890e+003		
4.614000e+002	1.180850e+003		
4.613500e+002	1.204020e+003		
4.613000e+002	1.205460e+003		
4.612500e+002	1.228780e+003		
4.612000e+002	1.242280e+003		
4.611500e+002	1.263490e+003		
4.611000e+002	1.289050e+003		
4.610500e+002	1.297930e+003		
4.610000e+002	1.306350e+003		
4.609500e+002	1.306820e+003		
4.609000e+002	1.311040e+003		
4.608500e+002	1.297790e+003		
4.608000e+002	1.283700e+003		
4.607500e+002	1.305610e+003		
4.607000e+002	1.318770e+003		
4.606500e+002	1.311910e+003		
4.606000e+002	1.291320e+003		
4.605500e+002	1.278790e+003		
4.605000e+002	1.281260e+003		
4.604500e+002	1.258340e+003		
4.604000e+002	1.239210e+003		
4.603500e+002	1.226520e+003		
4.603000e+002	1.203760e+003		
4.602500e+002	1.180800e+003		
4.602000e+002	1.158370e+003		
4.601500e+002	1.107570e+003		
4.601000e+002	1.078510e+003		
4.600500e+002	1.053420e+003		
4.600000e+002	1.020150e+003		
4.599500e+002	9.663840e+002		
4.599000e+002	9.289740e+002		
4.598500e+002	9.148150e+002		
4.598000e+002	8.893880e+002		
4.597500e+002	8.537860e+002		
4.597000e+002	8.243930e+002		
4.596500e+002	8.130640e+002		
4.596000e+002	7.920000e+002		
4.595500e+002	7.510930e+002		
4.595000e+002	7.140970e+002		
4.594500e+002	7.101050e+002		
4.594000e+002	6.955280e+002		
4.593500e+002	6.842220e+002		
4.593000e+002	6.855610e+002		
4.592500e+002	6.847200e+002		
4.592000e+002	6.682600e+002		
4.591500e+002	6.275870e+002		
4.591000e+002	6.314700e+002		
4.590500e+002	6.586230e+002		
4.590000e+002	6.370270e+002		
4.589500e+002	6.421040e+002		
4.589000e+002	6.407780e+002		
4.588500e+002	6.336310e+002		
4.588000e+002	6.345700e+002		
4.587500e+002	6.288730e+002		
4.587000e+002	6.181560e+002		
4.586500e+002	6.122790e+002		
4.586000e+002	5.997230e+002		
4.585500e+002	6.040390e+002		
4.585000e+002	6.290570e+002		
4.584500e+002	6.420820e+002		
4.584000e+002	6.208890e+002		
4.583500e+002	6.223570e+002		
4.583000e+002	6.298370e+002		
4.582500e+002	6.198950e+002		
4.582000e+002	6.222670e+002		
4.581500e+002	6.220230e+002		
4.581000e+002	6.201280e+002		
4.580500e+002	6.259510e+002		
4.580000e+002	6.318550e+002		
4.579500e+002	6.141990e+002		
4.579000e+002	6.146350e+002		
4.578500e+002	6.172100e+002		
4.578000e+002	5.988930e+002		
4.577500e+002	6.107670e+002		
4.577000e+002	6.289330e+002		
4.576500e+002	6.269560e+002		
4.576000e+002	6.132450e+002		
4.575500e+002	6.146390e+002		
4.575000e+002	6.261440e+002		
4.574500e+002	6.255420e+002		
4.574000e+002	6.285110e+002		
4.573500e+002	6.328680e+002		
4.573000e+002	6.272990e+002		
4.572500e+002	6.194940e+002		
4.572000e+002	6.274660e+002		
4.571500e+002	6.300580e+002		
4.571000e+002	6.382790e+002		
4.570500e+002	6.598780e+002		
4.570000e+002	6.569000e+002		
4.569500e+002	6.465940e+002		
4.569000e+002	6.648710e+002		
4.568500e+002	6.836590e+002		
4.568000e+002	6.821190e+002		
4.567500e+002	6.810450e+002		
4.567000e+002	6.918030e+002		
4.566500e+002	7.062420e+002		
4.566000e+002	7.114380e+002		
4.565500e+002	7.063740e+002		
4.565000e+002	7.225470e+002		
4.564500e+002	7.628500e+002		
4.564000e+002	7.797100e+002		
4.563500e+002	7.967850e+002		
4.563000e+002	8.183870e+002		
4.562500e+002	8.195160e+002		
4.562000e+002	8.415780e+002		
4.561500e+002	8.650990e+002		
4.561000e+002	8.698940e+002		
4.560500e+002	9.008250e+002		
4.560000e+002	9.538210e+002		
4.559500e+002	9.760820e+002		
4.559000e+002	1.014670e+003		
4.558500e+002	1.053070e+003		
4.558000e+002	1.098150e+003		
4.557500e+002	1.141380e+003		
4.557000e+002	1.180550e+003		
4.556500e+002	1.223690e+003		
4.556000e+002	1.290650e+003		
4.555500e+002	1.350410e+003		
4.555000e+002	1.413900e+003		
4.554500e+002	1.470940e+003		
4.554000e+002	1.522830e+003		
4.553500e+002	1.606210e+003		
4.553000e+002	1.683650e+003		
4.552500e+002	1.750500e+003		
4.552000e+002	1.805370e+003		
4.551500e+002	1.844150e+003		
4.551000e+002	1.882090e+003		
4.550500e+002	1.911790e+003		
4.550000e+002	1.937360e+003		
4.549500e+002	1.935100e+003		
4.549000e+002	1.902050e+003		
4.548500e+002	1.867200e+003		
4.548000e+002	1.820490e+003		
4.547500e+002	1.769300e+003		
4.547000e+002	1.733010e+003		
4.546500e+002	1.703260e+003		
4.546000e+002	1.674200e+003		
4.545500e+002	1.627170e+003		
4.545000e+002	1.594210e+003		
4.544500e+002	1.564900e+003		
4.544000e+002	1.532430e+003		
4.543500e+002	1.480000e+003		
4.543000e+002	1.412550e+003		
4.542500e+002	1.341550e+003		
4.542000e+002	1.276980e+003		
4.541500e+002	1.208530e+003		
4.541000e+002	1.103070e+003		
4.540500e+002	9.919700e+002		
4.540000e+002	8.988670e+002		
4.539500e+002	8.013150e+002		
4.539000e+002	6.930390e+002		
4.538500e+002	6.071060e+002		
4.538000e+002	5.243060e+002		
4.537500e+002	4.309640e+002		
4.537000e+002	3.609970e+002		
4.536500e+002	3.168910e+002		
4.536000e+002	2.653840e+002		
4.535500e+002	2.186630e+002		
4.535000e+002	1.845990e+002		
4.534500e+002	1.632760e+002		
4.534000e+002	1.467270e+002		
4.533500e+002	1.282820e+002		
4.533000e+002	1.157200e+002		
4.532500e+002	1.022060e+002		
4.532000e+002	8.435990e+001		
4.531500e+002	7.634190e+001		
4.531000e+002	7.325800e+001		
4.530500e+002	6.891790e+001		
4.530000e+002	6.518070e+001		
4.529500e+002	5.623140e+001		
4.529000e+002	4.967460e+001		
4.528500e+002	5.215790e+001		
4.528000e+002	4.977470e+001		
4.527500e+002	4.605030e+001		
4.527000e+002	3.644110e+001		
4.526500e+002	2.956190e+001		
4.526000e+002	3.245560e+001		
4.525500e+002	3.298760e+001		
4.525000e+002	3.160810e+001		
4.524500e+002	3.180270e+001		
4.524000e+002	3.380700e+001		
4.523500e+002	3.583120e+001		
4.523000e+002	2.972570e+001		
4.522500e+002	2.434490e+001		
4.522000e+002	2.191940e+001		
4.521500e+002	2.510650e+001		
4.521000e+002	3.070350e+001		
4.520500e+002	2.861870e+001		
4.520000e+002	2.132050e+001		
4.519500e+002	2.428620e+001		
4.519000e+002	2.378600e+001		
4.518500e+002	2.161900e+001		
4.518000e+002	1.780640e+001		
4.517500e+002	1.634730e+001		
4.517000e+002	1.805220e+001		
4.516500e+002	2.080060e+001		
4.516000e+002	2.073550e+001		
4.515500e+002	1.923280e+001		
4.515000e+002	1.363580e+001		
4.514500e+002	1.425180e+001		
4.514000e+002	1.274280e+001		
4.513500e+002	1.146800e+001		
4.513000e+002	9.252570e+000		
4.512500e+002	1.180990e+001		
4.512000e+002	1.788250e+001		
4.511500e+002	2.253860e+001		
4.511000e+002	2.110590e+001		
4.510500e+002	1.853130e+001		
4.510000e+002	1.618240e+001		
4.509500e+002	1.408970e+001		
4.509000e+002	1.702040e+001		
4.508500e+002	1.461670e+001		
4.508000e+002	9.605970e+000		
4.507500e+002	9.162770e+000		
4.507000e+002	1.114500e+001		
4.506500e+002	9.838350e+000		
4.506000e+002	1.270760e+001		
4.505500e+002	1.494640e+001		
4.505000e+002	1.637680e+001		
4.504500e+002	1.382080e+001		
4.504000e+002	9.754380e+000		
4.503500e+002	6.886930e+000		
4.503000e+002	6.697210e+000		
4.502500e+002	8.238450e+000		
4.502000e+002	7.370870e+000		
4.501500e+002	6.432680e+000		
4.501000e+002	5.210110e+000		
4.500500e+002	4.526990e+000		
4.500000e+002	8.728310e+000		
4.499500e+002	9.368100e+000		
4.499000e+002	3.622900e+000		
4.498500e+002	3.039280e+000		
4.498000e+002	3.177430e+000		
4.497500e+002	4.202030e+000		
4.497000e+002	1.476990e+000		
4.496500e+002	6.186830e+000		
4.496000e+002	9.762060e+000		
4.495500e+002	7.327390e+000		
4.495000e+002	5.904470e+000		
4.494500e+002	5.527730e+000		
4.494000e+002	5.992460e+000		
4.493500e+002	1.449370e+000		
4.493000e+002	3.909650e+000		
4.492500e+002	6.362270e+000		
4.492000e+002	5.081570e+000		
4.491500e+002	4.989030e+000		
4.491000e+002	6.532620e+000		
4.490500e+002	7.413510e+000		
4.490000e+002	6.633760e+000		
4.489500e+002	5.792970e+000		
4.489000e+002	4.391550e+000		
4.488500e+002	4.024560e+000		
4.488000e+002	8.170910e-002		
4.487500e+002	-1.303780e+000		
4.487000e+002	-4.881580e-001		
4.486500e+002	2.337270e+000		
4.486000e+002	3.973290e+000		
4.485500e+002	3.987570e-003		
4.485000e+002	1.925590e+000		
4.484500e+002	7.030950e+000		
4.484000e+002	5.790070e+000		
4.483500e+002	2.500040e+000		
4.483000e+002	2.197490e+000		
4.482500e+002	6.773440e-001		
4.482000e+002	-8.092040e-002		
4.481500e+002	1.756950e+000		
4.481000e+002	4.777300e+000		
4.480500e+002	4.945520e+000		
4.480000e+002	8.751290e+000		
4.479500e+002	8.182760e+000		
4.479000e+002	3.218840e+000		
4.478500e+002	1.875030e-001		
4.478000e+002	-1.353270e+000		
4.477500e+002	2.134010e+000		
4.477000e+002	-1.813480e+000		
4.476500e+002	6.455250e-001		
4.476000e+002	1.846400e+000		
4.475500e+002	-1.180180e+000		
4.475000e+002	3.181720e+000		
4.474500e+002	5.590110e+000		
4.474000e+002	1.008070e+000		
4.473500e+002	-1.821370e+000		
4.473000e+002	0.000000e+000		
4.472500e+002	0.000000e+000		
4.472000e+002	0.000000e+000		
4.471500e+002	0.000000e+000		
4.471000e+002	0.000000e+000		
4.470500e+002	0.000000e+000		
4.470000e+002	0.000000e+000		
4.469500e+002	0.000000e+000		
4.469000e+002	0.000000e+000		
4.468500e+002	0.000000e+000		
4.468000e+002	0.000000e+000		
4.467500e+002	0.000000e+000		
4.467000e+002	0.000000e+000		
4.466500e+002	0.000000e+000		
4.466000e+002	0.000000e+000		
4.465500e+002	0.000000e+000		
4.465000e+002	0.000000e+000		
4.464500e+002	0.000000e+000		
4.464000e+002	0.000000e+000		
4.463500e+002	0.000000e+000		
4.463000e+002	0.000000e+000		
4.462500e+002	0.000000e+000		
4.462000e+002	0.000000e+000