Fe2p Fe2O3
7.500000e+002	1.862011e+004		
7.499500e+002	1.862011e+004		
7.499000e+002	1.864389e+004		
7.498500e+002	1.864389e+004		
7.498000e+002	1.887844e+004		
7.497500e+002	1.887844e+004		
7.497000e+002	1.882367e+004		
7.496500e+002	1.882367e+004		
7.496000e+002	1.883789e+004		
7.495500e+002	1.883789e+004		
7.495000e+002	1.901522e+004		
7.494500e+002	1.901522e+004		
7.494000e+002	1.891555e+004		
7.493500e+002	1.891555e+004		
7.493000e+002	1.884855e+004		
7.492500e+002	1.884855e+004		
7.492000e+002	1.902489e+004		
7.491500e+002	1.902489e+004		
7.491000e+002	1.885766e+004		
7.490500e+002	1.885766e+004		
7.490000e+002	1.895855e+004		
7.489500e+002	1.895855e+004		
7.489000e+002	1.896000e+004		
7.488500e+002	1.896000e+004		
7.488000e+002	1.913155e+004		
7.487500e+002	1.913155e+004		
7.487000e+002	1.923855e+004		
7.486500e+002	1.923855e+004		
7.486000e+002	1.910578e+004		
7.485500e+002	1.910578e+004		
7.485000e+002	1.908089e+004		
7.484500e+002	1.908089e+004		
7.484000e+002	1.920156e+004		
7.483500e+002	1.920156e+004		
7.483000e+002	1.917089e+004		
7.482500e+002	1.917089e+004		
7.482000e+002	1.926656e+004		
7.481500e+002	1.926656e+004		
7.481000e+002	1.925900e+004		
7.480500e+002	1.925900e+004		
7.480000e+002	1.920522e+004		
7.479500e+002	1.920522e+004		
7.479000e+002	1.905822e+004		
7.478500e+002	1.905822e+004		
7.478000e+002	1.924645e+004		
7.477500e+002	1.924645e+004		
7.477000e+002	1.936311e+004		
7.476500e+002	1.936311e+004		
7.476000e+002	1.922489e+004		
7.475500e+002	1.922489e+004		
7.475000e+002	1.929500e+004		
7.474500e+002	1.929500e+004		
7.474000e+002	1.919011e+004		
7.473500e+002	1.919011e+004		
7.473000e+002	1.944033e+004		
7.472500e+002	1.944033e+004		
7.472000e+002	1.922355e+004		
7.471500e+002	1.922355e+004		
7.471000e+002	1.915600e+004		
7.470500e+002	1.915600e+004		
7.470000e+002	1.901733e+004		
7.469500e+002	1.901733e+004		
7.469000e+002	1.901900e+004		
7.468500e+002	1.901900e+004		
7.468000e+002	1.910667e+004		
7.467500e+002	1.910667e+004		
7.467000e+002	1.921033e+004		
7.466500e+002	1.921033e+004		
7.466000e+002	1.944889e+004		
7.465500e+002	1.944889e+004		
7.465000e+002	1.943578e+004		
7.464500e+002	1.943578e+004		
7.464000e+002	1.944156e+004		
7.463500e+002	1.944156e+004		
7.463000e+002	1.940233e+004		
7.462500e+002	1.940233e+004		
7.462000e+002	1.925400e+004		
7.461500e+002	1.925400e+004		
7.461000e+002	1.913456e+004		
7.460500e+002	1.913456e+004		
7.460000e+002	1.920522e+004		
7.459500e+002	1.920522e+004		
7.459000e+002	1.937622e+004		
7.458500e+002	1.937622e+004		
7.458000e+002	1.925511e+004		
7.457500e+002	1.925511e+004		
7.457000e+002	1.924578e+004		
7.456500e+002	1.924578e+004		
7.456000e+002	1.923656e+004		
7.455500e+002	1.923656e+004		
7.455000e+002	1.945567e+004		
7.454500e+002	1.945567e+004		
7.454000e+002	1.941044e+004		
7.453500e+002	1.941044e+004		
7.453000e+002	1.942222e+004		
7.452500e+002	1.942222e+004		
7.452000e+002	1.960655e+004		
7.451500e+002	1.960655e+004		
7.451000e+002	1.955678e+004		
7.450500e+002	1.955678e+004		
7.450000e+002	1.978867e+004		
7.449500e+002	1.978867e+004		
7.449000e+002	1.979622e+004		
7.448500e+002	1.979622e+004		
7.448000e+002	1.990422e+004		
7.447500e+002	1.990422e+004		
7.447000e+002	1.980800e+004		
7.446500e+002	1.980800e+004		
7.446000e+002	1.984811e+004		
7.445500e+002	1.984811e+004		
7.445000e+002	1.978333e+004		
7.444500e+002	1.978333e+004		
7.444000e+002	1.998844e+004		
7.443500e+002	1.998844e+004		
7.443000e+002	1.995766e+004		
7.442500e+002	1.995766e+004		
7.442000e+002	2.013822e+004		
7.441500e+002	2.013822e+004		
7.441000e+002	2.026622e+004		
7.440500e+002	2.026622e+004		
7.440000e+002	2.045478e+004		
7.439500e+002	2.045478e+004		
7.439000e+002	2.046766e+004		
7.438500e+002	2.046766e+004		
7.438000e+002	2.055622e+004		
7.437500e+002	2.055622e+004		
7.437000e+002	2.067922e+004		
7.436500e+002	2.067922e+004		
7.436000e+002	2.085555e+004		
7.435500e+002	2.085555e+004		
7.435000e+002	2.065522e+004		
7.434500e+002	2.065522e+004		
7.434000e+002	2.090289e+004		
7.433500e+002	2.090289e+004		
7.433000e+002	2.086811e+004		
7.432500e+002	2.086811e+004		
7.432000e+002	2.094133e+004		
7.431500e+002	2.094133e+004		
7.431000e+002	2.093144e+004		
7.430500e+002	2.093144e+004		
7.430000e+002	2.092456e+004		
7.429500e+002	2.092456e+004		
7.429000e+002	2.108533e+004		
7.428500e+002	2.108533e+004		
7.428000e+002	2.096867e+004		
7.427500e+002	2.096867e+004		
7.427000e+002	2.102378e+004		
7.426500e+002	2.102378e+004		
7.426000e+002	2.101078e+004		
7.425500e+002	2.101078e+004		
7.425000e+002	2.104722e+004		
7.424500e+002	2.104722e+004		
7.424000e+002	2.109211e+004		
7.423500e+002	2.109211e+004		
7.423000e+002	2.098544e+004		
7.422500e+002	2.098544e+004		
7.422000e+002	2.117333e+004		
7.421500e+002	2.117333e+004		
7.421000e+002	2.129956e+004		
7.420500e+002	2.129956e+004		
7.420000e+002	2.109300e+004		
7.419500e+002	2.109300e+004		
7.419000e+002	2.108933e+004		
7.418500e+002	2.108933e+004		
7.418000e+002	2.104444e+004		
7.417500e+002	2.104444e+004		
7.417000e+002	2.101766e+004		
7.416500e+002	2.101766e+004		
7.416000e+002	2.078667e+004		
7.415500e+002	2.078667e+004		
7.415000e+002	2.082189e+004		
7.414500e+002	2.082189e+004		
7.414000e+002	2.080756e+004		
7.413500e+002	2.080756e+004		
7.413000e+002	2.084400e+004		
7.412500e+002	2.084400e+004		
7.412000e+002	2.060211e+004		
7.411500e+002	2.060211e+004		
7.411000e+002	2.083344e+004		
7.410500e+002	2.083344e+004		
7.410000e+002	2.084956e+004		
7.409500e+002	2.084956e+004		
7.409000e+002	2.045522e+004		
7.408500e+002	2.045522e+004		
7.408000e+002	2.034789e+004		
7.407500e+002	2.034789e+004		
7.407000e+002	2.058478e+004		
7.406500e+002	2.058478e+004		
7.406000e+002	2.049756e+004		
7.405500e+002	2.049756e+004		
7.405000e+002	2.043400e+004		
7.404500e+002	2.043400e+004		
7.404000e+002	2.032855e+004		
7.403500e+002	2.032855e+004		
7.403000e+002	2.031244e+004		
7.402500e+002	2.031244e+004		
7.402000e+002	2.022189e+004		
7.401500e+002	2.022189e+004		
7.401000e+002	2.009533e+004		
7.400500e+002	2.009533e+004		
7.400000e+002	2.041755e+004		
7.399500e+002	2.041755e+004		
7.399000e+002	2.050255e+004		
7.398500e+002	2.050255e+004		
7.398000e+002	2.035578e+004		
7.397500e+002	2.035578e+004		
7.397000e+002	2.030133e+004		
7.396500e+002	2.030133e+004		
7.396000e+002	2.047022e+004		
7.395500e+002	2.047022e+004		
7.395000e+002	2.008078e+004		
7.394500e+002	2.008078e+004		
7.394000e+002	2.009222e+004		
7.393500e+002	2.009222e+004		
7.393000e+002	2.037433e+004		
7.392500e+002	2.037433e+004		
7.392000e+002	2.020633e+004		
7.391500e+002	2.020633e+004		
7.391000e+002	2.014844e+004		
7.390500e+002	2.014844e+004		
7.390000e+002	1.986244e+004		
7.389500e+002	1.986244e+004		
7.389000e+002	2.003833e+004		
7.388500e+002	2.003833e+004		
7.388000e+002	2.024889e+004		
7.387500e+002	2.024889e+004		
7.387000e+002	2.013244e+004		
7.386500e+002	2.013244e+004		
7.386000e+002	2.041267e+004		
7.385500e+002	2.041267e+004		
7.385000e+002	2.015322e+004		
7.384500e+002	2.015322e+004		
7.384000e+002	2.032422e+004		
7.383500e+002	2.032422e+004		
7.383000e+002	2.068467e+004		
7.382500e+002	2.068467e+004		
7.382000e+002	2.037167e+004		
7.381500e+002	2.037167e+004		
7.381000e+002	2.036333e+004		
7.380500e+002	2.036333e+004		
7.380000e+002	2.031433e+004		
7.379500e+002	2.031433e+004		
7.379000e+002	2.051156e+004		
7.378500e+002	2.051156e+004		
7.378000e+002	2.061278e+004		
7.377500e+002	2.061278e+004		
7.377000e+002	2.066656e+004		
7.376500e+002	2.066656e+004		
7.376000e+002	2.090000e+004		
7.375500e+002	2.090000e+004		
7.375000e+002	2.085500e+004		
7.374500e+002	2.085500e+004		
7.374000e+002	2.081700e+004		
7.373500e+002	2.081700e+004		
7.373000e+002	2.102678e+004		
7.372500e+002	2.102678e+004		
7.372000e+002	2.086922e+004		
7.371500e+002	2.086922e+004		
7.371000e+002	2.091811e+004		
7.370500e+002	2.091811e+004		
7.370000e+002	2.099822e+004		
7.369500e+002	2.099822e+004		
7.369000e+002	2.124767e+004		
7.368500e+002	2.124767e+004		
7.368000e+002	2.129266e+004		
7.367500e+002	2.129266e+004		
7.367000e+002	2.127178e+004		
7.366500e+002	2.127178e+004		
7.366000e+002	2.127078e+004		
7.365500e+002	2.127078e+004		
7.365000e+002	2.151967e+004		
7.364500e+002	2.151967e+004		
7.364000e+002	2.137022e+004		
7.363500e+002	2.137022e+004		
7.363000e+002	2.149533e+004		
7.362500e+002	2.149533e+004		
7.362000e+002	2.155756e+004		
7.361500e+002	2.155756e+004		
7.361000e+002	2.153978e+004		
7.360500e+002	2.153978e+004		
7.360000e+002	2.154800e+004		
7.359500e+002	2.154800e+004		
7.359000e+002	2.153645e+004		
7.358500e+002	2.153645e+004		
7.358000e+002	2.160511e+004		
7.357500e+002	2.160511e+004		
7.357000e+002	2.171055e+004		
7.356500e+002	2.171055e+004		
7.356000e+002	2.176244e+004		
7.355500e+002	2.176244e+004		
7.355000e+002	2.201800e+004		
7.354500e+002	2.201800e+004		
7.354000e+002	2.207767e+004		
7.353500e+002	2.207767e+004		
7.353000e+002	2.235156e+004		
7.352500e+002	2.235156e+004		
7.352000e+002	2.218522e+004		
7.351500e+002	2.218522e+004		
7.351000e+002	2.248589e+004		
7.350500e+002	2.248589e+004		
7.350000e+002	2.237322e+004		
7.349500e+002	2.237322e+004		
7.349000e+002	2.238878e+004		
7.348500e+002	2.238878e+004		
7.348000e+002	2.239867e+004		
7.347500e+002	2.239867e+004		
7.347000e+002	2.274378e+004		
7.346500e+002	2.274378e+004		
7.346000e+002	2.297400e+004		
7.345500e+002	2.297400e+004		
7.345000e+002	2.280233e+004		
7.344500e+002	2.280233e+004		
7.344000e+002	2.305200e+004		
7.343500e+002	2.305200e+004		
7.343000e+002	2.315300e+004		
7.342500e+002	2.315300e+004		
7.342000e+002	2.336289e+004		
7.341500e+002	2.336289e+004		
7.341000e+002	2.318777e+004		
7.340500e+002	2.318777e+004		
7.340000e+002	2.322033e+004		
7.339500e+002	2.322033e+004		
7.339000e+002	2.331444e+004		
7.338500e+002	2.331444e+004		
7.338000e+002	2.351322e+004		
7.337500e+002	2.351322e+004		
7.337000e+002	2.358633e+004		
7.336500e+002	2.358633e+004		
7.336000e+002	2.344278e+004		
7.335500e+002	2.344278e+004		
7.335000e+002	2.388344e+004		
7.334500e+002	2.388344e+004		
7.334000e+002	2.374489e+004		
7.333500e+002	2.374489e+004		
7.333000e+002	2.369611e+004		
7.332500e+002	2.369611e+004		
7.332000e+002	2.359111e+004		
7.331500e+002	2.359111e+004		
7.331000e+002	2.382278e+004		
7.330500e+002	2.382278e+004		
7.330000e+002	2.380333e+004		
7.329500e+002	2.380333e+004		
7.329000e+002	2.376867e+004		
7.328500e+002	2.376867e+004		
7.328000e+002	2.373333e+004		
7.327500e+002	2.373333e+004		
7.327000e+002	2.377856e+004		
7.326500e+002	2.377856e+004		
7.326000e+002	2.402555e+004		
7.325500e+002	2.402555e+004		
7.325000e+002	2.385000e+004		
7.324500e+002	2.385000e+004		
7.324000e+002	2.402033e+004		
7.323500e+002	2.402033e+004		
7.323000e+002	2.416644e+004		
7.322500e+002	2.416644e+004		
7.322000e+002	2.389889e+004		
7.321500e+002	2.389889e+004		
7.321000e+002	2.392378e+004		
7.320500e+002	2.392378e+004		
7.320000e+002	2.393622e+004		
7.319500e+002	2.393622e+004		
7.319000e+002	2.392800e+004		
7.318500e+002	2.392800e+004		
7.318000e+002	2.388978e+004		
7.317500e+002	2.388978e+004		
7.317000e+002	2.375766e+004		
7.316500e+002	2.375766e+004		
7.316000e+002	2.371311e+004		
7.315500e+002	2.371311e+004		
7.315000e+002	2.342289e+004		
7.314500e+002	2.342289e+004		
7.314000e+002	2.361467e+004		
7.313500e+002	2.361467e+004		
7.313000e+002	2.362933e+004		
7.312500e+002	2.362933e+004		
7.312000e+002	2.355645e+004		
7.311500e+002	2.355645e+004		
7.311000e+002	2.340645e+004		
7.310500e+002	2.340645e+004		
7.310000e+002	2.340589e+004		
7.309500e+002	2.340589e+004		
7.309000e+002	2.333078e+004		
7.308500e+002	2.333078e+004		
7.308000e+002	2.352778e+004		
7.307500e+002	2.352778e+004		
7.307000e+002	2.334689e+004		
7.306500e+002	2.334689e+004		
7.306000e+002	2.311600e+004		
7.305500e+002	2.311600e+004		
7.305000e+002	2.324456e+004		
7.304500e+002	2.324456e+004		
7.304000e+002	2.327500e+004		
7.303500e+002	2.327500e+004		
7.303000e+002	2.311600e+004		
7.302500e+002	2.311600e+004		
7.302000e+002	2.345711e+004		
7.301500e+002	2.345711e+004		
7.301000e+002	2.321211e+004		
7.300500e+002	2.321211e+004		
7.300000e+002	2.330944e+004		
7.299500e+002	2.330944e+004		
7.299000e+002	2.358911e+004		
7.298500e+002	2.358911e+004		
7.298000e+002	2.335322e+004		
7.297500e+002	2.335322e+004		
7.297000e+002	2.357922e+004		
7.296500e+002	2.357922e+004		
7.296000e+002	2.338611e+004		
7.295500e+002	2.338611e+004		
7.295000e+002	2.342111e+004		
7.294500e+002	2.342111e+004		
7.294000e+002	2.341011e+004		
7.293500e+002	2.341011e+004		
7.293000e+002	2.348055e+004		
7.292500e+002	2.348055e+004		
7.292000e+002	2.357733e+004		
7.291500e+002	2.357733e+004		
7.291000e+002	2.373233e+004		
7.290500e+002	2.373233e+004		
7.290000e+002	2.384956e+004		
7.289500e+002	2.384956e+004		
7.289000e+002	2.403456e+004		
7.288500e+002	2.403456e+004		
7.288000e+002	2.417567e+004		
7.287500e+002	2.417567e+004		
7.287000e+002	2.421245e+004		
7.286500e+002	2.421245e+004		
7.286000e+002	2.434478e+004		
7.285500e+002	2.434478e+004		
7.285000e+002	2.435766e+004		
7.284500e+002	2.435766e+004		
7.284000e+002	2.463800e+004		
7.283500e+002	2.463800e+004		
7.283000e+002	2.496277e+004		
7.282500e+002	2.496277e+004		
7.282000e+002	2.496767e+004		
7.281500e+002	2.496767e+004		
7.281000e+002	2.524856e+004		
7.280500e+002	2.524856e+004		
7.280000e+002	2.514578e+004		
7.279500e+002	2.514578e+004		
7.279000e+002	2.540800e+004		
7.278500e+002	2.540800e+004		
7.278000e+002	2.559533e+004		
7.277500e+002	2.559533e+004		
7.277000e+002	2.572378e+004		
7.276500e+002	2.572378e+004		
7.276000e+002	2.589167e+004		
7.275500e+002	2.589167e+004		
7.275000e+002	2.624189e+004		
7.274500e+002	2.624189e+004		
7.274000e+002	2.612744e+004		
7.273500e+002	2.612744e+004		
7.273000e+002	2.635755e+004		
7.272500e+002	2.635755e+004		
7.272000e+002	2.701245e+004		
7.271500e+002	2.701245e+004		
7.271000e+002	2.717611e+004		
7.270500e+002	2.717611e+004		
7.270000e+002	2.726833e+004		
7.269500e+002	2.726833e+004		
7.269000e+002	2.748811e+004		
7.268500e+002	2.748811e+004		
7.268000e+002	2.774933e+004		
7.267500e+002	2.774933e+004		
7.267000e+002	2.768622e+004		
7.266500e+002	2.768622e+004		
7.266000e+002	2.794100e+004		
7.265500e+002	2.794100e+004		
7.265000e+002	2.810189e+004		
7.264500e+002	2.810189e+004		
7.264000e+002	2.810678e+004		
7.263500e+002	2.810678e+004		
7.263000e+002	2.866544e+004		
7.262500e+002	2.866544e+004		
7.262000e+002	2.879989e+004		
7.261500e+002	2.879989e+004		
7.261000e+002	2.922578e+004		
7.260500e+002	2.922578e+004		
7.260000e+002	2.946089e+004		
7.259500e+002	2.946089e+004		
7.259000e+002	2.969889e+004		
7.258500e+002	2.969889e+004		
7.258000e+002	2.967711e+004		
7.257500e+002	2.967711e+004		
7.257000e+002	3.018289e+004		
7.256500e+002	3.018289e+004		
7.256000e+002	3.025744e+004		
7.255500e+002	3.025744e+004		
7.255000e+002	3.073467e+004		
7.254500e+002	3.073467e+004		
7.254000e+002	3.079089e+004		
7.253500e+002	3.079089e+004		
7.253000e+002	3.105244e+004		
7.252500e+002	3.105244e+004		
7.252000e+002	3.130056e+004		
7.251500e+002	3.130056e+004		
7.251000e+002	3.136822e+004		
7.250500e+002	3.136822e+004		
7.250000e+002	3.148200e+004		
7.249500e+002	3.148200e+004		
7.249000e+002	3.200289e+004		
7.248500e+002	3.200289e+004		
7.248000e+002	3.223389e+004		
7.247500e+002	3.223389e+004		
7.247000e+002	3.221744e+004		
7.246500e+002	3.221744e+004		
7.246000e+002	3.244133e+004		
7.245500e+002	3.244133e+004		
7.245000e+002	3.254978e+004		
7.244500e+002	3.254978e+004		
7.244000e+002	3.260222e+004		
7.243500e+002	3.260222e+004		
7.243000e+002	3.269689e+004		
7.242500e+002	3.269689e+004		
7.242000e+002	3.243722e+004		
7.241500e+002	3.243722e+004		
7.241000e+002	3.229767e+004		
7.240500e+002	3.229767e+004		
7.240000e+002	3.225933e+004		
7.239500e+002	3.225933e+004		
7.239000e+002	3.224222e+004		
7.238500e+002	3.224222e+004		
7.238000e+002	3.180022e+004		
7.237500e+002	3.180022e+004		
7.237000e+002	3.150133e+004		
7.236500e+002	3.150133e+004		
7.236000e+002	3.108622e+004		
7.235500e+002	3.108622e+004		
7.235000e+002	3.061344e+004		
7.234500e+002	3.061344e+004		
7.234000e+002	3.037067e+004		
7.233500e+002	3.037067e+004		
7.233000e+002	3.007944e+004		
7.232500e+002	3.007944e+004		
7.232000e+002	2.959367e+004		
7.231500e+002	2.959367e+004		
7.231000e+002	2.931944e+004		
7.230500e+002	2.931944e+004		
7.230000e+002	2.867644e+004		
7.229500e+002	2.867644e+004		
7.229000e+002	2.815011e+004		
7.228500e+002	2.815011e+004		
7.228000e+002	2.745900e+004		
7.227500e+002	2.745900e+004		
7.227000e+002	2.646055e+004		
7.226500e+002	2.646055e+004		
7.226000e+002	2.542167e+004		
7.225500e+002	2.542167e+004		
7.225000e+002	2.457622e+004		
7.224500e+002	2.457622e+004		
7.224000e+002	2.410356e+004		
7.223500e+002	2.410356e+004		
7.223000e+002	2.345978e+004		
7.222500e+002	2.345978e+004		
7.222000e+002	2.335044e+004		
7.221500e+002	2.335044e+004		
7.221000e+002	2.302689e+004		
7.220500e+002	2.302689e+004		
7.220000e+002	2.262000e+004		
7.219500e+002	2.262000e+004		
7.219000e+002	2.238233e+004		
7.218500e+002	2.238233e+004		
7.218000e+002	2.232567e+004		
7.217500e+002	2.232567e+004		
7.217000e+002	2.225956e+004		
7.216500e+002	2.225956e+004		
7.216000e+002	2.207389e+004		
7.215500e+002	2.207389e+004		
7.215000e+002	2.196378e+004		
7.214500e+002	2.196378e+004		
7.214000e+002	2.205678e+004		
7.213500e+002	2.205678e+004		
7.213000e+002	2.199200e+004		
7.212500e+002	2.199200e+004		
7.212000e+002	2.189578e+004		
7.211500e+002	2.189578e+004		
7.211000e+002	2.198233e+004		
7.210500e+002	2.198233e+004		
7.210000e+002	2.210711e+004		
7.209500e+002	2.210711e+004		
7.209000e+002	2.214244e+004		
7.208500e+002	2.214244e+004		
7.208000e+002	2.243278e+004		
7.207500e+002	2.243278e+004		
7.207000e+002	2.219211e+004		
7.206500e+002	2.219211e+004		
7.206000e+002	2.231300e+004		
7.205500e+002	2.231300e+004		
7.205000e+002	2.255655e+004		
7.204500e+002	2.255655e+004		
7.204000e+002	2.262400e+004		
7.203500e+002	2.262400e+004		
7.203000e+002	2.275422e+004		
7.202500e+002	2.275422e+004		
7.202000e+002	2.289744e+004		
7.201500e+002	2.289744e+004		
7.201000e+002	2.291745e+004		
7.200500e+002	2.291745e+004		
7.200000e+002	2.298255e+004		
7.199500e+002	2.298255e+004		
7.199000e+002	2.294578e+004		
7.198500e+002	2.294578e+004		
7.198000e+002	2.313089e+004		
7.197500e+002	2.313089e+004		
7.197000e+002	2.292544e+004		
7.196500e+002	2.292544e+004		
7.196000e+002	2.302256e+004		
7.195500e+002	2.302256e+004		
7.195000e+002	2.332033e+004		
7.194500e+002	2.332033e+004		
7.194000e+002	2.313111e+004		
7.193500e+002	2.313111e+004		
7.193000e+002	2.288656e+004		
7.192500e+002	2.288656e+004		
7.192000e+002	2.307467e+004		
7.191500e+002	2.307467e+004		
7.191000e+002	2.297422e+004		
7.190500e+002	2.297422e+004		
7.190000e+002	2.314678e+004		
7.189500e+002	2.314678e+004		
7.189000e+002	2.315378e+004		
7.188500e+002	2.315378e+004		
7.188000e+002	2.299744e+004		
7.187500e+002	2.299744e+004		
7.187000e+002	2.315700e+004		
7.186500e+002	2.315700e+004		
7.186000e+002	2.293467e+004		
7.185500e+002	2.293467e+004		
7.185000e+002	2.261678e+004		
7.184500e+002	2.261678e+004		
7.184000e+002	2.229333e+004		
7.183500e+002	2.229333e+004		
7.183000e+002	2.248755e+004		
7.182500e+002	2.248755e+004		
7.182000e+002	2.232489e+004		
7.181500e+002	2.232489e+004		
7.181000e+002	2.239622e+004		
7.180500e+002	2.239622e+004		
7.180000e+002	2.211011e+004		
7.179500e+002	2.211011e+004		
7.179000e+002	2.195222e+004		
7.178500e+002	2.195222e+004		
7.178000e+002	2.160789e+004		
7.177500e+002	2.160789e+004		
7.177000e+002	2.162589e+004		
7.176500e+002	2.162589e+004		
7.176000e+002	2.132311e+004		
7.175500e+002	2.132311e+004		
7.175000e+002	2.131367e+004		
7.174500e+002	2.131367e+004		
7.174000e+002	2.109544e+004		
7.173500e+002	2.109544e+004		
7.173000e+002	2.118411e+004		
7.172500e+002	2.118411e+004		
7.172000e+002	2.085667e+004		
7.171500e+002	2.085667e+004		
7.171000e+002	2.053122e+004		
7.170500e+002	2.053122e+004		
7.170000e+002	2.058733e+004		
7.169500e+002	2.058733e+004		
7.169000e+002	2.036956e+004		
7.168500e+002	2.036956e+004		
7.168000e+002	2.016167e+004		
7.167500e+002	2.016167e+004		
7.167000e+002	2.030211e+004		
7.166500e+002	2.030211e+004		
7.166000e+002	2.003867e+004		
7.165500e+002	2.003867e+004		
7.165000e+002	2.005511e+004		
7.164500e+002	2.005511e+004		
7.164000e+002	1.999855e+004		
7.163500e+002	1.999855e+004		
7.163000e+002	2.008433e+004		
7.162500e+002	2.008433e+004		
7.162000e+002	1.999178e+004		
7.161500e+002	1.999178e+004		
7.161000e+002	1.990355e+004		
7.160500e+002	1.990355e+004		
7.160000e+002	2.028933e+004		
7.159500e+002	2.028933e+004		
7.159000e+002	1.990033e+004		
7.158500e+002	1.990033e+004		
7.158000e+002	1.990456e+004		
7.157500e+002	1.990456e+004		
7.157000e+002	1.991189e+004		
7.156500e+002	1.991189e+004		
7.156000e+002	1.994522e+004		
7.155500e+002	1.994522e+004		
7.155000e+002	1.981000e+004		
7.154500e+002	1.981000e+004		
7.154000e+002	1.992044e+004		
7.153500e+002	1.992044e+004		
7.153000e+002	2.017578e+004		
7.152500e+002	2.017578e+004		
7.152000e+002	2.055133e+004		
7.151500e+002	2.055133e+004		
7.151000e+002	2.087289e+004		
7.150500e+002	2.087289e+004		
7.150000e+002	2.075766e+004		
7.149500e+002	2.075766e+004		
7.149000e+002	2.061689e+004		
7.148500e+002	2.061689e+004		
7.148000e+002	2.096833e+004		
7.147500e+002	2.096833e+004		
7.147000e+002	2.124789e+004		
7.146500e+002	2.124789e+004		
7.146000e+002	2.156733e+004		
7.145500e+002	2.156733e+004		
7.145000e+002	2.191478e+004		
7.144500e+002	2.191478e+004		
7.144000e+002	2.202533e+004		
7.143500e+002	2.202533e+004		
7.143000e+002	2.233378e+004		
7.142500e+002	2.233378e+004		
7.142000e+002	2.243144e+004		
7.141500e+002	2.243144e+004		
7.141000e+002	2.286189e+004		
7.140500e+002	2.286189e+004		
7.140000e+002	2.337511e+004		
7.139500e+002	2.337511e+004		
7.139000e+002	2.387078e+004		
7.138500e+002	2.387078e+004		
7.138000e+002	2.402678e+004		
7.137500e+002	2.402678e+004		
7.137000e+002	2.447522e+004		
7.136500e+002	2.447522e+004		
7.136000e+002	2.490067e+004		
7.135500e+002	2.490067e+004		
7.135000e+002	2.513389e+004		
7.134500e+002	2.513389e+004		
7.134000e+002	2.542333e+004		
7.133500e+002	2.542333e+004		
7.133000e+002	2.614100e+004		
7.132500e+002	2.614100e+004		
7.132000e+002	2.648189e+004		
7.131500e+002	2.648189e+004		
7.131000e+002	2.691722e+004		
7.130500e+002	2.691722e+004		
7.130000e+002	2.712367e+004		
7.129500e+002	2.712367e+004		
7.129000e+002	2.739022e+004		
7.128500e+002	2.739022e+004		
7.128000e+002	2.807511e+004		
7.127500e+002	2.807511e+004		
7.127000e+002	2.878033e+004		
7.126500e+002	2.878033e+004		
7.126000e+002	2.885155e+004		
7.125500e+002	2.885155e+004		
7.125000e+002	2.929133e+004		
7.124500e+002	2.929133e+004		
7.124000e+002	2.959455e+004		
7.123500e+002	2.959455e+004		
7.123000e+002	3.002867e+004		
7.122500e+002	3.002867e+004		
7.122000e+002	3.047478e+004		
7.121500e+002	3.047478e+004		
7.121000e+002	3.113900e+004		
7.120500e+002	3.113900e+004		
7.120000e+002	3.163400e+004		
7.119500e+002	3.163400e+004		
7.119000e+002	3.252600e+004		
7.118500e+002	3.252600e+004		
7.118000e+002	3.310656e+004		
7.117500e+002	3.310656e+004		
7.117000e+002	3.384833e+004		
7.116500e+002	3.384833e+004		
7.116000e+002	3.469156e+004		
7.115500e+002	3.469156e+004		
7.115000e+002	3.517844e+004		
7.114500e+002	3.517844e+004		
7.114000e+002	3.602700e+004		
7.113500e+002	3.602700e+004		
7.113000e+002	3.639100e+004		
7.112500e+002	3.639100e+004		
7.112000e+002	3.659089e+004		
7.111500e+002	3.659089e+004		
7.111000e+002	3.710345e+004		
7.110500e+002	3.710345e+004		
7.110000e+002	3.741789e+004		
7.109500e+002	3.741789e+004		
7.109000e+002	3.717455e+004		
7.108500e+002	3.717455e+004		
7.108000e+002	3.646733e+004		
7.107500e+002	3.646733e+004		
7.107000e+002	3.615267e+004		
7.106500e+002	3.615267e+004		
7.106000e+002	3.576333e+004		
7.105500e+002	3.576333e+004		
7.105000e+002	3.520889e+004		
7.104500e+002	3.520889e+004		
7.104000e+002	3.472045e+004		
7.103500e+002	3.472045e+004		
7.103000e+002	3.471444e+004		
7.102500e+002	3.471444e+004		
7.102000e+002	3.483378e+004		
7.101500e+002	3.483378e+004		
7.101000e+002	3.508855e+004		
7.100500e+002	3.508855e+004		
7.100000e+002	3.501289e+004		
7.099500e+002	3.501289e+004		
7.099000e+002	3.482311e+004		
7.098500e+002	3.482311e+004		
7.098000e+002	3.380411e+004		
7.097500e+002	3.380411e+004		
7.097000e+002	3.207578e+004		
7.096500e+002	3.207578e+004		
7.096000e+002	2.974289e+004		
7.095500e+002	2.974289e+004		
7.095000e+002	2.694544e+004		
7.094500e+002	2.694544e+004		
7.094000e+002	2.341022e+004		
7.093500e+002	2.341022e+004		
7.093000e+002	1.975467e+004		
7.092500e+002	1.975467e+004		
7.092000e+002	1.636889e+004		
7.091500e+002	1.636889e+004		
7.091000e+002	1.375389e+004		
7.090500e+002	1.375389e+004		
7.090000e+002	1.140411e+004		
7.089500e+002	1.140411e+004		
7.089000e+002	9.734700e+003		
7.088500e+002	9.734700e+003		
7.088000e+002	8.790333e+003		
7.087500e+002	8.790333e+003		
7.087000e+002	8.243422e+003		
7.086500e+002	8.243422e+003		
7.086000e+002	7.643878e+003		
7.085500e+002	7.643878e+003		
7.085000e+002	7.165777e+003		
7.084500e+002	7.165777e+003		
7.084000e+002	6.802867e+003		
7.083500e+002	6.802867e+003		
7.083000e+002	6.597811e+003		
7.082500e+002	6.597811e+003		
7.082000e+002	6.333078e+003		
7.081500e+002	6.333078e+003		
7.081000e+002	6.277622e+003		
7.080500e+002	6.277622e+003		
7.080000e+002	6.202200e+003		
7.079500e+002	6.202200e+003		
7.079000e+002	6.052033e+003		
7.078500e+002	6.052033e+003		
7.078000e+002	5.923345e+003		
7.077500e+002	5.923345e+003		
7.077000e+002	5.772866e+003		
7.076500e+002	5.772866e+003		
7.076000e+002	5.735822e+003		
7.075500e+002	5.735822e+003		
7.075000e+002	5.685389e+003		
7.074500e+002	5.685389e+003		
7.074000e+002	5.770022e+003		
7.073500e+002	5.770022e+003		
7.073000e+002	5.691411e+003		
7.072500e+002	5.691411e+003		
7.072000e+002	5.611300e+003		
7.071500e+002	5.611300e+003		
7.071000e+002	5.480489e+003		
7.070500e+002	5.480489e+003		
7.070000e+002	5.359400e+003		
7.069500e+002	5.359400e+003		
7.069000e+002	5.316778e+003		
7.068500e+002	5.316778e+003		
7.068000e+002	5.397277e+003		
7.067500e+002	5.397277e+003		
7.067000e+002	5.338755e+003		
7.066500e+002	5.338755e+003		
7.066000e+002	5.445889e+003		
7.065500e+002	5.445889e+003		
7.065000e+002	5.347733e+003		
7.064500e+002	5.347733e+003		
7.064000e+002	5.495444e+003		
7.063500e+002	5.495444e+003		
7.063000e+002	5.335600e+003		
7.062500e+002	5.335600e+003		
7.062000e+002	5.218256e+003		
7.061500e+002	5.218256e+003		
7.061000e+002	5.245333e+003		
7.060500e+002	5.245333e+003		
7.060000e+002	5.088055e+003		
7.059500e+002	5.088055e+003		
7.059000e+002	5.187578e+003		
7.058500e+002	5.187578e+003		
7.058000e+002	5.197267e+003		
7.057500e+002	5.197267e+003		
7.057000e+002	5.257533e+003		
7.056500e+002	5.257533e+003		
7.056000e+002	5.263444e+003		
7.055500e+002	5.263444e+003		
7.055000e+002	5.078444e+003		
7.054500e+002	5.078444e+003		
7.054000e+002	5.166255e+003		
7.053500e+002	5.166255e+003		
7.053000e+002	5.205489e+003		
7.052500e+002	5.205489e+003		
7.052000e+002	5.107233e+003		
7.051500e+002	5.107233e+003		
7.051000e+002	5.256045e+003		
7.050500e+002	5.256045e+003		
7.050000e+002	5.083645e+003		
7.049500e+002	5.083645e+003		
7.049000e+002	5.066389e+003		
7.048500e+002	5.066389e+003		
7.048000e+002	5.134244e+003		
7.047500e+002	5.134244e+003		
7.047000e+002	4.954766e+003		
7.046500e+002	4.954766e+003		
7.046000e+002	5.039667e+003		
7.045500e+002	5.039667e+003		
7.045000e+002	5.032411e+003		
7.044500e+002	5.032411e+003		
7.044000e+002	5.159311e+003		
7.043500e+002	5.159311e+003		
7.043000e+002	5.024156e+003		
7.042500e+002	5.024156e+003		
7.042000e+002	4.963244e+003		
7.041500e+002	4.963244e+003		
7.041000e+002	4.968244e+003		
7.040500e+002	4.968244e+003		
7.040000e+002	4.995200e+003		
7.039500e+002	4.995200e+003		
7.039000e+002	5.003822e+003		
7.038500e+002	5.003822e+003		
7.038000e+002	4.932611e+003		
7.037500e+002	4.932611e+003		
7.037000e+002	4.888889e+003		
7.036500e+002	4.888889e+003		
7.036000e+002	4.916556e+003		
7.035500e+002	4.916556e+003		
7.035000e+002	5.015177e+003		
7.034500e+002	5.015177e+003		
7.034000e+002	5.098356e+003		
7.033500e+002	5.098356e+003		
7.033000e+002	5.118655e+003		
7.032500e+002	5.118655e+003		
7.032000e+002	5.088822e+003		
7.031500e+002	5.088822e+003		
7.031000e+002	5.028800e+003		
7.030500e+002	5.028800e+003		
7.030000e+002	5.036933e+003		
7.029500e+002	5.036933e+003		
7.029000e+002	4.928989e+003		
7.028500e+002	4.928989e+003		
7.028000e+002	4.986477e+003		
7.027500e+002	4.986477e+003		
7.027000e+002	4.950555e+003		
7.026500e+002	4.950555e+003		
7.026000e+002	4.961789e+003		
7.025500e+002	4.961789e+003		
7.025000e+002	5.013011e+003		
7.024500e+002	5.013011e+003		
7.024000e+002	4.844867e+003		
7.023500e+002	4.844867e+003		
7.023000e+002	4.992944e+003		
7.022500e+002	4.992944e+003		
7.022000e+002	4.953289e+003		
7.021500e+002	4.953289e+003		
7.021000e+002	4.992778e+003		
7.020500e+002	4.992778e+003		
7.020000e+002	5.000500e+003		
7.019500e+002	5.000500e+003		
7.019000e+002	4.956377e+003		
7.018500e+002	4.956377e+003		
7.018000e+002	4.982878e+003		
7.017500e+002	4.982878e+003		
7.017000e+002	4.912011e+003		
7.016500e+002	4.912011e+003		
7.016000e+002	4.939633e+003		
7.015500e+002	4.939633e+003		
7.015000e+002	5.035389e+003		
7.014500e+002	5.035389e+003		
7.014000e+002	4.963156e+003		
7.013500e+002	4.963156e+003		
7.013000e+002	4.867167e+003		
7.012500e+002	4.867167e+003		
7.012000e+002	4.920133e+003		
7.011500e+002	4.920133e+003		
7.011000e+002	4.892367e+003		
7.010500e+002	4.892367e+003		
7.010000e+002	4.857800e+003		
7.009500e+002	4.857800e+003		
7.009000e+002	4.961178e+003		
7.008500e+002	4.961178e+003		
7.008000e+002	4.969289e+003		
7.007500e+002	4.969289e+003		
7.007000e+002	4.919922e+003		
7.006500e+002	4.919922e+003		
7.006000e+002	4.787911e+003		
7.005500e+002	4.787911e+003		
7.005000e+002	4.910300e+003		
7.004500e+002	4.910300e+003		
7.004000e+002	4.926833e+003		
7.003500e+002	4.926833e+003		
7.003000e+002	4.920200e+003		
7.002500e+002	4.920200e+003		
7.002000e+002	4.890889e+003		
7.001500e+002	4.890889e+003		
7.001000e+002	4.890022e+003		
7.000500e+002	4.890022e+003		
7.000000e+002	4.872277e+003		
6.999500e+002	4.872277e+003		
6.999000e+002	4.956056e+003		
6.998500e+002	4.956056e+003		
6.998000e+002	5.017933e+003		
6.997500e+002	5.017933e+003		
6.997000e+002	4.908289e+003		
6.996500e+002	4.908289e+003		
6.996000e+002	4.850333e+003		
6.995500e+002	4.850333e+003		
6.995000e+002	4.890622e+003		
6.994500e+002	4.890622e+003		
6.994000e+002	4.844478e+003		
6.993500e+002	4.844478e+003		
6.993000e+002	4.805544e+003		
6.992500e+002	4.805544e+003		
6.992000e+002	4.871622e+003		
6.991500e+002	4.871622e+003		
6.991000e+002	4.834178e+003		
6.990500e+002	4.834178e+003		
6.990000e+002	4.867889e+003		
6.989500e+002	4.867889e+003		
6.989000e+002	4.936322e+003		
6.988500e+002	4.936322e+003		
6.988000e+002	4.859855e+003		
6.987500e+002	4.859855e+003		
6.987000e+002	4.879256e+003		
6.986500e+002	4.879256e+003		
6.986000e+002	4.875078e+003		
6.985500e+002	4.875078e+003		
6.985000e+002	4.892111e+003		
6.984500e+002	4.892111e+003		
6.984000e+002	4.896267e+003		
6.983500e+002	4.896267e+003		
6.983000e+002	4.835177e+003		
6.982500e+002	4.835177e+003		
6.982000e+002	4.966478e+003		
6.981500e+002	4.966478e+003		
6.981000e+002	4.889011e+003		
6.980500e+002	4.889011e+003		
6.980000e+002	4.849722e+003		
6.979500e+002	4.849722e+003		
6.979000e+002	4.921667e+003		
6.978500e+002	4.921667e+003		
6.978000e+002	4.906722e+003		
6.977500e+002	4.906722e+003		
6.977000e+002	4.858622e+003		
6.976500e+002	4.858622e+003		
6.976000e+002	4.895456e+003		
6.975500e+002	4.895456e+003		
6.975000e+002	4.812967e+003		
6.974500e+002	4.812967e+003		
6.974000e+002	4.865988e+003		
6.973500e+002	4.865988e+003		
6.973000e+002	4.860278e+003		
6.972500e+002	4.860278e+003		
6.972000e+002	4.977767e+003		
6.971500e+002	4.977767e+003		
6.971000e+002	4.911633e+003		
6.970500e+002	4.911633e+003		
6.970000e+002	4.855411e+003		
6.969500e+002	4.855411e+003		
6.969000e+002	4.799899e+003		
6.968500e+002	4.799899e+003		
6.968000e+002	4.862189e+003		
6.967500e+002	4.862189e+003		
6.967000e+002	4.821822e+003		
6.966500e+002	4.821822e+003		
6.966000e+002	4.826689e+003		
6.965500e+002	4.826689e+003		
6.965000e+002	4.933689e+003		
6.964500e+002	4.933689e+003		
6.964000e+002	4.970288e+003		
6.963500e+002	4.970288e+003		
6.963000e+002	4.827255e+003		
6.962500e+002	4.827255e+003		
6.962000e+002	4.937344e+003		
6.961500e+002	4.937344e+003		
6.961000e+002	4.990822e+003		
6.960500e+002	4.990822e+003		
6.960000e+002	4.945567e+003		
6.959500e+002	4.945567e+003		
6.959000e+002	4.956511e+003		
6.958500e+002	4.956511e+003		
6.958000e+002	4.941511e+003		
6.957500e+002	4.941511e+003		
6.957000e+002	4.957567e+003		
6.956500e+002	4.957567e+003		
6.956000e+002	5.003778e+003		
6.955500e+002	5.003778e+003		
6.955000e+002	4.875911e+003		
6.954500e+002	4.875911e+003		
6.954000e+002	4.925944e+003		
6.953500e+002	4.925944e+003		
6.953000e+002	4.944577e+003		
6.952500e+002	4.944577e+003		
6.952000e+002	4.899622e+003		
6.951500e+002	4.899622e+003		
6.951000e+002	4.933978e+003		
6.950500e+002	4.933978e+003		
6.950000e+002	4.881011e+003		
6.949500e+002	4.881011e+003		
6.949000e+002	4.904989e+003		
6.948500e+002	4.904989e+003		
6.948000e+002	4.921267e+003		
6.947500e+002	4.921267e+003		
6.947000e+002	4.958933e+003		
6.946500e+002	4.958933e+003		
6.946000e+002	4.890778e+003		
6.945500e+002	4.890778e+003		
6.945000e+002	5.090978e+003		
6.944500e+002	5.090978e+003		
6.944000e+002	4.985177e+003		
6.943500e+002	4.985177e+003		
6.943000e+002	4.860955e+003		
6.942500e+002	4.860955e+003		
6.942000e+002	4.815644e+003		
6.941500e+002	4.815644e+003		
6.941000e+002	4.836789e+003		
6.940500e+002	4.836789e+003		
6.940000e+002	4.767478e+003			