Pd3d PdO
3.500000e+02 2.197633e+03
3.499500e+02 2.188825e+03
3.499000e+02 2.188825e+03
3.498500e+02 2.188825e+03
3.498000e+02 2.180017e+03
3.497500e+02 2.208034e+03
3.497000e+02 2.208034e+03
3.496500e+02 2.208034e+03
3.496000e+02 2.236050e+03
3.495500e+02 2.235367e+03
3.495000e+02 2.235367e+03
3.494500e+02 2.235367e+03
3.494000e+02 2.234683e+03
3.493500e+02 2.192275e+03
3.493000e+02 2.192275e+03
3.492500e+02 2.192275e+03
3.492000e+02 2.149867e+03
3.491500e+02 2.152767e+03
3.491000e+02 2.152767e+03
3.490500e+02 2.152767e+03
3.490000e+02 2.155667e+03
3.489500e+02 2.114684e+03
3.489000e+02 2.114684e+03
3.488500e+02 2.114684e+03
3.488000e+02 2.073700e+03
3.487500e+02 2.176800e+03
3.487000e+02 2.176800e+03
3.486500e+02 2.176800e+03
3.486000e+02 2.279900e+03
3.485500e+02 2.242200e+03
3.485000e+02 2.242200e+03
3.484500e+02 2.242200e+03
3.484000e+02 2.204500e+03
3.483500e+02 2.228742e+03
3.483000e+02 2.228742e+03
3.482500e+02 2.228742e+03
3.482000e+02 2.252983e+03
3.481500e+02 2.332548e+03
3.481000e+02 2.368692e+03
3.480500e+02 2.475236e+03
3.480000e+02 2.266417e+03
3.479500e+02 2.328217e+03
3.479000e+02 2.374508e+03
3.478500e+02 2.363700e+03
3.478000e+02 2.306867e+03
3.477500e+02 2.343467e+03
3.477000e+02 2.392333e+03
3.476500e+02 2.443700e+03
3.476000e+02 2.422908e+03
3.475500e+02 2.405283e+03
3.475000e+02 2.504942e+03
3.474500e+02 2.468692e+03
3.474000e+02 2.507033e+03
3.473500e+02 2.618508e+03
3.473000e+02 2.556425e+03
3.472500e+02 2.585408e+03
3.472000e+02 2.565258e+03
3.471500e+02 2.554642e+03
3.471000e+02 2.584625e+03
3.470500e+02 2.639292e+03
3.470000e+02 2.579292e+03
3.469500e+02 2.631467e+03
3.469000e+02 2.640742e+03
3.468500e+02 2.627858e+03
3.468000e+02 2.730425e+03
3.467500e+02 2.697517e+03
3.467000e+02 2.721092e+03
3.466500e+02 2.771100e+03
3.466000e+02 2.751592e+03
3.465500e+02 2.746058e+03
3.465000e+02 2.791742e+03
3.464500e+02 2.787383e+03
3.464000e+02 2.773767e+03
3.463500e+02 2.777425e+03
3.463000e+02 2.861100e+03
3.462500e+02 2.854075e+03
3.462000e+02 2.892192e+03
3.461500e+02 2.999867e+03
3.461000e+02 2.961317e+03
3.460500e+02 2.931400e+03
3.460000e+02 3.003942e+03
3.459500e+02 2.966275e+03
3.459000e+02 3.030458e+03
3.458500e+02 3.050375e+03
3.458000e+02 3.060075e+03
3.457500e+02 3.147733e+03
3.457000e+02 3.125983e+03
3.456500e+02 3.136575e+03
3.456000e+02 3.128725e+03
3.455500e+02 3.147692e+03
3.455000e+02 3.154100e+03
3.454500e+02 3.238558e+03
3.454000e+02 3.174933e+03
3.453500e+02 3.233625e+03
3.453000e+02 3.211417e+03
3.452500e+02 3.229242e+03
3.452000e+02 3.103217e+03
3.451500e+02 3.185350e+03
3.451000e+02 3.232225e+03
3.450500e+02 3.239117e+03
3.450000e+02 3.192100e+03
3.449500e+02 3.131742e+03
3.449000e+02 3.112233e+03
3.448500e+02 3.153467e+03
3.448000e+02 3.150575e+03
3.447500e+02 3.094333e+03
3.447000e+02 3.009525e+03
3.446500e+02 3.034975e+03
3.446000e+02 2.983875e+03
3.445500e+02 2.937742e+03
3.445000e+02 2.901367e+03
3.444500e+02 3.022433e+03
3.444000e+02 2.985667e+03
3.443500e+02 2.903192e+03
3.443000e+02 2.924358e+03
3.442500e+02 2.948825e+03
3.442000e+02 2.954508e+03
3.441500e+02 2.959208e+03
3.441000e+02 2.963150e+03
3.440500e+02 2.981817e+03
3.440000e+02 2.977925e+03
3.439500e+02 3.026608e+03
3.439000e+02 3.093933e+03
3.438500e+02 3.111183e+03
3.438000e+02 3.088867e+03
3.437500e+02 3.203808e+03
3.437000e+02 3.339350e+03
3.436500e+02 3.434425e+03
3.436000e+02 3.521367e+03
3.435500e+02 3.660167e+03
3.435000e+02 3.720758e+03
3.434500e+02 3.934867e+03
3.434000e+02 4.071467e+03
3.433500e+02 4.292500e+03
3.433000e+02 4.496242e+03
3.432500e+02 4.723058e+03
3.432000e+02 4.894242e+03
3.431500e+02 5.182967e+03
3.431000e+02 5.568425e+03
3.430500e+02 5.875625e+03
3.430000e+02 6.245883e+03
3.429500e+02 6.487617e+03
3.429000e+02 7.051167e+03
3.428500e+02 7.489933e+03
3.428000e+02 7.787525e+03
3.427500e+02 8.378333e+03
3.427000e+02 8.853583e+03
3.426500e+02 9.242000e+03
3.426000e+02 9.702583e+03
3.425500e+02 1.014767e+04
3.425000e+02 1.029583e+04
3.424500e+02 1.049375e+04
3.424000e+02 1.081425e+04
3.423500e+02 1.091925e+04
3.423000e+02 1.100933e+04
3.422500e+02 1.084692e+04
3.422000e+02 1.074242e+04
3.421500e+02 1.051417e+04
3.421000e+02 1.022383e+04
3.420500e+02 9.874333e+03
3.420000e+02 9.363167e+03
3.419500e+02 8.788833e+03
3.419000e+02 8.377250e+03
3.418500e+02 7.743750e+03
3.418000e+02 7.207333e+03
3.417500e+02 6.770733e+03
3.417000e+02 6.480758e+03
3.416500e+02 5.961292e+03
3.416000e+02 5.409025e+03
3.415500e+02 5.131617e+03
3.415000e+02 4.746100e+03
3.414500e+02 4.448175e+03
3.414000e+02 4.255133e+03
3.413500e+02 3.843508e+03
3.413000e+02 3.736358e+03
3.412500e+02 3.537608e+03
3.412000e+02 3.405125e+03
3.411500e+02 3.171425e+03
3.411000e+02 3.025750e+03
3.410500e+02 2.934808e+03
3.410000e+02 2.763258e+03
3.409500e+02 2.718567e+03
3.409000e+02 2.677350e+03
3.408500e+02 2.571558e+03
3.408000e+02 2.494717e+03
3.407500e+02 2.477308e+03
3.407000e+02 2.295792e+03
3.406500e+02 2.329900e+03
3.406000e+02 2.293967e+03
3.405500e+02 2.280758e+03
3.405000e+02 2.254367e+03
3.404500e+02 2.294033e+03
3.404000e+02 2.279692e+03
3.403500e+02 2.279117e+03
3.403000e+02 2.312967e+03
3.402500e+02 2.295667e+03
3.402000e+02 2.304225e+03
3.401500e+02 2.403100e+03
3.401000e+02 2.529500e+03
3.400500e+02 2.459925e+03
3.400000e+02 2.528783e+03
3.399500e+02 2.582183e+03
3.399000e+02 2.600200e+03
3.398500e+02 2.620025e+03
3.398000e+02 2.573450e+03
3.397500e+02 2.680933e+03
3.397000e+02 2.686483e+03
3.396500e+02 2.750767e+03
3.396000e+02 2.741958e+03
3.395500e+02 2.590467e+03
3.395000e+02 2.618725e+03
3.394500e+02 2.703333e+03
3.394000e+02 2.563158e+03
3.393500e+02 2.651783e+03
3.393000e+02 2.636450e+03
3.392500e+02 2.517883e+03
3.392000e+02 2.459292e+03
3.391500e+02 2.439933e+03
3.391000e+02 2.460825e+03
3.390500e+02 2.365592e+03
3.390000e+02 2.411083e+03
3.389500e+02 2.299367e+03
3.389000e+02 2.290317e+03
3.388500e+02 2.421783e+03
3.388000e+02 2.363800e+03
3.387500e+02 2.411575e+03
3.387000e+02 2.430075e+03
3.386500e+02 2.454275e+03
3.386000e+02 2.436692e+03
3.385500e+02 2.443475e+03
3.385000e+02 2.493442e+03
3.384500e+02 2.612700e+03
3.384000e+02 2.615650e+03
3.383500e+02 2.755333e+03
3.383000e+02 2.770367e+03
3.382500e+02 2.863867e+03
3.382000e+02 3.039567e+03
3.381500e+02 3.190325e+03
3.381000e+02 3.401875e+03
3.380500e+02 3.603275e+03
3.380000e+02 3.810725e+03
3.379500e+02 4.075825e+03
3.379000e+02 4.495950e+03
3.378500e+02 4.818367e+03
3.378000e+02 5.318092e+03
3.377500e+02 5.816492e+03
3.377000e+02 6.322592e+03
3.376500e+02 7.106667e+03
3.376000e+02 7.881117e+03
3.375500e+02 8.584750e+03
3.375000e+02 9.654583e+03
3.374500e+02 1.053075e+04
3.374000e+02 1.158400e+04
3.373500e+02 1.281992e+04
3.373000e+02 1.379017e+04
3.372500e+02 1.493208e+04
3.372000e+02 1.620525e+04
3.371500e+02 1.732925e+04
3.371000e+02 1.817650e+04
3.370500e+02 1.889242e+04
3.370000e+02 1.961267e+04
3.369500e+02 2.030317e+04
3.369000e+02 2.023300e+04
3.368500e+02 1.976325e+04
3.368000e+02 1.922442e+04
3.367500e+02 1.826317e+04
3.367000e+02 1.715008e+04
3.366500e+02 1.566483e+04
3.366000e+02 1.407600e+04
3.365500e+02 1.246517e+04
3.365000e+02 1.078567e+04
3.364500e+02 9.155000e+03
3.364000e+02 7.815250e+03
3.363500e+02 6.585458e+03
3.363000e+02 5.510750e+03
3.362500e+02 4.571400e+03
3.362000e+02 3.831317e+03
3.361500e+02 3.292483e+03
3.361000e+02 2.843350e+03
3.360500e+02 2.427267e+03
3.360000e+02 2.117792e+03
3.359500e+02 1.847533e+03
3.359000e+02 1.623108e+03
3.358500e+02 1.444900e+03
3.358000e+02 1.322108e+03
3.357500e+02 1.224283e+03
3.357000e+02 1.154325e+03
3.356500e+02 1.035725e+03
3.356000e+02 9.980750e+02
3.355500e+02 9.507333e+02
3.355000e+02 9.104833e+02
3.354500e+02 8.098700e+02
3.354000e+02 7.867900e+02
3.353500e+02 7.947950e+02
3.353000e+02 7.080025e+02
3.352500e+02 6.941233e+02
3.352000e+02 6.534367e+02
3.351500e+02 6.368658e+02
3.351000e+02 6.464892e+02
3.350500e+02 5.848808e+02
3.350000e+02 5.734817e+02
3.349500e+02 5.386033e+02
3.349000e+02 5.551450e+02
3.348500e+02 5.660583e+02
3.348000e+02 5.353542e+02
3.347500e+02 5.052608e+02
3.347000e+02 5.062483e+02
3.346500e+02 4.898792e+02
3.346000e+02 4.611408e+02
3.345500e+02 4.545825e+02
3.345000e+02 4.555342e+02
3.344500e+02 4.408192e+02
3.344000e+02 4.376258e+02
3.343500e+02 4.565983e+02
3.343000e+02 4.440050e+02
3.342500e+02 4.188675e+02
3.342000e+02 4.312308e+02
3.341500e+02 4.258917e+02
3.341000e+02 4.112758e+02
3.340500e+02 4.105625e+02
3.340000e+02 4.287583e+02
3.339500e+02 4.241075e+02
3.339000e+02 4.198033e+02
3.338500e+02 3.936117e+02
3.338000e+02 3.970517e+02
3.337500e+02 3.979858e+02
3.337000e+02 3.886383e+02
3.336500e+02 3.960833e+02
3.336000e+02 3.763608e+02
3.335500e+02 3.785858e+02
3.335000e+02 3.647292e+02
3.334500e+02 3.967167e+02
3.334000e+02 3.751375e+02
3.333500e+02 3.592625e+02
3.333000e+02 3.601533e+02
3.332500e+02 3.504592e+02
3.332000e+02 3.916325e+02
3.331500e+02 3.828858e+02
3.331000e+02 3.659858e+02
3.330500e+02 3.890533e+02
3.330000e+02 3.870683e+02
3.329500e+02 3.786017e+02
3.329000e+02 3.690725e+02
3.328500e+02 3.538925e+02
3.328000e+02 3.485533e+02
3.327500e+02 3.557417e+02
3.327000e+02 3.692317e+02
3.326500e+02 3.629967e+02
3.326000e+02 3.630950e+02
3.325500e+02 3.189925e+02
3.325000e+02 3.677342e+02
3.324500e+02 3.452933e+02
3.324000e+02 3.504442e+02
3.323500e+02 3.406233e+02
3.323000e+02 3.499817e+02
3.322500e+02 3.479775e+02
3.322000e+02 3.356867e+02
3.321500e+02 3.519042e+02
3.321000e+02 3.393450e+02
3.320500e+02 3.461967e+02
3.320000e+02 3.304625e+02
3.319500e+02 3.400358e+02
3.319000e+02 3.492667e+02
3.318500e+02 3.469125e+02
3.318000e+02 3.271983e+02
3.317500e+02 3.131867e+02
3.317000e+02 3.207892e+02
3.316500e+02 3.578233e+02
3.316000e+02 3.536417e+02
3.315500e+02 3.131750e+02
3.315000e+02 3.072575e+02
3.314500e+02 3.204833e+02
3.314000e+02 3.282267e+02
3.313500e+02 3.190292e+02
3.313000e+02 3.285033e+02
3.312500e+02 3.387517e+02
3.312000e+02 3.216192e+02
3.311500e+02 3.316800e+02
3.311000e+02 3.336675e+02
3.310500e+02 3.164475e+02
3.310000e+02 3.363400e+02