Co2pFe2p CoO
8.400000e+02 1.931163e+04
8.399500e+02 1.931163e+04
8.399000e+02 1.923277e+04
8.398500e+02 1.923277e+04
8.398000e+02 1.926237e+04
8.397500e+02 1.926237e+04
8.397000e+02 1.931210e+04
8.396500e+02 1.931210e+04
8.396000e+02 1.941380e+04
8.395500e+02 1.941380e+04
8.395000e+02 1.933590e+04
8.394500e+02 1.933590e+04
8.394000e+02 1.925233e+04
8.393500e+02 1.925233e+04
8.393000e+02 1.926500e+04
8.392500e+02 1.926500e+04
8.392000e+02 1.941477e+04
8.391500e+02 1.941477e+04
8.391000e+02 1.923683e+04
8.390500e+02 1.923683e+04
8.390000e+02 1.919213e+04
8.389500e+02 1.919213e+04
8.389000e+02 1.933493e+04
8.388500e+02 1.933493e+04
8.388000e+02 1.936563e+04
8.387500e+02 1.936563e+04
8.387000e+02 1.927263e+04
8.386500e+02 1.927263e+04
8.386000e+02 1.920670e+04
8.385500e+02 1.920670e+04
8.385000e+02 1.940310e+04
8.384500e+02 1.940310e+04
8.384000e+02 1.929840e+04
8.383500e+02 1.929840e+04
8.383000e+02 1.929907e+04
8.382500e+02 1.929907e+04
8.382000e+02 1.929550e+04
8.381500e+02 1.929550e+04
8.381000e+02 1.915873e+04
8.380500e+02 1.915873e+04
8.380000e+02 1.904533e+04
8.379500e+02 1.904533e+04
8.379000e+02 1.911697e+04
8.378500e+02 1.911697e+04
8.378000e+02 1.919657e+04
8.377500e+02 1.919657e+04
8.377000e+02 1.927397e+04
8.376500e+02 1.927397e+04
8.376000e+02 1.918443e+04
8.375500e+02 1.918443e+04
8.375000e+02 1.918000e+04
8.374500e+02 1.918000e+04
8.374000e+02 1.916613e+04
8.373500e+02 1.916613e+04
8.373000e+02 1.920070e+04
8.372500e+02 1.920070e+04
8.372000e+02 1.904977e+04
8.371500e+02 1.904977e+04
8.371000e+02 1.910243e+04
8.370500e+02 1.910243e+04
8.370000e+02 1.905843e+04
8.369500e+02 1.905843e+04
8.369000e+02 1.911280e+04
8.368500e+02 1.911280e+04
8.368000e+02 1.927873e+04
8.367500e+02 1.927873e+04
8.367000e+02 1.921463e+04
8.366500e+02 1.921463e+04
8.366000e+02 1.916693e+04
8.365500e+02 1.916693e+04
8.365000e+02 1.902057e+04
8.364500e+02 1.902057e+04
8.364000e+02 1.903523e+04
8.363500e+02 1.903523e+04
8.363000e+02 1.925017e+04
8.362500e+02 1.925017e+04
8.362000e+02 1.910733e+04
8.361500e+02 1.910733e+04
8.361000e+02 1.910777e+04
8.360500e+02 1.910777e+04
8.360000e+02 1.925893e+04
8.359500e+02 1.925893e+04
8.359000e+02 1.917653e+04
8.358500e+02 1.917653e+04
8.358000e+02 1.906183e+04
8.357500e+02 1.906183e+04
8.357000e+02 1.906617e+04
8.356500e+02 1.906617e+04
8.356000e+02 1.914173e+04
8.355500e+02 1.914173e+04
8.355000e+02 1.919467e+04
8.354500e+02 1.919467e+04
8.354000e+02 1.915477e+04
8.353500e+02 1.915477e+04
8.353000e+02 1.912057e+04
8.352500e+02 1.912057e+04
8.352000e+02 1.917557e+04
8.351500e+02 1.917557e+04
8.351000e+02 1.925410e+04
8.350500e+02 1.925410e+04
8.350000e+02 1.924477e+04
8.349500e+02 1.924477e+04
8.349000e+02 1.924380e+04
8.348500e+02 1.924380e+04
8.348000e+02 1.918290e+04
8.347500e+02 1.918290e+04
8.347000e+02 1.905850e+04
8.346500e+02 1.905850e+04
8.346000e+02 1.915633e+04
8.345500e+02 1.915633e+04
8.345000e+02 1.916380e+04
8.344500e+02 1.916380e+04
8.344000e+02 1.938377e+04
8.343500e+02 1.938377e+04
8.343000e+02 1.927880e+04
8.342500e+02 1.927880e+04
8.342000e+02 1.930657e+04
8.341500e+02 1.930657e+04
8.341000e+02 1.933933e+04
8.340500e+02 1.933933e+04
8.340000e+02 1.948077e+04
8.339500e+02 1.948077e+04
8.339000e+02 1.925380e+04
8.338500e+02 1.925380e+04
8.338000e+02 1.928817e+04
8.337500e+02 1.928817e+04
8.337000e+02 1.929137e+04
8.336500e+02 1.929137e+04
8.336000e+02 1.938820e+04
8.335500e+02 1.938820e+04
8.335000e+02 1.926513e+04
8.334500e+02 1.926513e+04
8.334000e+02 1.933523e+04
8.333500e+02 1.933523e+04
8.333000e+02 1.944607e+04
8.332500e+02 1.944607e+04
8.332000e+02 1.935617e+04
8.331500e+02 1.935617e+04
8.331000e+02 1.936797e+04
8.330500e+02 1.936797e+04
8.330000e+02 1.930260e+04
8.329500e+02 1.930260e+04
8.329000e+02 1.922017e+04
8.328500e+02 1.922017e+04
8.328000e+02 1.918310e+04
8.327500e+02 1.918310e+04
8.327000e+02 1.934400e+04
8.326500e+02 1.934400e+04
8.326000e+02 1.920657e+04
8.325500e+02 1.920657e+04
8.325000e+02 1.920970e+04
8.324500e+02 1.920970e+04
8.324000e+02 1.918057e+04
8.323500e+02 1.918057e+04
8.323000e+02 1.928067e+04
8.322500e+02 1.928067e+04
8.322000e+02 1.927363e+04
8.321500e+02 1.927363e+04
8.321000e+02 1.916980e+04
8.320500e+02 1.916980e+04
8.320000e+02 1.904630e+04
8.319500e+02 1.904630e+04
8.319000e+02 1.904867e+04
8.318500e+02 1.904867e+04
8.318000e+02 1.896440e+04
8.317500e+02 1.896440e+04
8.317000e+02 1.895703e+04
8.316500e+02 1.895703e+04
8.316000e+02 1.888287e+04
8.315500e+02 1.888287e+04
8.315000e+02 1.874163e+04
8.314500e+02 1.874163e+04
8.314000e+02 1.872590e+04
8.313500e+02 1.872590e+04
8.313000e+02 1.874213e+04
8.312500e+02 1.874213e+04
8.312000e+02 1.876643e+04
8.311500e+02 1.876643e+04
8.311000e+02 1.863880e+04
8.310500e+02 1.863880e+04
8.310000e+02 1.854720e+04
8.309500e+02 1.854720e+04
8.309000e+02 1.831677e+04
8.308500e+02 1.831677e+04
8.308000e+02 1.827397e+04
8.307500e+02 1.827397e+04
8.307000e+02 1.833307e+04
8.306500e+02 1.833307e+04
8.306000e+02 1.819283e+04
8.305500e+02 1.819283e+04
8.305000e+02 1.798863e+04
8.304500e+02 1.798863e+04
8.304000e+02 1.796577e+04
8.303500e+02 1.796577e+04
8.303000e+02 1.797810e+04
8.302500e+02 1.797810e+04
8.302000e+02 1.791243e+04
8.301500e+02 1.791243e+04
8.301000e+02 1.786517e+04
8.300500e+02 1.786517e+04
8.300000e+02 1.775110e+04
8.299500e+02 1.775110e+04
8.299000e+02 1.770397e+04
8.298500e+02 1.770397e+04
8.298000e+02 1.753787e+04
8.297500e+02 1.753787e+04
8.297000e+02 1.742187e+04
8.296500e+02 1.742187e+04
8.296000e+02 1.736387e+04
8.295500e+02 1.736387e+04
8.295000e+02 1.750033e+04
8.294500e+02 1.750033e+04
8.294000e+02 1.740247e+04
8.293500e+02 1.740247e+04
8.293000e+02 1.729237e+04
8.292500e+02 1.729237e+04
8.292000e+02 1.731830e+04
8.291500e+02 1.731830e+04
8.291000e+02 1.715990e+04
8.290500e+02 1.715990e+04
8.290000e+02 1.714287e+04
8.289500e+02 1.714287e+04
8.289000e+02 1.712653e+04
8.288500e+02 1.712653e+04
8.288000e+02 1.714577e+04
8.287500e+02 1.714577e+04
8.287000e+02 1.690357e+04
8.286500e+02 1.690357e+04
8.286000e+02 1.685273e+04
8.285500e+02 1.685273e+04
8.285000e+02 1.687317e+04
8.284500e+02 1.687317e+04
8.284000e+02 1.683397e+04
8.283500e+02 1.683397e+04
8.283000e+02 1.694903e+04
8.282500e+02 1.694903e+04
8.282000e+02 1.697990e+04
8.281500e+02 1.697990e+04
8.281000e+02 1.674930e+04
8.280500e+02 1.674930e+04
8.280000e+02 1.676053e+04
8.279500e+02 1.676053e+04
8.279000e+02 1.674247e+04
8.278500e+02 1.674247e+04
8.278000e+02 1.660667e+04
8.277500e+02 1.660667e+04
8.277000e+02 1.670477e+04
8.276500e+02 1.670477e+04
8.276000e+02 1.666430e+04
8.275500e+02 1.666430e+04
8.275000e+02 1.666823e+04
8.274500e+02 1.666823e+04
8.274000e+02 1.662693e+04
8.273500e+02 1.662693e+04
8.273000e+02 1.659333e+04
8.272500e+02 1.659333e+04
8.272000e+02 1.649273e+04
8.271500e+02 1.649273e+04
8.271000e+02 1.663563e+04
8.270500e+02 1.663563e+04
8.270000e+02 1.658960e+04
8.269500e+02 1.658960e+04
8.269000e+02 1.661903e+04
8.268500e+02 1.661903e+04
8.268000e+02 1.653903e+04
8.267500e+02 1.653903e+04
8.267000e+02 1.651857e+04
8.266500e+02 1.651857e+04
8.266000e+02 1.647750e+04
8.265500e+02 1.647750e+04
8.265000e+02 1.642977e+04
8.264500e+02 1.642977e+04
8.264000e+02 1.642177e+04
8.263500e+02 1.642177e+04
8.263000e+02 1.635220e+04
8.262500e+02 1.635220e+04
8.262000e+02 1.640163e+04
8.261500e+02 1.640163e+04
8.261000e+02 1.643617e+04
8.260500e+02 1.643617e+04
8.260000e+02 1.646540e+04
8.259500e+02 1.646540e+04
8.259000e+02 1.640437e+04
8.258500e+02 1.640437e+04
8.258000e+02 1.642780e+04
8.257500e+02 1.642780e+04
8.257000e+02 1.634210e+04
8.256500e+02 1.634210e+04
8.256000e+02 1.646307e+04
8.255500e+02 1.646307e+04
8.255000e+02 1.639330e+04
8.254500e+02 1.639330e+04
8.254000e+02 1.647213e+04
8.253500e+02 1.647213e+04
8.253000e+02 1.646473e+04
8.252500e+02 1.646473e+04
8.252000e+02 1.631163e+04
8.251500e+02 1.631163e+04
8.251000e+02 1.630960e+04
8.250500e+02 1.630960e+04
8.250000e+02 1.648323e+04
8.249500e+02 1.648323e+04
8.249000e+02 1.632280e+04
8.248500e+02 1.632280e+04
8.248000e+02 1.636493e+04
8.247500e+02 1.636493e+04
8.247000e+02 1.627177e+04
8.246500e+02 1.627177e+04
8.246000e+02 1.623753e+04
8.245500e+02 1.623753e+04
8.245000e+02 1.639857e+04
8.244500e+02 1.639857e+04
8.244000e+02 1.628560e+04
8.243500e+02 1.628560e+04
8.243000e+02 1.615333e+04
8.242500e+02 1.615333e+04
8.242000e+02 1.629527e+04
8.241500e+02 1.629527e+04
8.241000e+02 1.637090e+04
8.240500e+02 1.637090e+04
8.240000e+02 1.640157e+04
8.239500e+02 1.640157e+04
8.239000e+02 1.641987e+04
8.238500e+02 1.641987e+04
8.238000e+02 1.647210e+04
8.237500e+02 1.647210e+04
8.237000e+02 1.639313e+04
8.236500e+02 1.639313e+04
8.236000e+02 1.640233e+04
8.235500e+02 1.640233e+04
8.235000e+02 1.635443e+04
8.234500e+02 1.635443e+04
8.234000e+02 1.635560e+04
8.233500e+02 1.635560e+04
8.233000e+02 1.643810e+04
8.232500e+02 1.643810e+04
8.232000e+02 1.634880e+04
8.231500e+02 1.634880e+04
8.231000e+02 1.640867e+04
8.230500e+02 1.640867e+04
8.230000e+02 1.647057e+04
8.229500e+02 1.647057e+04
8.229000e+02 1.638253e+04
8.228500e+02 1.638253e+04
8.228000e+02 1.639370e+04
8.227500e+02 1.639370e+04
8.227000e+02 1.648930e+04
8.226500e+02 1.648930e+04
8.226000e+02 1.648647e+04
8.225500e+02 1.648647e+04
8.225000e+02 1.632537e+04
8.224500e+02 1.632537e+04
8.224000e+02 1.643880e+04
8.223500e+02 1.643880e+04
8.223000e+02 1.650683e+04
8.222500e+02 1.650683e+04
8.222000e+02 1.644000e+04
8.221500e+02 1.644000e+04
8.221000e+02 1.639497e+04
8.220500e+02 1.639497e+04
8.220000e+02 1.641247e+04
8.219500e+02 1.641247e+04
8.219000e+02 1.644523e+04
8.218500e+02 1.644523e+04
8.218000e+02 1.642297e+04
8.217500e+02 1.642297e+04
8.217000e+02 1.632813e+04
8.216500e+02 1.632813e+04
8.216000e+02 1.650633e+04
8.215500e+02 1.650633e+04
8.215000e+02 1.646197e+04
8.214500e+02 1.646197e+04
8.214000e+02 1.645000e+04
8.213500e+02 1.645000e+04
8.213000e+02 1.655917e+04
8.212500e+02 1.655917e+04
8.212000e+02 1.662367e+04
8.211500e+02 1.662367e+04
8.211000e+02 1.659677e+04
8.210500e+02 1.659677e+04
8.210000e+02 1.632977e+04
8.209500e+02 1.632977e+04
8.209000e+02 1.652867e+04
8.208500e+02 1.652867e+04
8.208000e+02 1.652690e+04
8.207500e+02 1.652690e+04
8.207000e+02 1.651663e+04
8.206500e+02 1.651663e+04
8.206000e+02 1.639947e+04
8.205500e+02 1.639947e+04
8.205000e+02 1.645290e+04
8.204500e+02 1.645290e+04
8.204000e+02 1.644000e+04
8.203500e+02 1.644000e+04
8.203000e+02 1.652267e+04
8.202500e+02 1.652267e+04
8.202000e+02 1.658990e+04
8.201500e+02 1.658990e+04
8.201000e+02 1.647797e+04
8.200500e+02 1.647797e+04
8.200000e+02 1.645923e+04
8.199500e+02 1.645923e+04
8.199000e+02 1.655953e+04
8.198500e+02 1.655953e+04
8.198000e+02 1.650340e+04
8.197500e+02 1.650340e+04
8.197000e+02 1.654033e+04
8.196500e+02 1.654033e+04
8.196000e+02 1.643977e+04
8.195500e+02 1.643977e+04
8.195000e+02 1.648900e+04
8.194500e+02 1.648900e+04
8.194000e+02 1.648360e+04
8.193500e+02 1.648360e+04
8.193000e+02 1.647213e+04
8.192500e+02 1.647213e+04
8.192000e+02 1.637313e+04
8.191500e+02 1.637313e+04
8.191000e+02 1.628717e+04
8.190500e+02 1.628717e+04
8.190000e+02 1.647203e+04
8.189500e+02 1.647203e+04
8.189000e+02 1.639100e+04
8.188500e+02 1.639100e+04
8.188000e+02 1.650170e+04
8.187500e+02 1.650170e+04
8.187000e+02 1.638590e+04
8.186500e+02 1.638590e+04
8.186000e+02 1.640443e+04
8.185500e+02 1.640443e+04
8.185000e+02 1.646373e+04
8.184500e+02 1.646373e+04
8.184000e+02 1.653507e+04
8.183500e+02 1.653507e+04
8.183000e+02 1.644867e+04
8.182500e+02 1.644867e+04
8.182000e+02 1.642007e+04
8.181500e+02 1.642007e+04
8.181000e+02 1.631257e+04
8.180500e+02 1.631257e+04
8.180000e+02 1.643393e+04
8.179500e+02 1.643393e+04
8.179000e+02 1.632240e+04
8.178500e+02 1.632240e+04
8.178000e+02 1.625283e+04
8.177500e+02 1.625283e+04
8.177000e+02 1.638007e+04
8.176500e+02 1.638007e+04
8.176000e+02 1.635530e+04
8.175500e+02 1.635530e+04
8.175000e+02 1.638077e+04
8.174500e+02 1.638077e+04
8.174000e+02 1.623993e+04
8.173500e+02 1.623993e+04
8.173000e+02 1.620653e+04
8.172500e+02 1.620653e+04
8.172000e+02 1.628393e+04
8.171500e+02 1.628393e+04
8.171000e+02 1.632140e+04
8.170500e+02 1.632140e+04
8.170000e+02 1.630137e+04
8.169500e+02 1.630137e+04
8.169000e+02 1.619850e+04
8.168500e+02 1.619850e+04
8.168000e+02 1.608430e+04
8.167500e+02 1.608430e+04
8.167000e+02 1.615200e+04
8.166500e+02 1.615200e+04
8.166000e+02 1.618780e+04
8.165500e+02 1.618780e+04
8.165000e+02 1.613950e+04
8.164500e+02 1.613950e+04
8.164000e+02 1.616023e+04
8.163500e+02 1.616023e+04
8.163000e+02 1.614207e+04
8.162500e+02 1.614207e+04
8.162000e+02 1.604370e+04
8.161500e+02 1.604370e+04
8.161000e+02 1.597673e+04
8.160500e+02 1.597673e+04
8.160000e+02 1.600550e+04
8.159500e+02 1.600550e+04
8.159000e+02 1.591670e+04
8.158500e+02 1.591670e+04
8.158000e+02 1.601910e+04
8.157500e+02 1.601910e+04
8.157000e+02 1.593000e+04
8.156500e+02 1.593000e+04
8.156000e+02 1.594257e+04
8.155500e+02 1.594257e+04
8.155000e+02 1.578157e+04
8.154500e+02 1.578157e+04
8.154000e+02 1.569357e+04
8.153500e+02 1.569357e+04
8.153000e+02 1.576603e+04
8.152500e+02 1.576603e+04
8.152000e+02 1.575097e+04
8.151500e+02 1.575097e+04
8.151000e+02 1.568613e+04
8.150500e+02 1.568613e+04
8.150000e+02 1.581000e+04
8.149500e+02 1.581000e+04
8.149000e+02 1.571983e+04
8.148500e+02 1.571983e+04
8.148000e+02 1.575140e+04
8.147500e+02 1.575140e+04
8.147000e+02 1.567167e+04
8.146500e+02 1.567167e+04
8.146000e+02 1.569330e+04
8.145500e+02 1.569330e+04
8.145000e+02 1.566200e+04
8.144500e+02 1.566200e+04
8.144000e+02 1.559530e+04
8.143500e+02 1.559530e+04
8.143000e+02 1.540560e+04
8.142500e+02 1.540560e+04
8.142000e+02 1.537533e+04
8.141500e+02 1.537533e+04
8.141000e+02 1.544863e+04
8.140500e+02 1.544863e+04
8.140000e+02 1.550483e+04
8.139500e+02 1.550483e+04
8.139000e+02 1.538337e+04
8.138500e+02 1.538337e+04
8.138000e+02 1.535797e+04
8.137500e+02 1.535797e+04
8.137000e+02 1.536373e+04
8.136500e+02 1.536373e+04
8.136000e+02 1.535433e+04
8.135500e+02 1.535433e+04
8.135000e+02 1.540380e+04
8.134500e+02 1.540380e+04
8.134000e+02 1.541623e+04
8.133500e+02 1.541623e+04
8.133000e+02 1.530890e+04
8.132500e+02 1.530890e+04
8.132000e+02 1.535657e+04
8.131500e+02 1.535657e+04
8.131000e+02 1.523383e+04
8.130500e+02 1.523383e+04
8.130000e+02 1.527800e+04
8.129500e+02 1.527800e+04
8.129000e+02 1.531477e+04
8.128500e+02 1.531477e+04
8.128000e+02 1.521943e+04
8.127500e+02 1.521943e+04
8.127000e+02 1.521303e+04
8.126500e+02 1.521303e+04
8.126000e+02 1.503097e+04
8.125500e+02 1.503097e+04
8.125000e+02 1.517077e+04
8.124500e+02 1.517077e+04
8.124000e+02 1.512267e+04
8.123500e+02 1.512267e+04
8.123000e+02 1.507190e+04
8.122500e+02 1.507190e+04
8.122000e+02 1.506347e+04
8.121500e+02 1.506347e+04
8.121000e+02 1.509407e+04
8.120500e+02 1.509407e+04
8.120000e+02 1.509400e+04
8.119500e+02 1.509400e+04
8.119000e+02 1.504807e+04
8.118500e+02 1.504807e+04
8.118000e+02 1.504923e+04
8.117500e+02 1.504923e+04
8.117000e+02 1.508503e+04
8.116500e+02 1.508503e+04
8.116000e+02 1.500780e+04
8.115500e+02 1.500780e+04
8.115000e+02 1.498880e+04
8.114500e+02 1.498880e+04
8.114000e+02 1.491597e+04
8.113500e+02 1.491597e+04
8.113000e+02 1.493407e+04
8.112500e+02 1.493407e+04
8.112000e+02 1.484477e+04
8.111500e+02 1.484477e+04
8.111000e+02 1.481643e+04
8.110500e+02 1.481643e+04
8.110000e+02 1.490480e+04
8.109500e+02 1.490480e+04
8.109000e+02 1.489963e+04
8.108500e+02 1.489963e+04
8.108000e+02 1.488960e+04
8.107500e+02 1.488960e+04
8.107000e+02 1.488513e+04
8.106500e+02 1.488513e+04
8.106000e+02 1.488867e+04
8.105500e+02 1.488867e+04
8.105000e+02 1.486117e+04
8.104500e+02 1.486117e+04
8.104000e+02 1.495627e+04
8.103500e+02 1.495627e+04
8.103000e+02 1.496113e+04
8.102500e+02 1.496113e+04
8.102000e+02 1.510673e+04
8.101500e+02 1.510673e+04
8.101000e+02 1.491950e+04
8.100500e+02 1.491950e+04
8.100000e+02 1.493420e+04
8.099500e+02 1.493420e+04
8.099000e+02 1.498193e+04
8.098500e+02 1.498193e+04
8.098000e+02 1.488463e+04
8.097500e+02 1.488463e+04
8.097000e+02 1.488047e+04
8.096500e+02 1.488047e+04
8.096000e+02 1.490010e+04
8.095500e+02 1.490010e+04
8.095000e+02 1.495683e+04
8.094500e+02 1.495683e+04
8.094000e+02 1.493827e+04
8.093500e+02 1.493827e+04
8.093000e+02 1.496160e+04
8.092500e+02 1.496160e+04
8.092000e+02 1.490000e+04
8.091500e+02 1.490000e+04
8.091000e+02 1.486963e+04
8.090500e+02 1.486963e+04
8.090000e+02 1.500270e+04
8.089500e+02 1.500270e+04
8.089000e+02 1.517910e+04
8.088500e+02 1.517910e+04
8.088000e+02 1.505983e+04
8.087500e+02 1.505983e+04
8.087000e+02 1.509823e+04
8.086500e+02 1.509823e+04
8.086000e+02 1.509603e+04
8.085500e+02 1.509603e+04
8.085000e+02 1.524583e+04
8.084500e+02 1.524583e+04
8.084000e+02 1.526643e+04
8.083500e+02 1.526643e+04
8.083000e+02 1.536067e+04
8.082500e+02 1.536067e+04
8.082000e+02 1.532900e+04
8.081500e+02 1.532900e+04
8.081000e+02 1.546913e+04
8.080500e+02 1.546913e+04
8.080000e+02 1.546433e+04
8.079500e+02 1.546433e+04
8.079000e+02 1.544867e+04
8.078500e+02 1.544867e+04
8.078000e+02 1.558747e+04
8.077500e+02 1.558747e+04
8.077000e+02 1.579967e+04
8.076500e+02 1.579967e+04
8.076000e+02 1.585143e+04
8.075500e+02 1.585143e+04
8.075000e+02 1.570020e+04
8.074500e+02 1.570020e+04
8.074000e+02 1.581107e+04
8.073500e+02 1.581107e+04
8.073000e+02 1.591630e+04
8.072500e+02 1.591630e+04
8.072000e+02 1.594437e+04
8.071500e+02 1.594437e+04
8.071000e+02 1.586303e+04
8.070500e+02 1.586303e+04
8.070000e+02 1.602833e+04
8.069500e+02 1.602833e+04
8.069000e+02 1.612363e+04
8.068500e+02 1.612363e+04
8.068000e+02 1.625633e+04
8.067500e+02 1.625633e+04
8.067000e+02 1.622280e+04
8.066500e+02 1.622280e+04
8.066000e+02 1.622727e+04
8.065500e+02 1.622727e+04
8.065000e+02 1.637867e+04
8.064500e+02 1.637867e+04
8.064000e+02 1.657720e+04
8.063500e+02 1.657720e+04
8.063000e+02 1.668773e+04
8.062500e+02 1.668773e+04
8.062000e+02 1.677060e+04
8.061500e+02 1.677060e+04
8.061000e+02 1.698093e+04
8.060500e+02 1.698093e+04
8.060000e+02 1.691797e+04
8.059500e+02 1.691797e+04
8.059000e+02 1.708020e+04
8.058500e+02 1.708020e+04
8.058000e+02 1.712783e+04
8.057500e+02 1.712783e+04
8.057000e+02 1.719037e+04
8.056500e+02 1.719037e+04
8.056000e+02 1.737003e+04
8.055500e+02 1.737003e+04
8.055000e+02 1.751043e+04
8.054500e+02 1.751043e+04
8.054000e+02 1.775890e+04
8.053500e+02 1.775890e+04
8.053000e+02 1.784517e+04
8.052500e+02 1.784517e+04
8.052000e+02 1.795550e+04
8.051500e+02 1.795550e+04
8.051000e+02 1.806160e+04
8.050500e+02 1.806160e+04
8.050000e+02 1.822397e+04
8.049500e+02 1.822397e+04
8.049000e+02 1.842480e+04
8.048500e+02 1.842480e+04
8.048000e+02 1.867737e+04
8.047500e+02 1.867737e+04
8.047000e+02 1.879627e+04
8.046500e+02 1.879627e+04
8.046000e+02 1.907167e+04
8.045500e+02 1.907167e+04
8.045000e+02 1.929427e+04
8.044500e+02 1.929427e+04
8.044000e+02 1.960157e+04
8.043500e+02 1.960157e+04
8.043000e+02 1.983090e+04
8.042500e+02 1.983090e+04
8.042000e+02 2.002707e+04
8.041500e+02 2.002707e+04
8.041000e+02 2.029797e+04
8.040500e+02 2.029797e+04
8.040000e+02 2.038380e+04
8.039500e+02 2.038380e+04
8.039000e+02 2.071227e+04
8.038500e+02 2.071227e+04
8.038000e+02 2.101463e+04
8.037500e+02 2.101463e+04
8.037000e+02 2.114190e+04
8.036500e+02 2.114190e+04
8.036000e+02 2.133380e+04
8.035500e+02 2.133380e+04
8.035000e+02 2.178610e+04
8.034500e+02 2.178610e+04
8.034000e+02 2.169670e+04
8.033500e+02 2.169670e+04
8.033000e+02 2.183350e+04
8.032500e+02 2.183350e+04
8.032000e+02 2.214993e+04
8.031500e+02 2.214993e+04
8.031000e+02 2.218560e+04
8.030500e+02 2.218560e+04
8.030000e+02 2.216163e+04
8.029500e+02 2.216163e+04
8.029000e+02 2.207723e+04
8.028500e+02 2.207723e+04
8.028000e+02 2.208877e+04
8.027500e+02 2.208877e+04
8.027000e+02 2.196363e+04
8.026500e+02 2.196363e+04
8.026000e+02 2.194547e+04
8.025500e+02 2.194547e+04
8.025000e+02 2.184203e+04
8.024500e+02 2.184203e+04
8.024000e+02 2.190970e+04
8.023500e+02 2.190970e+04
8.023000e+02 2.147013e+04
8.022500e+02 2.147013e+04
8.022000e+02 2.129187e+04
8.021500e+02 2.129187e+04
8.021000e+02 2.120710e+04
8.020500e+02 2.120710e+04
8.020000e+02 2.086747e+04
8.019500e+02 2.086747e+04
8.019000e+02 2.071163e+04
8.018500e+02 2.071163e+04
8.018000e+02 2.052973e+04
8.017500e+02 2.052973e+04
8.017000e+02 2.038030e+04
8.016500e+02 2.038030e+04
8.016000e+02 2.024990e+04
8.015500e+02 2.024990e+04
8.015000e+02 2.000087e+04
8.014500e+02 2.000087e+04
8.014000e+02 1.976417e+04
8.013500e+02 1.976417e+04
8.013000e+02 1.950423e+04
8.012500e+02 1.950423e+04
8.012000e+02 1.923580e+04
8.011500e+02 1.923580e+04
8.011000e+02 1.920243e+04
8.010500e+02 1.920243e+04
8.010000e+02 1.903587e+04
8.009500e+02 1.903587e+04
8.009000e+02 1.889273e+04
8.008500e+02 1.889273e+04
8.008000e+02 1.863443e+04
8.007500e+02 1.863443e+04
8.007000e+02 1.851430e+04
8.006500e+02 1.851430e+04
8.006000e+02 1.835963e+04
8.005500e+02 1.835963e+04
8.005000e+02 1.831350e+04
8.004500e+02 1.831350e+04
8.004000e+02 1.822577e+04
8.003500e+02 1.822577e+04
8.003000e+02 1.814547e+04
8.002500e+02 1.814547e+04
8.002000e+02 1.811207e+04
8.001500e+02 1.811207e+04
8.001000e+02 1.801827e+04
8.000500e+02 1.801827e+04
8.000000e+02 1.811273e+04
7.999500e+02 1.811273e+04
7.999000e+02 1.805977e+04
7.998500e+02 1.805977e+04
7.998000e+02 1.809627e+04
7.997500e+02 1.809627e+04
7.997000e+02 1.815150e+04
7.996500e+02 1.815150e+04
7.996000e+02 1.818683e+04
7.995500e+02 1.818683e+04
7.995000e+02 1.829513e+04
7.994500e+02 1.829513e+04
7.994000e+02 1.842123e+04
7.993500e+02 1.842123e+04
7.993000e+02 1.849287e+04
7.992500e+02 1.849287e+04
7.992000e+02 1.869583e+04
7.991500e+02 1.869583e+04
7.991000e+02 1.889113e+04
7.990500e+02 1.889113e+04
7.990000e+02 1.907287e+04
7.989500e+02 1.907287e+04
7.989000e+02 1.924820e+04
7.988500e+02 1.924820e+04
7.988000e+02 1.942440e+04
7.987500e+02 1.942440e+04
7.987000e+02 1.967603e+04
7.986500e+02 1.967603e+04
7.986000e+02 2.010210e+04
7.985500e+02 2.010210e+04
7.985000e+02 2.035183e+04
7.984500e+02 2.035183e+04
7.984000e+02 2.057307e+04
7.983500e+02 2.057307e+04
7.983000e+02 2.075850e+04
7.982500e+02 2.075850e+04
7.982000e+02 2.126203e+04
7.981500e+02 2.126203e+04
7.981000e+02 2.153437e+04
7.980500e+02 2.153437e+04
7.980000e+02 2.197237e+04
7.979500e+02 2.197237e+04
7.979000e+02 2.223363e+04
7.978500e+02 2.223363e+04
7.978000e+02 2.250263e+04
7.977500e+02 2.250263e+04
7.977000e+02 2.259067e+04
7.976500e+02 2.259067e+04
7.976000e+02 2.306230e+04
7.975500e+02 2.306230e+04
7.975000e+02 2.352023e+04
7.974500e+02 2.352023e+04
7.974000e+02 2.361777e+04
7.973500e+02 2.361777e+04
7.973000e+02 2.373830e+04
7.972500e+02 2.373830e+04
7.972000e+02 2.387143e+04
7.971500e+02 2.387143e+04
7.971000e+02 2.407537e+04
7.970500e+02 2.407537e+04
7.970000e+02 2.442313e+04
7.969500e+02 2.442313e+04
7.969000e+02 2.448243e+04
7.968500e+02 2.448243e+04
7.968000e+02 2.452347e+04
7.967500e+02 2.452347e+04
7.967000e+02 2.461797e+04
7.966500e+02 2.461797e+04
7.966000e+02 2.484887e+04
7.965500e+02 2.484887e+04
7.965000e+02 2.487093e+04
7.964500e+02 2.487093e+04
7.964000e+02 2.484187e+04
7.963500e+02 2.484187e+04
7.963000e+02 2.488247e+04
7.962500e+02 2.488247e+04
7.962000e+02 2.472133e+04
7.961500e+02 2.472133e+04
7.961000e+02 2.467963e+04
7.960500e+02 2.467963e+04
7.960000e+02 2.446823e+04
7.959500e+02 2.446823e+04
7.959000e+02 2.443997e+04
7.958500e+02 2.443997e+04
7.958000e+02 2.414260e+04
7.957500e+02 2.414260e+04
7.957000e+02 2.377010e+04
7.956500e+02 2.377010e+04
7.956000e+02 2.344190e+04
7.955500e+02 2.344190e+04
7.955000e+02 2.330387e+04
7.954500e+02 2.330387e+04
7.954000e+02 2.279597e+04
7.953500e+02 2.279597e+04
7.953000e+02 2.220053e+04
7.952500e+02 2.220053e+04
7.952000e+02 2.180847e+04
7.951500e+02 2.180847e+04
7.951000e+02 2.118277e+04
7.950500e+02 2.118277e+04
7.950000e+02 2.071437e+04
7.949500e+02 2.071437e+04
7.949000e+02 2.018330e+04
7.948500e+02 2.018330e+04
7.948000e+02 1.976500e+04
7.947500e+02 1.976500e+04
7.947000e+02 1.906170e+04
7.946500e+02 1.906170e+04
7.946000e+02 1.837530e+04
7.945500e+02 1.837530e+04
7.945000e+02 1.781740e+04
7.944500e+02 1.781740e+04
7.944000e+02 1.735980e+04
7.943500e+02 1.735980e+04
7.943000e+02 1.683990e+04
7.942500e+02 1.683990e+04
7.942000e+02 1.655670e+04
7.941500e+02 1.655670e+04
7.941000e+02 1.627400e+04
7.940500e+02 1.627400e+04
7.940000e+02 1.574223e+04
7.939500e+02 1.574223e+04
7.939000e+02 1.553390e+04
7.938500e+02 1.553390e+04
7.938000e+02 1.543700e+04
7.937500e+02 1.543700e+04
7.937000e+02 1.530387e+04
7.936500e+02 1.530387e+04
7.936000e+02 1.505577e+04
7.935500e+02 1.505577e+04
7.935000e+02 1.498117e+04
7.934500e+02 1.498117e+04
7.934000e+02 1.493823e+04
7.933500e+02 1.493823e+04
7.933000e+02 1.484950e+04
7.932500e+02 1.484950e+04
7.932000e+02 1.476123e+04
7.931500e+02 1.476123e+04
7.931000e+02 1.472197e+04
7.930500e+02 1.472197e+04
7.930000e+02 1.487430e+04
7.929500e+02 1.487430e+04
7.929000e+02 1.477603e+04
7.928500e+02 1.477603e+04
7.928000e+02 1.481890e+04
7.927500e+02 1.481890e+04
7.927000e+02 1.487373e+04
7.926500e+02 1.487373e+04
7.926000e+02 1.491517e+04
7.925500e+02 1.491517e+04
7.925000e+02 1.505583e+04
7.924500e+02 1.505583e+04
7.924000e+02 1.513263e+04
7.923500e+02 1.513263e+04
7.923000e+02 1.505977e+04
7.922500e+02 1.505977e+04
7.922000e+02 1.520220e+04
7.921500e+02 1.520220e+04
7.921000e+02 1.528360e+04
7.920500e+02 1.528360e+04
7.920000e+02 1.557700e+04
7.919500e+02 1.557700e+04
7.919000e+02 1.565627e+04
7.918500e+02 1.565627e+04
7.918000e+02 1.570553e+04
7.917500e+02 1.570553e+04
7.917000e+02 1.575920e+04
7.916500e+02 1.575920e+04
7.916000e+02 1.592303e+04
7.915500e+02 1.592303e+04
7.915000e+02 1.588357e+04
7.914500e+02 1.588357e+04
7.914000e+02 1.607273e+04
7.913500e+02 1.607273e+04
7.913000e+02 1.624703e+04
7.912500e+02 1.624703e+04
7.912000e+02 1.632893e+04
7.911500e+02 1.632893e+04
7.911000e+02 1.635923e+04
7.910500e+02 1.635923e+04
7.910000e+02 1.642560e+04
7.909500e+02 1.642560e+04
7.909000e+02 1.656580e+04
7.908500e+02 1.656580e+04
7.908000e+02 1.657160e+04
7.907500e+02 1.657160e+04
7.907000e+02 1.672793e+04
7.906500e+02 1.672793e+04
7.906000e+02 1.689317e+04
7.905500e+02 1.689317e+04
7.905000e+02 1.685400e+04
7.904500e+02 1.685400e+04
7.904000e+02 1.692690e+04
7.903500e+02 1.692690e+04
7.903000e+02 1.699417e+04
7.902500e+02 1.699417e+04
7.902000e+02 1.721753e+04
7.901500e+02 1.721753e+04
7.901000e+02 1.727520e+04
7.900500e+02 1.727520e+04
7.900000e+02 1.739713e+04
7.899500e+02 1.739713e+04
7.899000e+02 1.748593e+04
7.898500e+02 1.748593e+04
7.898000e+02 1.775903e+04
7.897500e+02 1.775903e+04
7.897000e+02 1.780470e+04
7.896500e+02 1.780470e+04
7.896000e+02 1.802033e+04
7.895500e+02 1.802033e+04
7.895000e+02 1.811480e+04
7.894500e+02 1.811480e+04
7.894000e+02 1.839087e+04
7.893500e+02 1.839087e+04
7.893000e+02 1.867657e+04
7.892500e+02 1.867657e+04
7.892000e+02 1.884427e+04
7.891500e+02 1.884427e+04
7.891000e+02 1.911910e+04
7.890500e+02 1.911910e+04
7.890000e+02 1.947127e+04
7.889500e+02 1.947127e+04
7.889000e+02 1.961460e+04
7.888500e+02 1.961460e+04
7.888000e+02 1.978520e+04
7.887500e+02 1.978520e+04
7.887000e+02 2.008867e+04
7.886500e+02 2.008867e+04
7.886000e+02 2.046840e+04
7.885500e+02 2.046840e+04
7.885000e+02 2.081180e+04
7.884500e+02 2.081180e+04
7.884000e+02 2.104907e+04
7.883500e+02 2.104907e+04
7.883000e+02 2.112390e+04
7.882500e+02 2.112390e+04
7.882000e+02 2.139737e+04
7.881500e+02 2.139737e+04
7.881000e+02 2.167217e+04
7.880500e+02 2.167217e+04
7.880000e+02 2.195963e+04
7.879500e+02 2.195963e+04
7.879000e+02 2.208803e+04
7.878500e+02 2.208803e+04
7.878000e+02 2.215473e+04
7.877500e+02 2.215473e+04
7.877000e+02 2.246970e+04
7.876500e+02 2.246970e+04
7.876000e+02 2.272567e+04
7.875500e+02 2.272567e+04
7.875000e+02 2.282013e+04
7.874500e+02 2.282013e+04
7.874000e+02 2.317970e+04
7.873500e+02 2.317970e+04
7.873000e+02 2.317967e+04
7.872500e+02 2.317967e+04
7.872000e+02 2.338617e+04
7.871500e+02 2.338617e+04
7.871000e+02 2.349327e+04
7.870500e+02 2.349327e+04
7.870000e+02 2.367250e+04
7.869500e+02 2.367250e+04
7.869000e+02 2.388443e+04
7.868500e+02 2.388443e+04
7.868000e+02 2.406290e+04
7.867500e+02 2.406290e+04
7.867000e+02 2.422090e+04
7.866500e+02 2.422090e+04
7.866000e+02 2.449333e+04
7.865500e+02 2.449333e+04
7.865000e+02 2.457017e+04
7.864500e+02 2.457017e+04
7.864000e+02 2.438737e+04
7.863500e+02 2.438737e+04
7.863000e+02 2.460877e+04
7.862500e+02 2.460877e+04
7.862000e+02 2.441633e+04
7.861500e+02 2.441633e+04
7.861000e+02 2.431010e+04
7.860500e+02 2.431010e+04
7.860000e+02 2.415013e+04
7.859500e+02 2.415013e+04
7.859000e+02 2.392487e+04
7.858500e+02 2.392487e+04
7.858000e+02 2.380830e+04
7.857500e+02 2.380830e+04
7.857000e+02 2.348340e+04
7.856500e+02 2.348340e+04
7.856000e+02 2.341267e+04
7.855500e+02 2.341267e+04
7.855000e+02 2.298410e+04
7.854500e+02 2.298410e+04
7.854000e+02 2.276803e+04
7.853500e+02 2.276803e+04
7.853000e+02 2.246493e+04
7.852500e+02 2.246493e+04
7.852000e+02 2.214580e+04
7.851500e+02 2.214580e+04
7.851000e+02 2.210750e+04
7.850500e+02 2.210750e+04
7.850000e+02 2.210107e+04
7.849500e+02 2.210107e+04
7.849000e+02 2.197277e+04
7.848500e+02 2.197277e+04
7.848000e+02 2.199443e+04
7.847500e+02 2.199443e+04
7.847000e+02 2.191717e+04
7.846500e+02 2.191717e+04
7.846000e+02 2.177327e+04
7.845500e+02 2.177327e+04
7.845000e+02 2.204640e+04
7.844500e+02 2.204640e+04
7.844000e+02 2.213530e+04
7.843500e+02 2.213530e+04
7.843000e+02 2.217310e+04
7.842500e+02 2.217310e+04
7.842000e+02 2.234537e+04
7.841500e+02 2.234537e+04
7.841000e+02 2.247800e+04
7.840500e+02 2.247800e+04
7.840000e+02 2.278937e+04
7.839500e+02 2.278937e+04
7.839000e+02 2.307733e+04
7.838500e+02 2.307733e+04
7.838000e+02 2.329470e+04
7.837500e+02 2.329470e+04
7.837000e+02 2.360467e+04
7.836500e+02 2.360467e+04
7.836000e+02 2.394790e+04
7.835500e+02 2.394790e+04
7.835000e+02 2.436627e+04
7.834500e+02 2.436627e+04
7.834000e+02 2.481620e+04
7.833500e+02 2.481620e+04
7.833000e+02 2.522093e+04
7.832500e+02 2.522093e+04
7.832000e+02 2.563433e+04
7.831500e+02 2.563433e+04
7.831000e+02 2.602400e+04
7.830500e+02 2.602400e+04
7.830000e+02 2.630600e+04
7.829500e+02 2.630600e+04
7.829000e+02 2.653047e+04
7.828500e+02 2.653047e+04
7.828000e+02 2.697060e+04
7.827500e+02 2.697060e+04
7.827000e+02 2.744437e+04
7.826500e+02 2.744437e+04
7.826000e+02 2.778123e+04
7.825500e+02 2.778123e+04
7.825000e+02 2.805770e+04
7.824500e+02 2.805770e+04
7.824000e+02 2.836630e+04
7.823500e+02 2.836630e+04
7.823000e+02 2.871150e+04
7.822500e+02 2.871150e+04
7.822000e+02 2.913497e+04
7.821500e+02 2.913497e+04
7.821000e+02 2.950793e+04
7.820500e+02 2.950793e+04
7.820000e+02 2.984733e+04
7.819500e+02 2.984733e+04
7.819000e+02 3.018537e+04
7.818500e+02 3.018537e+04
7.818000e+02 3.081437e+04
7.817500e+02 3.081437e+04
7.817000e+02 3.111073e+04
7.816500e+02 3.111073e+04
7.816000e+02 3.141203e+04
7.815500e+02 3.141203e+04
7.815000e+02 3.189347e+04
7.814500e+02 3.189347e+04
7.814000e+02 3.240213e+04
7.813500e+02 3.240213e+04
7.813000e+02 3.278353e+04
7.812500e+02 3.278353e+04
7.812000e+02 3.319203e+04
7.811500e+02 3.319203e+04
7.811000e+02 3.344167e+04
7.810500e+02 3.344167e+04
7.810000e+02 3.374367e+04
7.809500e+02 3.374367e+04
7.809000e+02 3.418067e+04
7.808500e+02 3.418067e+04
7.808000e+02 3.454067e+04
7.807500e+02 3.454067e+04
7.807000e+02 3.495533e+04
7.806500e+02 3.495533e+04
7.806000e+02 3.498600e+04
7.805500e+02 3.498600e+04
7.805000e+02 3.500300e+04
7.804500e+02 3.500300e+04
7.804000e+02 3.515800e+04
7.803500e+02 3.515800e+04
7.803000e+02 3.496667e+04
7.802500e+02 3.496667e+04
7.802000e+02 3.498867e+04
7.801500e+02 3.498867e+04
7.801000e+02 3.443900e+04
7.800500e+02 3.443900e+04
7.800000e+02 3.403267e+04
7.799500e+02 3.403267e+04
7.799000e+02 3.357867e+04
7.798500e+02 3.357867e+04
7.798000e+02 3.284697e+04
7.797500e+02 3.284697e+04
7.797000e+02 3.216083e+04
7.796500e+02 3.216083e+04
7.796000e+02 3.152650e+04
7.795500e+02 3.152650e+04
7.795000e+02 3.059180e+04
7.794500e+02 3.059180e+04
7.794000e+02 2.939747e+04
7.793500e+02 2.939747e+04
7.793000e+02 2.805590e+04
7.792500e+02 2.805590e+04
7.792000e+02 2.679647e+04
7.791500e+02 2.679647e+04
7.791000e+02 2.558383e+04
7.790500e+02 2.558383e+04
7.790000e+02 2.403193e+04
7.789500e+02 2.403193e+04
7.789000e+02 2.231633e+04
7.788500e+02 2.231633e+04
7.788000e+02 2.086217e+04
7.787500e+02 2.086217e+04
7.787000e+02 1.954517e+04
7.786500e+02 1.954517e+04
7.786000e+02 1.821813e+04
7.785500e+02 1.821813e+04
7.785000e+02 1.704750e+04
7.784500e+02 1.704750e+04
7.784000e+02 1.582833e+04
7.783500e+02 1.582833e+04
7.783000e+02 1.494737e+04
7.782500e+02 1.494737e+04
7.782000e+02 1.416027e+04
7.781500e+02 1.416027e+04
7.781000e+02 1.357280e+04
7.780500e+02 1.357280e+04
7.780000e+02 1.309397e+04
7.779500e+02 1.309397e+04
7.779000e+02 1.282733e+04
7.778500e+02 1.282733e+04
7.778000e+02 1.249677e+04
7.777500e+02 1.249677e+04
7.777000e+02 1.229227e+04
7.776500e+02 1.229227e+04
7.776000e+02 1.214230e+04
7.775500e+02 1.214230e+04
7.775000e+02 1.187970e+04
7.774500e+02 1.187970e+04
7.774000e+02 1.181870e+04
7.773500e+02 1.181870e+04
7.773000e+02 1.180573e+04
7.772500e+02 1.180573e+04
7.772000e+02 1.160153e+04
7.771500e+02 1.160153e+04
7.771000e+02 1.161407e+04
7.770500e+02 1.161407e+04
7.770000e+02 1.164810e+04
7.769500e+02 1.164810e+04
7.769000e+02 1.142997e+04
7.768500e+02 1.142997e+04
7.768000e+02 1.134093e+04
7.767500e+02 1.134093e+04
7.767000e+02 1.131043e+04
7.766500e+02 1.131043e+04
7.766000e+02 1.116653e+04
7.765500e+02 1.116653e+04
7.765000e+02 1.113497e+04
7.764500e+02 1.113497e+04
7.764000e+02 1.100443e+04
7.763500e+02 1.100443e+04
7.763000e+02 1.104643e+04
7.762500e+02 1.104643e+04
7.762000e+02 1.100130e+04
7.761500e+02 1.100130e+04
7.761000e+02 1.098587e+04
7.760500e+02 1.098587e+04
7.760000e+02 1.086677e+04
7.759500e+02 1.086677e+04
7.759000e+02 1.073670e+04
7.758500e+02 1.073670e+04
7.758000e+02 1.072423e+04
7.757500e+02 1.072423e+04
7.757000e+02 1.071910e+04
7.756500e+02 1.071910e+04
7.756000e+02 1.065897e+04
7.755500e+02 1.065897e+04
7.755000e+02 1.059333e+04
7.754500e+02 1.059333e+04
7.754000e+02 1.057103e+04
7.753500e+02 1.057103e+04
7.753000e+02 1.062060e+04
7.752500e+02 1.062060e+04
7.752000e+02 1.048327e+04
7.751500e+02 1.048327e+04
7.751000e+02 1.049000e+04
7.750500e+02 1.049000e+04
7.750000e+02 1.046493e+04
7.749500e+02 1.046493e+04
7.749000e+02 1.031653e+04
7.748500e+02 1.031653e+04
7.748000e+02 1.034760e+04
7.747500e+02 1.034760e+04
7.747000e+02 1.034237e+04
7.746500e+02 1.034237e+04
7.746000e+02 1.026960e+04
7.745500e+02 1.026960e+04
7.745000e+02 1.030887e+04
7.744500e+02 1.030887e+04
7.744000e+02 1.022957e+04
7.743500e+02 1.022957e+04
7.743000e+02 1.020427e+04
7.742500e+02 1.020427e+04
7.742000e+02 1.018107e+04
7.741500e+02 1.018107e+04
7.741000e+02 1.015860e+04
7.740500e+02 1.015860e+04
7.740000e+02 1.002967e+04
7.739500e+02 1.002967e+04
7.739000e+02 1.007607e+04
7.738500e+02 1.007607e+04
7.738000e+02 1.007470e+04
7.737500e+02 1.007470e+04
7.737000e+02 1.008937e+04
7.736500e+02 1.008937e+04
7.736000e+02 1.007540e+04
7.735500e+02 1.007540e+04
7.735000e+02 1.004607e+04
7.734500e+02 1.004607e+04
7.734000e+02 9.945200e+03
7.733500e+02 9.945200e+03
7.733000e+02 9.980233e+03
7.732500e+02 9.980233e+03
7.732000e+02 1.000863e+04
7.731500e+02 1.000863e+04
7.731000e+02 9.840033e+03
7.730500e+02 9.840033e+03
7.730000e+02 9.977700e+03
7.729500e+02 9.977700e+03
7.729000e+02 9.951733e+03
7.728500e+02 9.951733e+03
7.728000e+02 9.859267e+03
7.727500e+02 9.859267e+03
7.727000e+02 9.918133e+03
7.726500e+02 9.918133e+03
7.726000e+02 9.784667e+03
7.725500e+02 9.784667e+03
7.725000e+02 9.808400e+03
7.724500e+02 9.808400e+03
7.724000e+02 9.774733e+03
7.723500e+02 9.774733e+03
7.723000e+02 9.815133e+03
7.722500e+02 9.815133e+03
7.722000e+02 9.847533e+03
7.721500e+02 9.847533e+03
7.721000e+02 9.820900e+03
7.720500e+02 9.820900e+03
7.720000e+02 9.746333e+03
7.719500e+02 9.746333e+03
7.719000e+02 9.708800e+03
7.718500e+02 9.708800e+03
7.718000e+02 9.748067e+03
7.717500e+02 9.748067e+03
7.717000e+02 9.808567e+03
7.716500e+02 9.808567e+03
7.716000e+02 9.655933e+03
7.715500e+02 9.655933e+03
7.715000e+02 9.604100e+03
7.714500e+02 9.604100e+03
7.714000e+02 9.523267e+03
7.713500e+02 9.523267e+03
7.713000e+02 9.493567e+03
7.712500e+02 9.493567e+03
7.712000e+02 9.453500e+03
7.711500e+02 9.453500e+03
7.711000e+02 9.377433e+03
7.710500e+02 9.377433e+03
7.710000e+02 9.422967e+03
7.709500e+02 9.422967e+03
7.709000e+02 9.390567e+03
7.708500e+02 9.390567e+03
7.708000e+02 9.289333e+03
7.707500e+02 9.289333e+03
7.707000e+02 9.106800e+03
7.706500e+02 9.106800e+03
7.706000e+02 9.169533e+03
7.705500e+02 9.169533e+03
7.705000e+02 9.149267e+03
7.704500e+02 9.149267e+03
7.704000e+02 9.034267e+03
7.703500e+02 9.034267e+03
7.703000e+02 8.933200e+03
7.702500e+02 8.933200e+03
7.702000e+02 8.766167e+03
7.701500e+02 8.766167e+03
7.701000e+02 8.735300e+03
7.700500e+02 8.735300e+03
7.700000e+02 8.573833e+03
7.699500e+02 8.573833e+03
7.699000e+02 8.576367e+03
7.698500e+02 8.576367e+03
7.698000e+02 8.557733e+03
7.697500e+02 8.557733e+03
7.697000e+02 8.357967e+03
7.696500e+02 8.357967e+03
7.696000e+02 8.278733e+03
7.695500e+02 8.278733e+03
7.695000e+02 8.222700e+03
7.694500e+02 8.222700e+03
7.694000e+02 8.131667e+03
7.693500e+02 8.131667e+03
7.693000e+02 8.034033e+03
7.692500e+02 8.034033e+03
7.692000e+02 7.936133e+03
7.691500e+02 7.936133e+03
7.691000e+02 7.833533e+03
7.690500e+02 7.833533e+03
7.690000e+02 7.633433e+03
7.689500e+02 7.633433e+03
7.689000e+02 7.605600e+03
7.688500e+02 7.605600e+03
7.688000e+02 7.541067e+03
7.687500e+02 7.541067e+03
7.687000e+02 7.497867e+03
7.686500e+02 7.497867e+03
7.686000e+02 7.286067e+03
7.685500e+02 7.286067e+03
7.685000e+02 7.154600e+03
7.684500e+02 7.154600e+03
7.684000e+02 7.074500e+03
7.683500e+02 7.074500e+03
7.683000e+02 7.073067e+03
7.682500e+02 7.073067e+03
7.682000e+02 6.979933e+03
7.681500e+02 6.979933e+03
7.681000e+02 6.858600e+03
7.680500e+02 6.858600e+03
7.680000e+02 6.834800e+03
7.679500e+02 6.834800e+03
7.679000e+02 6.726400e+03
7.678500e+02 6.726400e+03
7.678000e+02 6.650767e+03
7.677500e+02 6.650767e+03
7.677000e+02 6.653400e+03
7.676500e+02 6.653400e+03
7.676000e+02 6.629700e+03
7.675500e+02 6.629700e+03
7.675000e+02 6.568033e+03
7.674500e+02 6.568033e+03
7.674000e+02 6.467967e+03
7.673500e+02 6.467967e+03
7.673000e+02 6.430400e+03
7.672500e+02 6.430400e+03
7.672000e+02 6.312367e+03
7.671500e+02 6.312367e+03
7.671000e+02 6.414367e+03
7.670500e+02 6.414367e+03
7.670000e+02 6.383500e+03
7.669500e+02 6.383500e+03
7.669000e+02 6.339433e+03
7.668500e+02 6.339433e+03
7.668000e+02 6.308233e+03
7.667500e+02 6.308233e+03
7.667000e+02 6.251667e+03
7.666500e+02 6.251667e+03
7.666000e+02 6.243800e+03
7.665500e+02 6.243800e+03
7.665000e+02 6.171633e+03
7.664500e+02 6.171633e+03
7.664000e+02 6.167233e+03
7.663500e+02 6.167233e+03
7.663000e+02 6.184667e+03
7.662500e+02 6.184667e+03
7.662000e+02 6.124700e+03
7.661500e+02 6.124700e+03
7.661000e+02 6.071200e+03
7.660500e+02 6.071200e+03
7.660000e+02 6.082000e+03
7.659500e+02 6.082000e+03
7.659000e+02 6.054533e+03
7.658500e+02 6.054533e+03
7.658000e+02 6.015833e+03
7.657500e+02 6.015833e+03
7.657000e+02 6.014500e+03
7.656500e+02 6.014500e+03
7.656000e+02 5.992767e+03
7.655500e+02 5.992767e+03
7.655000e+02 5.899733e+03
7.654500e+02 5.899733e+03
7.654000e+02 5.947933e+03
7.653500e+02 5.947933e+03
7.653000e+02 5.869900e+03
7.652500e+02 5.869900e+03
7.652000e+02 5.755700e+03
7.651500e+02 5.755700e+03
7.651000e+02 5.753400e+03
7.650500e+02 5.753400e+03
7.650000e+02 5.767467e+03
7.649500e+02 5.767467e+03
7.649000e+02 5.807800e+03
7.648500e+02 5.807800e+03
7.648000e+02 5.798233e+03
7.647500e+02 5.798233e+03
7.647000e+02 5.810967e+03
7.646500e+02 5.810967e+03
7.646000e+02 5.786233e+03
7.645500e+02 5.786233e+03
7.645000e+02 5.806833e+03
7.644500e+02 5.806833e+03
7.644000e+02 5.741267e+03
7.643500e+02 5.741267e+03
7.643000e+02 5.747133e+03
7.642500e+02 5.747133e+03
7.642000e+02 5.744000e+03
7.641500e+02 5.744000e+03
7.641000e+02 5.788033e+03
7.640500e+02 5.788033e+03
7.640000e+02 5.780067e+03
7.639500e+02 5.780067e+03
7.639000e+02 5.699700e+03
7.638500e+02 5.699700e+03
7.638000e+02 5.602133e+03
7.637500e+02 5.602133e+03
7.637000e+02 5.605967e+03
7.636500e+02 5.605967e+03
7.636000e+02 5.657433e+03
7.635500e+02 5.657433e+03
7.635000e+02 5.565000e+03
7.634500e+02 5.565000e+03
7.634000e+02 5.596133e+03
7.633500e+02 5.596133e+03
7.633000e+02 5.577567e+03
7.632500e+02 5.577567e+03
7.632000e+02 5.544000e+03
7.631500e+02 5.544000e+03
7.631000e+02 5.571433e+03
7.630500e+02 5.571433e+03
7.630000e+02 5.512267e+03
7.629500e+02 5.512267e+03
7.629000e+02 5.548900e+03
7.628500e+02 5.548900e+03
7.628000e+02 5.549833e+03
7.627500e+02 5.549833e+03
7.627000e+02 5.561433e+03
7.626500e+02 5.561433e+03
7.626000e+02 5.549000e+03
7.625500e+02 5.549000e+03
7.625000e+02 5.477667e+03
7.624500e+02 5.477667e+03
7.624000e+02 5.428867e+03
7.623500e+02 5.428867e+03
7.623000e+02 5.424033e+03
7.622500e+02 5.424033e+03
7.622000e+02 5.478767e+03
7.621500e+02 5.478767e+03
7.621000e+02 5.426333e+03
7.620500e+02 5.426333e+03
7.620000e+02 5.545867e+03
7.619500e+02 5.545867e+03
7.619000e+02 5.401233e+03
7.618500e+02 5.401233e+03
7.618000e+02 5.407133e+03
7.617500e+02 5.407133e+03
7.617000e+02 5.478500e+03
7.616500e+02 5.478500e+03
7.616000e+02 5.364500e+03
7.615500e+02 5.364500e+03
7.615000e+02 5.456567e+03
7.614500e+02 5.456567e+03
7.614000e+02 5.440633e+03
7.613500e+02 5.440633e+03
7.613000e+02 5.400267e+03
7.612500e+02 5.400267e+03
7.612000e+02 5.370833e+03
7.611500e+02 5.370833e+03
7.611000e+02 5.322033e+03
7.610500e+02 5.322033e+03
7.610000e+02 5.370133e+03
7.609500e+02 5.370133e+03
7.609000e+02 5.373433e+03
7.608500e+02 5.373433e+03
7.608000e+02 5.330000e+03
7.607500e+02 5.330000e+03
7.607000e+02 5.303233e+03
7.606500e+02 5.303233e+03
7.606000e+02 5.273933e+03
7.605500e+02 5.273933e+03
7.605000e+02 5.302433e+03
7.604500e+02 5.302433e+03
7.604000e+02 5.316133e+03
7.603500e+02 5.316133e+03
7.603000e+02 5.250867e+03
7.602500e+02 5.250867e+03
7.602000e+02 5.349433e+03
7.601500e+02 5.349433e+03
7.601000e+02 5.325667e+03
7.600500e+02 5.325667e+03
7.600000e+02 5.240200e+03
7.599500e+02 5.240200e+03
7.599000e+02 5.260133e+03
7.598500e+02 5.260133e+03
7.598000e+02 5.271267e+03
7.597500e+02 5.271267e+03
7.597000e+02 5.197267e+03
7.596500e+02 5.197267e+03
7.596000e+02 5.254433e+03
7.595500e+02 5.254433e+03
7.595000e+02 5.206900e+03
7.594500e+02 5.206900e+03
7.594000e+02 5.222733e+03
7.593500e+02 5.222733e+03
7.593000e+02 5.251267e+03
7.592500e+02 5.251267e+03
7.592000e+02 5.297267e+03
7.591500e+02 5.297267e+03
7.591000e+02 5.208300e+03
7.590500e+02 5.208300e+03
7.590000e+02 5.195567e+03
7.589500e+02 5.195567e+03
7.589000e+02 5.220033e+03
7.588500e+02 5.220033e+03
7.588000e+02 5.198100e+03
7.587500e+02 5.198100e+03
7.587000e+02 5.101767e+03
7.586500e+02 5.101767e+03
7.586000e+02 5.187333e+03
7.585500e+02 5.187333e+03
7.585000e+02 5.187733e+03
7.584500e+02 5.187733e+03
7.584000e+02 5.171333e+03
7.583500e+02 5.171333e+03
7.583000e+02 5.174533e+03
7.582500e+02 5.174533e+03
7.582000e+02 5.119500e+03
7.581500e+02 5.119500e+03
7.581000e+02 5.147667e+03
7.580500e+02 5.147667e+03
7.580000e+02 5.124767e+03
7.579500e+02 5.124767e+03
7.579000e+02 5.095133e+03
7.578500e+02 5.095133e+03
7.578000e+02 5.055933e+03
7.577500e+02 5.055933e+03
7.577000e+02 5.039000e+03
7.576500e+02 5.039000e+03
7.576000e+02 5.071900e+03
7.575500e+02 5.071900e+03
7.575000e+02 5.099600e+03
7.574500e+02 5.099600e+03
7.574000e+02 5.148833e+03
7.573500e+02 5.148833e+03
7.573000e+02 5.086967e+03
7.572500e+02 5.086967e+03
7.572000e+02 5.065200e+03
7.571500e+02 5.065200e+03
7.571000e+02 5.019333e+03
7.570500e+02 5.019333e+03
7.570000e+02 4.979533e+03
7.569500e+02 4.979533e+03
7.569000e+02 4.956300e+03
7.568500e+02 4.956300e+03
7.568000e+02 5.041367e+03
7.567500e+02 5.041367e+03
7.567000e+02 5.023133e+03
7.566500e+02 5.023133e+03
7.566000e+02 5.087233e+03
7.565500e+02 5.087233e+03
7.565000e+02 4.955000e+03
7.564500e+02 4.955000e+03
7.564000e+02 4.940133e+03
7.563500e+02 4.940133e+03
7.563000e+02 4.911433e+03
7.562500e+02 4.911433e+03
7.562000e+02 4.921167e+03
7.561500e+02 4.921167e+03
7.561000e+02 4.922867e+03
7.560500e+02 4.922867e+03
7.560000e+02 4.882533e+03
7.559500e+02 4.882533e+03
7.559000e+02 4.880633e+03
7.558500e+02 4.880633e+03
7.558000e+02 4.808633e+03
7.557500e+02 4.808633e+03
7.557000e+02 4.736133e+03
7.556500e+02 4.736133e+03
7.556000e+02 4.804567e+03
7.555500e+02 4.804567e+03
7.555000e+02 4.840767e+03
7.554500e+02 4.840767e+03
7.554000e+02 4.852667e+03
7.553500e+02 4.852667e+03
7.553000e+02 4.910033e+03
7.552500e+02 4.910033e+03
7.552000e+02 4.851300e+03
7.551500e+02 4.851300e+03
7.551000e+02 4.804567e+03
7.550500e+02 4.804567e+03
7.550000e+02 4.799967e+03
7.549500e+02 4.799967e+03
7.549000e+02 4.786833e+03
7.548500e+02 4.786833e+03
7.548000e+02 4.737933e+03
7.547500e+02 4.737933e+03
7.547000e+02 4.719533e+03
7.546500e+02 4.719533e+03
7.546000e+02 4.682933e+03
7.545500e+02 4.682933e+03
7.545000e+02 4.701000e+03
7.544500e+02 4.701000e+03
7.544000e+02 4.705900e+03
7.543500e+02 4.705900e+03
7.543000e+02 4.732233e+03
7.542500e+02 4.732233e+03
7.542000e+02 4.659700e+03
7.541500e+02 4.659700e+03
7.541000e+02 4.702633e+03
7.540500e+02 4.702633e+03
7.540000e+02 4.707533e+03
7.539500e+02 4.707533e+03
7.539000e+02 4.682100e+03
7.538500e+02 4.682100e+03
7.538000e+02 4.671333e+03
7.537500e+02 4.671333e+03
7.537000e+02 4.712300e+03
7.536500e+02 4.712300e+03
7.536000e+02 4.706400e+03
7.535500e+02 4.706400e+03
7.535000e+02 4.685900e+03
7.534500e+02 4.685900e+03
7.534000e+02 4.642367e+03
7.533500e+02 4.642367e+03
7.533000e+02 4.558000e+03
7.532500e+02 4.558000e+03
7.532000e+02 4.697133e+03
7.531500e+02 4.697133e+03
7.531000e+02 4.654333e+03
7.530500e+02 4.654333e+03
7.530000e+02 4.661233e+03
7.529500e+02 4.661233e+03
7.529000e+02 4.654567e+03
7.528500e+02 4.654567e+03
7.528000e+02 4.598200e+03
7.527500e+02 4.598200e+03
7.527000e+02 4.576300e+03
7.526500e+02 4.576300e+03
7.526000e+02 4.593933e+03
7.525500e+02 4.593933e+03
7.525000e+02 4.647633e+03
7.524500e+02 4.647633e+03
7.524000e+02 4.589267e+03
7.523500e+02 4.589267e+03
7.523000e+02 4.645267e+03
7.522500e+02 4.645267e+03
7.522000e+02 4.557367e+03
7.521500e+02 4.557367e+03
7.521000e+02 4.624933e+03
7.520500e+02 4.624933e+03
7.520000e+02 4.614833e+03
7.519500e+02 4.614833e+03
7.519000e+02 4.588400e+03
7.518500e+02 4.588400e+03
7.518000e+02 4.647233e+03
7.517500e+02 4.647233e+03
7.517000e+02 4.582400e+03
7.516500e+02 4.582400e+03
7.516000e+02 4.532233e+03
7.515500e+02 4.532233e+03
7.515000e+02 4.533367e+03
7.514500e+02 4.533367e+03
7.514000e+02 4.549833e+03
7.513500e+02 4.549833e+03
7.513000e+02 4.609767e+03
7.512500e+02 4.609767e+03
7.512000e+02 4.611000e+03
7.511500e+02 4.611000e+03
7.511000e+02 4.633833e+03
7.510500e+02 4.633833e+03
7.510000e+02 4.528633e+03
7.509500e+02 4.528633e+03
7.509000e+02 4.616267e+03
7.508500e+02 4.616267e+03
7.508000e+02 4.577267e+03
7.507500e+02 4.577267e+03
7.507000e+02 4.573700e+03
7.506500e+02 4.573700e+03
7.506000e+02 4.561267e+03
7.505500e+02 4.561267e+03
7.505000e+02 4.521367e+03
7.504500e+02 4.521367e+03
7.504000e+02 4.492767e+03
7.503500e+02 4.492767e+03
7.503000e+02 4.450700e+03
7.502500e+02 4.450700e+03
7.502000e+02 4.524133e+03
7.501500e+02 4.524133e+03
7.501000e+02 4.552500e+03
7.500500e+02 4.552500e+03
7.500000e+02 4.529100e+03
7.499500e+02 4.529100e+03
7.499000e+02 4.541300e+03
7.498500e+02 4.541300e+03
7.498000e+02 4.506833e+03
7.497500e+02 4.506833e+03
7.497000e+02 4.540700e+03
7.496500e+02 4.540700e+03
7.496000e+02 4.553133e+03
7.495500e+02 4.553133e+03
7.495000e+02 4.603000e+03
7.494500e+02 4.603000e+03
7.494000e+02 4.586800e+03
7.493500e+02 4.586800e+03
7.493000e+02 4.569600e+03
7.492500e+02 4.569600e+03
7.492000e+02 4.603500e+03
7.491500e+02 4.603500e+03
7.491000e+02 4.573300e+03
7.490500e+02 4.573300e+03
7.490000e+02 4.577267e+03
7.489500e+02 4.577267e+03
7.489000e+02 4.589800e+03
7.488500e+02 4.589800e+03
7.488000e+02 4.584767e+03
7.487500e+02 4.584767e+03
7.487000e+02 4.600900e+03
7.486500e+02 4.600900e+03
7.486000e+02 4.589167e+03
7.485500e+02 4.589167e+03
7.485000e+02 4.561500e+03
7.484500e+02 4.561500e+03
7.484000e+02 4.649567e+03
7.483500e+02 4.649567e+03
7.483000e+02 4.598267e+03
7.482500e+02 4.598267e+03
7.482000e+02 4.563433e+03
7.481500e+02 4.563433e+03
7.481000e+02 4.568233e+03
7.480500e+02 4.568233e+03
7.480000e+02 4.591467e+03
7.479500e+02 4.591467e+03
7.479000e+02 4.581967e+03
7.478500e+02 4.581967e+03
7.478000e+02 4.592433e+03
7.477500e+02 4.592433e+03
7.477000e+02 4.603100e+03
7.476500e+02 4.603100e+03
7.476000e+02 4.579167e+03
7.475500e+02 4.579167e+03
7.475000e+02 4.519200e+03
7.474500e+02 4.519200e+03
7.474000e+02 4.484967e+03
7.473500e+02 4.484967e+03
7.473000e+02 4.582500e+03
7.472500e+02 4.582500e+03
7.472000e+02 4.587633e+03
7.471500e+02 4.587633e+03
7.471000e+02 4.616233e+03
7.470500e+02 4.616233e+03
7.470000e+02 4.574367e+03
7.469500e+02 4.574367e+03
7.469000e+02 4.548400e+03
7.468500e+02 4.548400e+03
7.468000e+02 4.567933e+03
7.467500e+02 4.567933e+03
7.467000e+02 4.655433e+03
7.466500e+02 4.655433e+03
7.466000e+02 4.629233e+03
7.465500e+02 4.629233e+03
7.465000e+02 4.639600e+03
7.464500e+02 4.639600e+03
7.464000e+02 4.586800e+03
7.463500e+02 4.586800e+03
7.463000e+02 4.591667e+03
7.462500e+02 4.591667e+03
7.462000e+02 4.580033e+03
7.461500e+02 4.580033e+03
7.461000e+02 4.687533e+03
7.460500e+02 4.687533e+03
7.460000e+02 4.612433e+03
7.459500e+02 4.612433e+03
7.459000e+02 4.617233e+03
7.458500e+02 4.617233e+03
7.458000e+02 4.554633e+03
7.457500e+02 4.554633e+03
7.457000e+02 4.578467e+03
7.456500e+02 4.578467e+03
7.456000e+02 4.571933e+03
7.455500e+02 4.571933e+03
7.455000e+02 4.580667e+03
7.454500e+02 4.580667e+03
7.454000e+02 4.561700e+03
7.453500e+02 4.561700e+03
7.453000e+02 4.626600e+03
7.452500e+02 4.626600e+03
7.452000e+02 4.639200e+03
7.451500e+02 4.639200e+03
7.451000e+02 4.607633e+03
7.450500e+02 4.607633e+03
7.450000e+02 4.617500e+03
7.449500e+02 4.617500e+03
7.449000e+02 4.687500e+03
7.448500e+02 4.687500e+03
7.448000e+02 4.659467e+03
7.447500e+02 4.659467e+03
7.447000e+02 4.618800e+03
7.446500e+02 4.618800e+03
7.446000e+02 4.666567e+03
7.445500e+02 4.666567e+03
7.445000e+02 4.642400e+03
7.444500e+02 4.642400e+03
7.444000e+02 4.587333e+03
7.443500e+02 4.587333e+03
7.443000e+02 4.644800e+03
7.442500e+02 4.644800e+03
7.442000e+02 4.598900e+03
7.441500e+02 4.598900e+03
7.441000e+02 4.569033e+03
7.440500e+02 4.569033e+03
7.440000e+02 4.675367e+03
7.439500e+02 4.675367e+03
7.439000e+02 4.637933e+03
7.438500e+02 4.637933e+03
7.438000e+02 4.619433e+03
7.437500e+02 4.619433e+03
7.437000e+02 4.564967e+03
7.436500e+02 4.564967e+03
7.436000e+02 4.642500e+03
7.435500e+02 4.642500e+03
7.435000e+02 4.616633e+03
7.434500e+02 4.616633e+03
7.434000e+02 4.664933e+03
7.433500e+02 4.664933e+03
7.433000e+02 4.647767e+03
7.432500e+02 4.647767e+03
7.432000e+02 4.615100e+03
7.431500e+02 4.615100e+03
7.431000e+02 4.656467e+03
7.430500e+02 4.656467e+03
7.430000e+02 4.689533e+03
7.429500e+02 4.689533e+03
7.429000e+02 4.670033e+03
7.428500e+02 4.670033e+03
7.428000e+02 4.716700e+03
7.427500e+02 4.716700e+03
7.427000e+02 4.671633e+03
7.426500e+02 4.671633e+03
7.426000e+02 4.720900e+03
7.425500e+02 4.720900e+03
7.425000e+02 4.768033e+03
7.424500e+02 4.768033e+03
7.424000e+02 4.670067e+03
7.423500e+02 4.670067e+03
7.423000e+02 4.632033e+03
7.422500e+02 4.632033e+03
7.422000e+02 4.670333e+03
7.421500e+02 4.670333e+03
7.421000e+02 4.627300e+03
7.420500e+02 4.627300e+03
7.420000e+02 4.678900e+03
7.419500e+02 4.678900e+03
7.419000e+02 4.687700e+03
7.418500e+02 4.687700e+03
7.418000e+02 4.704400e+03
7.417500e+02 4.704400e+03
7.417000e+02 4.719667e+03
7.416500e+02 4.719667e+03
7.416000e+02 4.739100e+03
7.415500e+02 4.739100e+03
7.415000e+02 4.743200e+03
7.414500e+02 4.743200e+03
7.414000e+02 4.689633e+03
7.413500e+02 4.689633e+03
7.413000e+02 4.731700e+03
7.412500e+02 4.731700e+03
7.412000e+02 4.697567e+03
7.411500e+02 4.697567e+03
7.411000e+02 4.727767e+03
7.410500e+02 4.727767e+03
7.410000e+02 4.678600e+03
7.409500e+02 4.678600e+03
7.409000e+02 4.738867e+03
7.408500e+02 4.738867e+03
7.408000e+02 4.718900e+03
7.407500e+02 4.718900e+03
7.407000e+02 4.754500e+03
7.406500e+02 4.754500e+03
7.406000e+02 4.738467e+03
7.405500e+02 4.738467e+03
7.405000e+02 4.679333e+03
7.404500e+02 4.679333e+03
7.404000e+02 4.767900e+03
7.403500e+02 4.767900e+03
7.403000e+02 4.798700e+03
7.402500e+02 4.798700e+03
7.402000e+02 4.738633e+03
7.401500e+02 4.738633e+03
7.401000e+02 4.728867e+03
7.400500e+02 4.728867e+03
7.400000e+02 4.735000e+03
7.399500e+02 4.735000e+03
7.399000e+02 4.735667e+03
7.398500e+02 4.735667e+03
7.398000e+02 4.755200e+03
7.397500e+02 4.755200e+03
7.397000e+02 4.792433e+03
7.396500e+02 4.792433e+03
7.396000e+02 4.793133e+03
7.395500e+02 4.793133e+03
7.395000e+02 4.741300e+03
7.394500e+02 4.741300e+03
7.394000e+02 4.717533e+03
7.393500e+02 4.717533e+03
7.393000e+02 4.772233e+03
7.392500e+02 4.772233e+03
7.392000e+02 4.795867e+03
7.391500e+02 4.795867e+03
7.391000e+02 4.810600e+03
7.390500e+02 4.810600e+03
7.390000e+02 4.823767e+03
7.389500e+02 4.823767e+03
7.389000e+02 4.799367e+03
7.388500e+02 4.799367e+03
7.388000e+02 4.849900e+03
7.387500e+02 4.849900e+03
7.387000e+02 4.813967e+03
7.386500e+02 4.813967e+03
7.386000e+02 4.822433e+03
7.385500e+02 4.822433e+03
7.385000e+02 4.730367e+03
7.384500e+02 4.730367e+03
7.384000e+02 4.884400e+03
7.383500e+02 4.884400e+03
7.383000e+02 4.816067e+03
7.382500e+02 4.816067e+03
7.382000e+02 4.805767e+03
7.381500e+02 4.805767e+03
7.381000e+02 4.855833e+03
7.380500e+02 4.855833e+03
7.380000e+02 4.887967e+03
7.379500e+02 4.887967e+03
7.379000e+02 4.810133e+03
7.378500e+02 4.810133e+03
7.378000e+02 4.846100e+03
7.377500e+02 4.846100e+03
7.377000e+02 4.890033e+03
7.376500e+02 4.890033e+03
7.376000e+02 4.925133e+03
7.375500e+02 4.925133e+03
7.375000e+02 4.838067e+03
7.374500e+02 4.838067e+03
7.374000e+02 4.914500e+03
7.373500e+02 4.914500e+03
7.373000e+02 4.929233e+03
7.372500e+02 4.929233e+03
7.372000e+02 4.873533e+03
7.371500e+02 4.873533e+03
7.371000e+02 4.872100e+03
7.370500e+02 4.872100e+03
7.370000e+02 4.875000e+03
7.369500e+02 4.875000e+03
7.369000e+02 4.854700e+03
7.368500e+02 4.854700e+03
7.368000e+02 4.881300e+03
7.367500e+02 4.881300e+03
7.367000e+02 4.792367e+03
7.366500e+02 4.792367e+03
7.366000e+02 4.843100e+03
7.365500e+02 4.843100e+03
7.365000e+02 4.861033e+03
7.364500e+02 4.861033e+03
7.364000e+02 4.878667e+03
7.363500e+02 4.878667e+03
7.363000e+02 4.887000e+03
7.362500e+02 4.887000e+03
7.362000e+02 4.916033e+03
7.361500e+02 4.916033e+03
7.361000e+02 4.888667e+03
7.360500e+02 4.888667e+03
7.360000e+02 4.866100e+03
7.359500e+02 4.866100e+03
7.359000e+02 4.852900e+03
7.358500e+02 4.852900e+03
7.358000e+02 4.832767e+03
7.357500e+02 4.832767e+03
7.357000e+02 4.923167e+03
7.356500e+02 4.923167e+03
7.356000e+02 4.908333e+03
7.355500e+02 4.908333e+03
7.355000e+02 4.896133e+03
7.354500e+02 4.896133e+03
7.354000e+02 4.950200e+03
7.353500e+02 4.950200e+03
7.353000e+02 4.926533e+03
7.352500e+02 4.926533e+03
7.352000e+02 4.952667e+03
7.351500e+02 4.952667e+03
7.351000e+02 4.922333e+03
7.350500e+02 4.922333e+03
7.350000e+02 4.764867e+03
7.349500e+02 4.764867e+03
7.349000e+02 4.855167e+03
7.348500e+02 4.855167e+03
7.348000e+02 4.942400e+03
7.347500e+02 4.942400e+03
7.347000e+02 4.901633e+03
7.346500e+02 4.901633e+03
7.346000e+02 4.928000e+03
7.345500e+02 4.928000e+03
7.345000e+02 4.942667e+03
7.344500e+02 4.942667e+03
7.344000e+02 5.034567e+03
7.343500e+02 5.034567e+03
7.343000e+02 4.932800e+03
7.342500e+02 4.932800e+03
7.342000e+02 4.907567e+03
7.341500e+02 4.907567e+03
7.341000e+02 4.935633e+03
7.340500e+02 4.935633e+03
7.340000e+02 4.922200e+03
7.339500e+02 4.922200e+03
7.339000e+02 4.989433e+03
7.338500e+02 4.989433e+03
7.338000e+02 4.895000e+03
7.337500e+02 4.895000e+03
7.337000e+02 4.876067e+03
7.336500e+02 4.876067e+03
7.336000e+02 4.912800e+03
7.335500e+02 4.912800e+03
7.335000e+02 4.909533e+03
7.334500e+02 4.909533e+03
7.334000e+02 4.970033e+03
7.333500e+02 4.970033e+03
7.333000e+02 4.950033e+03
7.332500e+02 4.950033e+03
7.332000e+02 4.934900e+03
7.331500e+02 4.934900e+03
7.331000e+02 4.926867e+03
7.330500e+02 4.926867e+03
7.330000e+02 4.927767e+03
7.329500e+02 4.927767e+03
7.329000e+02 4.958000e+03
7.328500e+02 4.958000e+03
7.328000e+02 4.956967e+03
7.327500e+02 4.956967e+03
7.327000e+02 4.887167e+03
7.326500e+02 4.887167e+03
7.326000e+02 4.880567e+03
7.325500e+02 4.880567e+03
7.325000e+02 4.905333e+03
7.324500e+02 4.905333e+03
7.324000e+02 4.941067e+03
7.323500e+02 4.941067e+03
7.323000e+02 4.890833e+03
7.322500e+02 4.890833e+03
7.322000e+02 4.920800e+03
7.321500e+02 4.920800e+03
7.321000e+02 4.933567e+03
7.320500e+02 4.933567e+03
7.320000e+02 4.938733e+03
7.319500e+02 4.938733e+03
7.319000e+02 4.927533e+03
7.318500e+02 4.927533e+03
7.318000e+02 4.903433e+03
7.317500e+02 4.903433e+03
7.317000e+02 4.986467e+03
7.316500e+02 4.986467e+03
7.316000e+02 4.949433e+03
7.315500e+02 4.949433e+03
7.315000e+02 4.946000e+03
7.314500e+02 4.946000e+03
7.314000e+02 4.875367e+03
7.313500e+02 4.875367e+03
7.313000e+02 4.965867e+03
7.312500e+02 4.965867e+03
7.312000e+02 4.889600e+03
7.311500e+02 4.889600e+03
7.311000e+02 4.966833e+03
7.310500e+02 4.966833e+03
7.310000e+02 4.952433e+03
7.309500e+02 4.952433e+03
7.309000e+02 4.886833e+03
7.308500e+02 4.886833e+03
7.308000e+02 4.888433e+03
7.307500e+02 4.888433e+03
7.307000e+02 4.964667e+03
7.306500e+02 4.964667e+03
7.306000e+02 4.932067e+03
7.305500e+02 4.932067e+03
7.305000e+02 4.979667e+03
7.304500e+02 4.979667e+03
7.304000e+02 4.943933e+03
7.303500e+02 4.943933e+03
7.303000e+02 4.945500e+03
7.302500e+02 4.945500e+03
7.302000e+02 4.850000e+03
7.301500e+02 4.850000e+03
7.301000e+02 4.838700e+03
7.300500e+02 4.838700e+03
7.300000e+02 4.904600e+03
7.299500e+02 4.904600e+03
7.299000e+02 4.901900e+03
7.298500e+02 4.901900e+03
7.298000e+02 4.900333e+03
7.297500e+02 4.900333e+03
7.297000e+02 4.926333e+03
7.296500e+02 4.926333e+03
7.296000e+02 4.945633e+03
7.295500e+02 4.945633e+03
7.295000e+02 4.834667e+03
7.294500e+02 4.834667e+03
7.294000e+02 4.863933e+03
7.293500e+02 4.863933e+03
7.293000e+02 4.934600e+03
7.292500e+02 4.934600e+03
7.292000e+02 4.864633e+03
7.291500e+02 4.864633e+03
7.291000e+02 4.867267e+03
7.290500e+02 4.867267e+03
7.290000e+02 4.892900e+03
7.289500e+02 4.892900e+03
7.289000e+02 4.871200e+03
7.288500e+02 4.871200e+03
7.288000e+02 4.856867e+03
7.287500e+02 4.856867e+03
7.287000e+02 4.876833e+03
7.286500e+02 4.876833e+03
7.286000e+02 4.849600e+03
7.285500e+02 4.849600e+03
7.285000e+02 4.864800e+03
7.284500e+02 4.864800e+03
7.284000e+02 4.817767e+03
7.283500e+02 4.817767e+03
7.283000e+02 4.847200e+03
7.282500e+02 4.847200e+03
7.282000e+02 4.884233e+03
7.281500e+02 4.884233e+03
7.281000e+02 4.820033e+03
7.280500e+02 4.820033e+03
7.280000e+02 4.816100e+03
7.279500e+02 4.816100e+03
7.279000e+02 4.934533e+03
7.278500e+02 4.934533e+03
7.278000e+02 4.875033e+03
7.277500e+02 4.875033e+03
7.277000e+02 4.854300e+03
7.276500e+02 4.854300e+03
7.276000e+02 4.869567e+03
7.275500e+02 4.869567e+03
7.275000e+02 4.860567e+03
7.274500e+02 4.860567e+03
7.274000e+02 4.896067e+03
7.273500e+02 4.896067e+03
7.273000e+02 4.884467e+03
7.272500e+02 4.884467e+03
7.272000e+02 4.999633e+03
7.271500e+02 4.999633e+03
7.271000e+02 5.007633e+03
7.270500e+02 5.007633e+03
7.270000e+02 4.977067e+03
7.269500e+02 4.977067e+03
7.269000e+02 4.951900e+03
7.268500e+02 4.951900e+03
7.268000e+02 4.978067e+03
7.267500e+02 4.978067e+03
7.267000e+02 4.955233e+03
7.266500e+02 4.955233e+03
7.266000e+02 4.968667e+03
7.265500e+02 4.968667e+03
7.265000e+02 4.943467e+03
7.264500e+02 4.943467e+03
7.264000e+02 4.959667e+03
7.263500e+02 4.959667e+03
7.263000e+02 4.996800e+03
7.262500e+02 4.996800e+03
7.262000e+02 5.080600e+03
7.261500e+02 5.080600e+03
7.261000e+02 5.122667e+03
7.260500e+02 5.122667e+03
7.260000e+02 5.093333e+03
7.259500e+02 5.093333e+03
7.259000e+02 5.046600e+03
7.258500e+02 5.046600e+03
7.258000e+02 5.062500e+03
7.257500e+02 5.062500e+03
7.257000e+02 5.141100e+03
7.256500e+02 5.141100e+03
7.256000e+02 5.123967e+03
7.255500e+02 5.123967e+03
7.255000e+02 5.139267e+03
7.254500e+02 5.139267e+03
7.254000e+02 5.172133e+03
7.253500e+02 5.172133e+03
7.253000e+02 5.188733e+03
7.252500e+02 5.188733e+03
7.252000e+02 5.098067e+03
7.251500e+02 5.098067e+03
7.251000e+02 5.186567e+03
7.250500e+02 5.186567e+03
7.250000e+02 5.185533e+03
7.249500e+02 5.185533e+03
7.249000e+02 5.259967e+03
7.248500e+02 5.259967e+03
7.248000e+02 5.297967e+03
7.247500e+02 5.297967e+03
7.247000e+02 5.270867e+03
7.246500e+02 5.270867e+03
7.246000e+02 5.255600e+03
7.245500e+02 5.255600e+03
7.245000e+02 5.295067e+03
7.244500e+02 5.295067e+03
7.244000e+02 5.361900e+03
7.243500e+02 5.361900e+03
7.243000e+02 5.289433e+03
7.242500e+02 5.289433e+03
7.242000e+02 5.356800e+03
7.241500e+02 5.356800e+03
7.241000e+02 5.394233e+03
7.240500e+02 5.394233e+03
7.240000e+02 5.498400e+03
7.239500e+02 5.498400e+03
7.239000e+02 5.491700e+03
7.238500e+02 5.491700e+03
7.238000e+02 5.524533e+03
7.237500e+02 5.524533e+03
7.237000e+02 5.664000e+03
7.236500e+02 5.664000e+03
7.236000e+02 5.678300e+03
7.235500e+02 5.678300e+03
7.235000e+02 5.668467e+03
7.234500e+02 5.668467e+03
7.234000e+02 5.595233e+03
7.233500e+02 5.595233e+03
7.233000e+02 5.588100e+03
7.232500e+02 5.588100e+03
7.232000e+02 5.677133e+03
7.231500e+02 5.677133e+03
7.231000e+02 5.717333e+03
7.230500e+02 5.717333e+03
7.230000e+02 5.708133e+03
7.229500e+02 5.708133e+03
7.229000e+02 5.832267e+03
7.228500e+02 5.832267e+03
7.228000e+02 5.867100e+03
7.227500e+02 5.867100e+03
7.227000e+02 5.958767e+03
7.226500e+02 5.958767e+03
7.226000e+02 5.942200e+03
7.225500e+02 5.942200e+03
7.225000e+02 5.949000e+03
7.224500e+02 5.949000e+03
7.224000e+02 6.104900e+03
7.223500e+02 6.104900e+03
7.223000e+02 6.109267e+03
7.222500e+02 6.109267e+03
7.222000e+02 6.188033e+03
7.221500e+02 6.188033e+03
7.221000e+02 6.246733e+03
7.220500e+02 6.246733e+03
7.220000e+02 6.290300e+03
7.219500e+02 6.290300e+03
7.219000e+02 6.314600e+03
7.218500e+02 6.314600e+03
7.218000e+02 6.457533e+03
7.217500e+02 6.457533e+03
7.217000e+02 6.523067e+03
7.216500e+02 6.523067e+03
7.216000e+02 6.572533e+03
7.215500e+02 6.572533e+03
7.215000e+02 6.616567e+03
7.214500e+02 6.616567e+03
7.214000e+02 6.658067e+03
7.213500e+02 6.658067e+03
7.213000e+02 6.676400e+03
7.212500e+02 6.676400e+03
7.212000e+02 6.857233e+03
7.211500e+02 6.857233e+03
7.211000e+02 6.905633e+03
7.210500e+02 6.905633e+03
7.210000e+02 6.943367e+03
7.209500e+02 6.943367e+03
7.209000e+02 6.976000e+03
7.208500e+02 6.976000e+03
7.208000e+02 7.061133e+03
7.207500e+02 7.061133e+03
7.207000e+02 7.139600e+03
7.206500e+02 7.139600e+03
7.206000e+02 7.309033e+03
7.205500e+02 7.309033e+03
7.205000e+02 7.252000e+03
7.204500e+02 7.252000e+03
7.204000e+02 7.336700e+03
7.203500e+02 7.336700e+03
7.203000e+02 7.363867e+03
7.202500e+02 7.363867e+03
7.202000e+02 7.456233e+03
7.201500e+02 7.456233e+03
7.201000e+02 7.461067e+03
7.200500e+02 7.461067e+03
7.200000e+02 7.511033e+03
7.199500e+02 7.511033e+03
7.199000e+02 7.696533e+03
7.198500e+02 7.696533e+03
7.198000e+02 7.753267e+03
7.197500e+02 7.753267e+03
7.197000e+02 7.692867e+03
7.196500e+02 7.692867e+03
7.196000e+02 7.716267e+03
7.195500e+02 7.716267e+03
7.195000e+02 7.751133e+03
7.194500e+02 7.751133e+03
7.194000e+02 7.810567e+03
7.193500e+02 7.810567e+03
7.193000e+02 7.932633e+03
7.192500e+02 7.932633e+03
7.192000e+02 8.035433e+03
7.191500e+02 8.035433e+03
7.191000e+02 8.033067e+03
7.190500e+02 8.033067e+03
7.190000e+02 8.133367e+03
7.189500e+02 8.133367e+03
7.189000e+02 8.165833e+03
7.188500e+02 8.165833e+03
7.188000e+02 8.078200e+03
7.187500e+02 8.078200e+03
7.187000e+02 8.131700e+03
7.186500e+02 8.131700e+03
7.186000e+02 8.192567e+03
7.185500e+02 8.192567e+03
7.185000e+02 8.225033e+03
7.184500e+02 8.225033e+03
7.184000e+02 8.196033e+03
7.183500e+02 8.196033e+03
7.183000e+02 8.271400e+03
7.182500e+02 8.271400e+03
7.182000e+02 8.300767e+03
7.181500e+02 8.300767e+03
7.181000e+02 8.312700e+03
7.180500e+02 8.312700e+03
7.180000e+02 8.298467e+03
7.179500e+02 8.298467e+03
7.179000e+02 8.301167e+03
7.178500e+02 8.301167e+03
7.178000e+02 8.255633e+03
7.177500e+02 8.255633e+03
7.177000e+02 8.312467e+03
7.176500e+02 8.312467e+03
7.176000e+02 8.335867e+03
7.175500e+02 8.335867e+03
7.175000e+02 8.375467e+03
7.174500e+02 8.375467e+03
7.174000e+02 8.318000e+03
7.173500e+02 8.318000e+03
7.173000e+02 8.344433e+03
7.172500e+02 8.344433e+03
7.172000e+02 8.448200e+03
7.171500e+02 8.448200e+03
7.171000e+02 8.405433e+03
7.170500e+02 8.405433e+03
7.170000e+02 8.358767e+03
7.169500e+02 8.358767e+03
7.169000e+02 8.370500e+03
7.168500e+02 8.370500e+03
7.168000e+02 8.460333e+03
7.167500e+02 8.460333e+03
7.167000e+02 8.324867e+03
7.166500e+02 8.324867e+03
7.166000e+02 8.403800e+03
7.165500e+02 8.403800e+03
7.165000e+02 8.568400e+03
7.164500e+02 8.568400e+03
7.164000e+02 8.512367e+03
7.163500e+02 8.512367e+03
7.163000e+02 8.542833e+03
7.162500e+02 8.542833e+03
7.162000e+02 8.568333e+03
7.161500e+02 8.568333e+03
7.161000e+02 8.512233e+03
7.160500e+02 8.512233e+03
7.160000e+02 8.456900e+03
7.159500e+02 8.456900e+03
7.159000e+02 8.487700e+03
7.158500e+02 8.487700e+03
7.158000e+02 8.488700e+03
7.157500e+02 8.488700e+03
7.157000e+02 8.496133e+03
7.156500e+02 8.496133e+03
7.156000e+02 8.514967e+03
7.155500e+02 8.514967e+03
7.155000e+02 8.515633e+03
7.154500e+02 8.515633e+03
7.154000e+02 8.571967e+03
7.153500e+02 8.571967e+03
7.153000e+02 8.525867e+03
7.152500e+02 8.525867e+03
7.152000e+02 8.619467e+03
7.151500e+02 8.619467e+03
7.151000e+02 8.632000e+03
7.150500e+02 8.632000e+03
7.150000e+02 8.556333e+03
7.149500e+02 8.556333e+03
7.149000e+02 8.583000e+03
7.148500e+02 8.583000e+03
7.148000e+02 8.605467e+03
7.147500e+02 8.605467e+03
7.147000e+02 8.690467e+03
7.146500e+02 8.690467e+03
7.146000e+02 8.598833e+03
7.145500e+02 8.598833e+03
7.145000e+02 8.742833e+03
7.144500e+02 8.742833e+03
7.144000e+02 8.764267e+03
7.143500e+02 8.764267e+03
7.143000e+02 8.764433e+03
7.142500e+02 8.764433e+03
7.142000e+02 8.894667e+03
7.141500e+02 8.894667e+03
7.141000e+02 8.931367e+03
7.140500e+02 8.931367e+03
7.140000e+02 8.840200e+03
7.139500e+02 8.840200e+03
7.139000e+02 8.824933e+03
7.138500e+02 8.824933e+03
7.138000e+02 8.940967e+03
7.137500e+02 8.940967e+03
7.137000e+02 8.935667e+03
7.136500e+02 8.935667e+03
7.136000e+02 8.859400e+03
7.135500e+02 8.859400e+03
7.135000e+02 8.941933e+03
7.134500e+02 8.941933e+03
7.134000e+02 8.960233e+03
7.133500e+02 8.960233e+03
7.133000e+02 9.012533e+03
7.132500e+02 9.012533e+03
7.132000e+02 8.918233e+03
7.131500e+02 8.918233e+03
7.131000e+02 9.006167e+03
7.130500e+02 9.006167e+03
7.130000e+02 8.935300e+03
7.129500e+02 8.935300e+03
7.129000e+02 8.902467e+03
7.128500e+02 8.902467e+03
7.128000e+02 8.896800e+03
7.127500e+02 8.896800e+03
7.127000e+02 8.946967e+03
7.126500e+02 8.946967e+03
7.126000e+02 8.967233e+03
7.125500e+02 8.967233e+03
7.125000e+02 8.897267e+03
7.124500e+02 8.897267e+03
7.124000e+02 8.889367e+03
7.123500e+02 8.889367e+03
7.123000e+02 8.927300e+03
7.122500e+02 8.927300e+03
7.122000e+02 8.942200e+03
7.121500e+02 8.942200e+03
7.121000e+02 8.850033e+03
7.120500e+02 8.850033e+03
7.120000e+02 8.808133e+03
7.119500e+02 8.808133e+03
7.119000e+02 8.680833e+03
7.118500e+02 8.680833e+03
7.118000e+02 8.610833e+03
7.117500e+02 8.610833e+03
7.117000e+02 8.636767e+03
7.116500e+02 8.636767e+03
7.116000e+02 8.620700e+03
7.115500e+02 8.620700e+03
7.115000e+02 8.651533e+03
7.114500e+02 8.651533e+03
7.114000e+02 8.564100e+03
7.113500e+02 8.564100e+03
7.113000e+02 8.510033e+03
7.112500e+02 8.510033e+03
7.112000e+02 8.562967e+03
7.111500e+02 8.562967e+03
7.111000e+02 8.532000e+03
7.110500e+02 8.532000e+03
7.110000e+02 8.402767e+03
7.109500e+02 8.402767e+03
7.109000e+02 8.188167e+03
7.108500e+02 8.188167e+03
7.108000e+02 8.087633e+03
7.107500e+02 8.087633e+03
7.107000e+02 8.083467e+03
7.106500e+02 8.083467e+03
7.106000e+02 7.941500e+03
7.105500e+02 7.941500e+03
7.105000e+02 7.830233e+03
7.104500e+02 7.830233e+03
7.104000e+02 7.806700e+03
7.103500e+02 7.806700e+03
7.103000e+02 7.632067e+03
7.102500e+02 7.632067e+03
7.102000e+02 7.479100e+03
7.101500e+02 7.479100e+03
7.101000e+02 7.333800e+03
7.100500e+02 7.333800e+03
7.100000e+02 7.185667e+03
7.099500e+02 7.185667e+03
7.099000e+02 7.057300e+03
7.098500e+02 7.057300e+03
7.098000e+02 6.921667e+03
7.097500e+02 6.921667e+03
7.097000e+02 6.764967e+03
7.096500e+02 6.764967e+03
7.096000e+02 6.693400e+03
7.095500e+02 6.693400e+03
7.095000e+02 6.456500e+03
7.094500e+02 6.456500e+03
7.094000e+02 6.373500e+03
7.093500e+02 6.373500e+03
7.093000e+02 6.210767e+03
7.092500e+02 6.210767e+03
7.092000e+02 6.041833e+03
7.091500e+02 6.041833e+03
7.091000e+02 5.863433e+03
7.090500e+02 5.863433e+03
7.090000e+02 5.876867e+03
7.089500e+02 5.876867e+03
7.089000e+02 5.714800e+03
7.088500e+02 5.714800e+03
7.088000e+02 5.530500e+03
7.087500e+02 5.530500e+03
7.087000e+02 5.404233e+03
7.086500e+02 5.404233e+03
7.086000e+02 5.270833e+03
7.085500e+02 5.270833e+03
7.085000e+02 5.192667e+03
7.084500e+02 5.192667e+03
7.084000e+02 5.096200e+03
7.083500e+02 5.096200e+03
7.083000e+02 5.033867e+03
7.082500e+02 5.033867e+03
7.082000e+02 4.929433e+03
7.081500e+02 4.929433e+03
7.081000e+02 4.677667e+03
7.080500e+02 4.677667e+03
7.080000e+02 4.627200e+03
7.079500e+02 4.627200e+03
7.079000e+02 4.559300e+03
7.078500e+02 4.559300e+03
7.078000e+02 4.434400e+03
7.077500e+02 4.434400e+03
7.077000e+02 4.370167e+03
7.076500e+02 4.370167e+03
7.076000e+02 4.360367e+03
7.075500e+02 4.360367e+03
7.075000e+02 4.174600e+03
7.074500e+02 4.174600e+03
7.074000e+02 4.123400e+03
7.073500e+02 4.123400e+03
7.073000e+02 3.995533e+03
7.072500e+02 3.995533e+03
7.072000e+02 4.003833e+03
7.071500e+02 4.003833e+03
7.071000e+02 3.915467e+03
7.070500e+02 3.915467e+03
7.070000e+02 3.848833e+03
7.069500e+02 3.848833e+03
7.069000e+02 3.841567e+03
7.068500e+02 3.841567e+03
7.068000e+02 3.810067e+03
7.067500e+02 3.810067e+03
7.067000e+02 3.788600e+03
7.066500e+02 3.788600e+03
7.066000e+02 3.696433e+03
7.065500e+02 3.696433e+03
7.065000e+02 3.694833e+03
7.064500e+02 3.694833e+03
7.064000e+02 3.676800e+03
7.063500e+02 3.676800e+03
7.063000e+02 3.671467e+03
7.062500e+02 3.671467e+03
7.062000e+02 3.684433e+03
7.061500e+02 3.684433e+03
7.061000e+02 3.624700e+03
7.060500e+02 3.624700e+03
7.060000e+02 3.584200e+03
7.059500e+02 3.584200e+03
7.059000e+02 3.623300e+03
7.058500e+02 3.623300e+03
7.058000e+02 3.541700e+03
7.057500e+02 3.541700e+03
7.057000e+02 3.523767e+03
7.056500e+02 3.523767e+03
7.056000e+02 3.576267e+03
7.055500e+02 3.576267e+03
7.055000e+02 3.581800e+03
7.054500e+02 3.581800e+03
7.054000e+02 3.502400e+03
7.053500e+02 3.502400e+03
7.053000e+02 3.536467e+03
7.052500e+02 3.536467e+03
7.052000e+02 3.575667e+03
7.051500e+02 3.575667e+03
7.051000e+02 3.518800e+03
7.050500e+02 3.518800e+03
7.050000e+02 3.549833e+03
7.049500e+02 3.549833e+03
7.049000e+02 3.533800e+03
7.048500e+02 3.533800e+03
7.048000e+02 3.584333e+03
7.047500e+02 3.584333e+03
7.047000e+02 3.547267e+03
7.046500e+02 3.547267e+03
7.046000e+02 3.536300e+03
7.045500e+02 3.536300e+03
7.045000e+02 3.514500e+03
7.044500e+02 3.514500e+03
7.044000e+02 3.577833e+03
7.043500e+02 3.577833e+03
7.043000e+02 3.509600e+03
7.042500e+02 3.509600e+03
7.042000e+02 3.593500e+03
7.041500e+02 3.593500e+03
7.041000e+02 3.582900e+03
7.040500e+02 3.582900e+03
7.040000e+02 3.535567e+03
7.039500e+02 3.535567e+03
7.039000e+02 3.576300e+03
7.038500e+02 3.576300e+03
7.038000e+02 3.547667e+03
7.037500e+02 3.547667e+03
7.037000e+02 3.565300e+03
7.036500e+02 3.565300e+03
7.036000e+02 3.565133e+03
7.035500e+02 3.565133e+03
7.035000e+02 3.581067e+03
7.034500e+02 3.581067e+03
7.034000e+02 3.596033e+03
7.033500e+02 3.596033e+03
7.033000e+02 3.546033e+03
7.032500e+02 3.546033e+03
7.032000e+02 3.588333e+03
7.031500e+02 3.588333e+03
7.031000e+02 3.567900e+03
7.030500e+02 3.567900e+03
7.030000e+02 3.543667e+03
7.029500e+02 3.543667e+03
7.029000e+02 3.566900e+03
7.028500e+02 3.566900e+03
7.028000e+02 3.507300e+03
7.027500e+02 3.507300e+03
7.027000e+02 3.570167e+03
7.026500e+02 3.570167e+03
7.026000e+02 3.585933e+03
7.025500e+02 3.585933e+03
7.025000e+02 3.565367e+03
7.024500e+02 3.565367e+03
7.024000e+02 3.528500e+03
7.023500e+02 3.528500e+03
7.023000e+02 3.546033e+03
7.022500e+02 3.546033e+03
7.022000e+02 3.506033e+03
7.021500e+02 3.506033e+03
7.021000e+02 3.541067e+03
7.020500e+02 3.541067e+03
7.020000e+02 3.553067e+03
7.019500e+02 3.553067e+03
7.019000e+02 3.614433e+03
7.018500e+02 3.614433e+03
7.018000e+02 3.607200e+03
7.017500e+02 3.607200e+03
7.017000e+02 3.566100e+03
7.016500e+02 3.566100e+03
7.016000e+02 3.517467e+03
7.015500e+02 3.517467e+03
7.015000e+02 3.595300e+03
7.014500e+02 3.595300e+03
7.014000e+02 3.592300e+03
7.013500e+02 3.592300e+03
7.013000e+02 3.570533e+03
7.012500e+02 3.570533e+03
7.012000e+02 3.565600e+03
7.011500e+02 3.565600e+03
7.011000e+02 3.587767e+03
7.010500e+02 3.587767e+03
7.010000e+02 3.626500e+03
7.009500e+02 3.626500e+03
7.009000e+02 3.657833e+03
7.008500e+02 3.657833e+03
7.008000e+02 3.609933e+03
7.007500e+02 3.609933e+03
7.007000e+02 3.645667e+03
7.006500e+02 3.645667e+03
7.006000e+02 3.599867e+03
7.005500e+02 3.599867e+03
7.005000e+02 3.615767e+03
7.004500e+02 3.615767e+03
7.004000e+02 3.585233e+03
7.003500e+02 3.585233e+03
7.003000e+02 3.607133e+03
7.002500e+02 3.607133e+03
7.002000e+02 3.679600e+03
7.001500e+02 3.679600e+03
7.001000e+02 3.679500e+03
7.000500e+02 3.679500e+03
7.000000e+02 3.620767e+03
6.999500e+02 3.620767e+03
6.999000e+02 3.588367e+03
6.998500e+02 3.588367e+03
6.998000e+02 3.588367e+03
6.997500e+02 3.588367e+03
6.997000e+02 3.588367e+03
6.996500e+02 3.588367e+03
6.996000e+02 3.588367e+03
6.995500e+02 3.588367e+03
6.995000e+02 3.588367e+03
6.994500e+02 3.588367e+03
6.994000e+02 3.588367e+03
6.993500e+02 3.588367e+03
6.993000e+02 3.588367e+03
6.992500e+02 3.588367e+03
6.992000e+02 3.588367e+03
6.991500e+02 3.588367e+03
6.991000e+02 3.588367e+03
6.990500e+02 3.588367e+03
6.990000e+02 3.588367e+03
6.989500e+02 3.588367e+03
6.989000e+02 3.588367e+03
6.988500e+02 3.588367e+03
6.988000e+02 3.588367e+03
6.987500e+02 3.588367e+03
6.987000e+02 3.588367e+03
6.986500e+02 3.588367e+03
6.986000e+02 3.588367e+03
6.985500e+02 3.588367e+03
6.985000e+02 3.588367e+03
6.984500e+02 3.588367e+03
6.984000e+02 3.588367e+03
6.983500e+02 3.588367e+03
6.983000e+02 3.588367e+03
6.982500e+02 3.588367e+03
6.982000e+02 3.588367e+03
6.981500e+02 3.588367e+03
6.981000e+02 3.588367e+03
6.980500e+02 3.588367e+03
6.980000e+02 3.588367e+03
6.979500e+02 3.588367e+03
6.979000e+02 3.588367e+03
6.978500e+02 3.588367e+03
6.978000e+02 3.588367e+03
6.977500e+02 3.588367e+03
6.977000e+02 3.588367e+03
6.976500e+02 3.588367e+03
6.976000e+02 3.588367e+03
6.975500e+02 3.588367e+03
6.975000e+02 3.588367e+03
6.974500e+02 3.588367e+03
6.974000e+02 3.588367e+03
6.973500e+02 3.588367e+03
6.973000e+02 3.588367e+03
6.972500e+02 3.588367e+03
6.972000e+02 3.588367e+03
6.971500e+02 3.588367e+03
6.971000e+02 3.588367e+03
6.970500e+02 3.588367e+03
6.970000e+02 3.588367e+03
6.969500e+02 3.588367e+03
6.969000e+02 3.588367e+03
6.968500e+02 3.588367e+03
6.968000e+02 3.588367e+03
6.967500e+02 3.588367e+03
6.967000e+02 3.588367e+03
6.966500e+02 3.588367e+03
6.966000e+02 3.588367e+03
6.965500e+02 3.588367e+03
6.965000e+02 3.588367e+03
6.964500e+02 3.588367e+03
6.964000e+02 3.588367e+03
6.963500e+02 3.588367e+03
6.963000e+02 3.588367e+03
6.962500e+02 3.588367e+03
6.962000e+02 3.588367e+03
6.961500e+02 3.588367e+03
6.961000e+02 3.588367e+03
6.960500e+02 3.588367e+03
6.960000e+02 3.588367e+03
6.959500e+02 3.588367e+03
6.959000e+02 3.588367e+03
6.958500e+02 3.588367e+03
6.958000e+02 3.588367e+03
6.957500e+02 3.588367e+03
6.957000e+02 3.588367e+03
6.956500e+02 3.588367e+03
6.956000e+02 3.588367e+03
6.955500e+02 3.588367e+03
6.955000e+02 3.588367e+03
6.954500e+02 3.588367e+03
6.954000e+02 3.588367e+03
6.953500e+02 3.588367e+03
6.953000e+02 3.588367e+03
6.952500e+02 3.588367e+03
6.952000e+02 3.588367e+03
6.951500e+02 3.588367e+03
6.951000e+02 3.588367e+03
6.950500e+02 3.588367e+03
6.950000e+02 3.588367e+03
6.949500e+02 3.588367e+03
6.949000e+02 3.588367e+03
6.948500e+02 3.588367e+03
6.948000e+02 3.588367e+03
6.947500e+02 3.588367e+03
6.947000e+02 3.588367e+03
6.946500e+02 3.588367e+03
6.946000e+02 3.588367e+03
6.945500e+02 3.588367e+03
6.945000e+02 3.588367e+03
6.944500e+02 3.588367e+03
6.944000e+02 3.588367e+03
6.943500e+02 3.588367e+03
6.943000e+02 3.588367e+03
6.942500e+02 3.588367e+03
6.942000e+02 3.588367e+03
6.941500e+02 3.588367e+03
6.941000e+02 3.588367e+03
6.940500e+02 3.588367e+03
6.940000e+02 3.588367e+03
