Co2p Fe3O4
8.400000e+002	8.851433e+003		
8.399000e+002	8.883767e+003		
8.398000e+002	8.833467e+003		
8.397000e+002	8.806033e+003		
8.396000e+002	8.788033e+003		
8.395000e+002	8.729267e+003		
8.394000e+002	8.730500e+003		
8.393000e+002	8.691333e+003		
8.392000e+002	8.751900e+003		
8.391000e+002	8.777533e+003		
8.390000e+002	8.772100e+003		
8.389000e+002	8.700333e+003		
8.388000e+002	8.651167e+003		
8.387000e+002	8.598400e+003		
8.386000e+002	8.562167e+003		
8.385000e+002	8.508400e+003		
8.384000e+002	8.448267e+003		
8.383000e+002	8.513100e+003		
8.382000e+002	8.500967e+003		
8.381000e+002	8.529600e+003		
8.380000e+002	8.617400e+003		
8.379000e+002	8.548000e+003		
8.378000e+002	8.468067e+003		
8.377000e+002	8.443867e+003		
8.376000e+002	8.409800e+003		
8.375000e+002	8.443033e+003		
8.374000e+002	8.451200e+003		
8.373000e+002	8.381000e+003		
8.372000e+002	8.341433e+003		
8.371000e+002	8.366467e+003		
8.370000e+002	8.347767e+003		
8.369000e+002	8.346533e+003		
8.368000e+002	8.317900e+003		
8.367000e+002	8.345167e+003		
8.366000e+002	8.332233e+003		
8.365000e+002	8.391400e+003		
8.364000e+002	8.336700e+003		
8.363000e+002	8.345300e+003		
8.362000e+002	8.252100e+003		
8.361000e+002	8.268933e+003		
8.360000e+002	8.283500e+003		
8.359000e+002	8.193433e+003		
8.358000e+002	8.179700e+003		
8.357000e+002	8.164700e+003		
8.356000e+002	8.191733e+003		
8.355000e+002	8.142933e+003		
8.354000e+002	8.242100e+003		
8.353000e+002	8.081967e+003		
8.352000e+002	8.044633e+003		
8.351000e+002	8.062800e+003		
8.350000e+002	8.131333e+003		
8.349000e+002	8.062967e+003		
8.348000e+002	7.948933e+003		
8.347000e+002	7.982000e+003		
8.346000e+002	7.915033e+003		
8.345000e+002	7.913667e+003		
8.344000e+002	7.888900e+003		
8.343000e+002	7.816767e+003		
8.342000e+002	7.817400e+003		
8.341000e+002	7.696833e+003		
8.340000e+002	7.710467e+003		
8.339000e+002	7.661800e+003		
8.338000e+002	7.613333e+003		
8.337000e+002	7.536533e+003		
8.336000e+002	7.465900e+003		
8.335000e+002	7.353133e+003		
8.334000e+002	7.264567e+003		
8.333000e+002	7.239300e+003		
8.332000e+002	7.145700e+003		
8.331000e+002	7.181067e+003		
8.330000e+002	7.074133e+003		
8.329000e+002	7.020967e+003		
8.328000e+002	7.015933e+003		
8.327000e+002	6.937233e+003		
8.326000e+002	6.814800e+003		
8.325000e+002	6.791700e+003		
8.324000e+002	6.766767e+003		
8.323000e+002	6.709600e+003		
8.322000e+002	6.641033e+003		
8.321000e+002	6.555233e+003		
8.320000e+002	6.552867e+003		
8.319000e+002	6.463233e+003		
8.318000e+002	6.452467e+003		
8.317000e+002	6.431733e+003		
8.316000e+002	6.447533e+003		
8.315000e+002	6.356300e+003		
8.314000e+002	6.282400e+003		
8.313000e+002	6.309967e+003		
8.312000e+002	6.325067e+003		
8.311000e+002	6.302333e+003		
8.310000e+002	6.289700e+003		
8.309000e+002	6.281233e+003		
8.308000e+002	6.255567e+003		
8.307000e+002	6.256233e+003		
8.306000e+002	6.173500e+003		
8.305000e+002	6.164967e+003		
8.304000e+002	6.107400e+003		
8.303000e+002	6.136367e+003		
8.302000e+002	6.170867e+003		
8.301000e+002	6.202800e+003		
8.300000e+002	6.175433e+003		
8.299000e+002	6.125467e+003		
8.298000e+002	6.121300e+003		
8.297000e+002	6.132800e+003		
8.296000e+002	6.111000e+003		
8.295000e+002	6.105333e+003		
8.294000e+002	6.120567e+003		
8.293000e+002	6.105233e+003		
8.292000e+002	6.148967e+003		
8.291000e+002	6.055400e+003		
8.290000e+002	6.072133e+003		
8.289000e+002	6.066733e+003		
8.288000e+002	5.954867e+003		
8.287000e+002	6.032167e+003		
8.286000e+002	6.092633e+003		
8.285000e+002	6.050133e+003		
8.284000e+002	6.084100e+003		
8.283000e+002	6.030667e+003		
8.282000e+002	6.058300e+003		
8.281000e+002	6.017400e+003		
8.280000e+002	6.011633e+003		
8.279000e+002	6.011067e+003		
8.278000e+002	5.975600e+003		
8.277000e+002	5.974633e+003		
8.276000e+002	5.974300e+003		
8.275000e+002	5.979033e+003		
8.274000e+002	6.002433e+003		
8.273000e+002	5.992533e+003		
8.272000e+002	5.977733e+003		
8.271000e+002	5.971767e+003		
8.270000e+002	5.917867e+003		
8.269000e+002	5.945733e+003		
8.268000e+002	5.949767e+003		
8.267000e+002	5.952267e+003		
8.266000e+002	5.918867e+003		
8.265000e+002	5.959067e+003		
8.264000e+002	5.962867e+003		
8.263000e+002	5.907100e+003		
8.262000e+002	5.893400e+003		
8.261000e+002	5.894200e+003		
8.260000e+002	5.927033e+003		
8.259000e+002	5.878500e+003		
8.258000e+002	5.825000e+003		
8.257000e+002	5.867633e+003		
8.256000e+002	5.925100e+003		
8.255000e+002	5.871133e+003		
8.254000e+002	5.900500e+003		
8.253000e+002	5.930567e+003		
8.252000e+002	5.822367e+003		
8.251000e+002	5.860967e+003		
8.250000e+002	5.902167e+003		
8.249000e+002	5.856200e+003		
8.248000e+002	5.890133e+003		
8.247000e+002	5.827133e+003		
8.246000e+002	5.826833e+003		
8.245000e+002	5.836433e+003		
8.244000e+002	5.866433e+003		
8.243000e+002	5.845600e+003		
8.242000e+002	5.895200e+003		
8.241000e+002	5.826500e+003		
8.240000e+002	5.727033e+003		
8.239000e+002	5.774367e+003		
8.238000e+002	5.860200e+003		
8.237000e+002	5.868000e+003		
8.236000e+002	5.855133e+003		
8.235000e+002	5.810633e+003		
8.234000e+002	5.819733e+003		
8.233000e+002	5.845567e+003		
8.232000e+002	5.757600e+003		
8.231000e+002	5.704533e+003		
8.230000e+002	5.788967e+003		
8.229000e+002	5.798467e+003		
8.228000e+002	5.830200e+003		
8.227000e+002	5.849100e+003		
8.226000e+002	5.823233e+003		
8.225000e+002	5.771700e+003		
8.224000e+002	5.792233e+003		
8.223000e+002	5.758767e+003		
8.222000e+002	5.749867e+003		
8.221000e+002	5.745533e+003		
8.220000e+002	5.802067e+003		
8.219000e+002	5.738567e+003		
8.218000e+002	5.742833e+003		
8.217000e+002	5.797033e+003		
8.216000e+002	5.733100e+003		
8.215000e+002	5.706333e+003		
8.214000e+002	5.665767e+003		
8.213000e+002	5.730400e+003		
8.212000e+002	5.731333e+003		
8.211000e+002	5.664167e+003		
8.210000e+002	5.680967e+003		
8.209000e+002	5.652367e+003		
8.208000e+002	5.609767e+003		
8.207000e+002	5.622100e+003		
8.206000e+002	5.637700e+003		
8.205000e+002	5.656667e+003		
8.204000e+002	5.642133e+003		
8.203000e+002	5.614900e+003		
8.202000e+002	5.621767e+003		
8.201000e+002	5.650733e+003		
8.200000e+002	5.658333e+003		
8.199000e+002	5.613200e+003		
8.198000e+002	5.620933e+003		
8.197000e+002	5.652467e+003		
8.196000e+002	5.596933e+003		
8.195000e+002	5.606667e+003		
8.194000e+002	5.637033e+003		
8.193000e+002	5.658233e+003		
8.192000e+002	5.604467e+003		
8.191000e+002	5.575500e+003		
8.190000e+002	5.570367e+003		
8.189000e+002	5.623333e+003		
8.188000e+002	5.570900e+003		
8.187000e+002	5.652600e+003		
8.186000e+002	5.602667e+003		
8.185000e+002	5.558467e+003		
8.184000e+002	5.623200e+003		
8.183000e+002	5.616133e+003		
8.182000e+002	5.647300e+003		
8.181000e+002	5.563767e+003		
8.180000e+002	5.587167e+003		
8.179000e+002	5.583700e+003		
8.178000e+002	5.618167e+003		
8.177000e+002	5.602133e+003		
8.176000e+002	5.564233e+003		
8.175000e+002	5.588633e+003		
8.174000e+002	5.567833e+003		
8.173000e+002	5.569467e+003		
8.172000e+002	5.595067e+003		
8.171000e+002	5.630033e+003		
8.170000e+002	5.595233e+003		
8.169000e+002	5.609900e+003		
8.168000e+002	5.627733e+003		
8.167000e+002	5.619267e+003		
8.166000e+002	5.612833e+003		
8.165000e+002	5.636800e+003		
8.164000e+002	5.657433e+003		
8.163000e+002	5.634567e+003		
8.162000e+002	5.610467e+003		
8.161000e+002	5.562933e+003		
8.160000e+002	5.606800e+003		
8.159000e+002	5.598200e+003		
8.158000e+002	5.629567e+003		
8.157000e+002	5.598433e+003		
8.156000e+002	5.591433e+003		
8.155000e+002	5.591633e+003		
8.154000e+002	5.592400e+003		
8.153000e+002	5.639667e+003		
8.152000e+002	5.625867e+003		
8.151000e+002	5.570267e+003		
8.150000e+002	5.628033e+003		
8.149000e+002	5.607600e+003		
8.148000e+002	5.599800e+003		
8.147000e+002	5.610800e+003		
8.146000e+002	5.600000e+003		
8.145000e+002	5.608400e+003		
8.144000e+002	5.663700e+003		
8.143000e+002	5.689500e+003		
8.142000e+002	5.650600e+003		
8.141000e+002	5.692700e+003		
8.140000e+002	5.623267e+003		
8.139000e+002	5.623100e+003		
8.138000e+002	5.599067e+003		
8.137000e+002	5.598067e+003		
8.136000e+002	5.670300e+003		
8.135000e+002	5.623933e+003		
8.134000e+002	5.665700e+003		
8.133000e+002	5.653733e+003		
8.132000e+002	5.623200e+003		
8.131000e+002	5.729467e+003		
8.130000e+002	5.676900e+003		
8.129000e+002	5.716500e+003		
8.128000e+002	5.668833e+003		
8.127000e+002	5.656233e+003		
8.126000e+002	5.704533e+003		
8.125000e+002	5.677233e+003		
8.124000e+002	5.658633e+003		
8.123000e+002	5.697367e+003		
8.122000e+002	5.662333e+003		
8.121000e+002	5.654667e+003		
8.120000e+002	5.651233e+003		
8.119000e+002	5.669133e+003		
8.118000e+002	5.682667e+003		
8.117000e+002	5.668800e+003		
8.116000e+002	5.660600e+003		
8.115000e+002	5.699633e+003		
8.114000e+002	5.702200e+003		
8.113000e+002	5.678000e+003		
8.112000e+002	5.696533e+003		
8.111000e+002	5.689033e+003		
8.110000e+002	5.693333e+003		
8.109000e+002	5.674467e+003		
8.108000e+002	5.672800e+003		
8.107000e+002	5.698800e+003		
8.106000e+002	5.701367e+003		
8.105000e+002	5.674533e+003		
8.104000e+002	5.747067e+003		
8.103000e+002	5.748167e+003		
8.102000e+002	5.711567e+003		
8.101000e+002	5.712433e+003		
8.100000e+002	5.719800e+003		
8.099000e+002	5.736333e+003		
8.098000e+002	5.754600e+003		
8.097000e+002	5.787533e+003		
8.096000e+002	5.701667e+003		
8.095000e+002	5.685400e+003		
8.094000e+002	5.744633e+003		
8.093000e+002	5.721867e+003		
8.092000e+002	5.690233e+003		
8.091000e+002	5.704267e+003		
8.090000e+002	5.741767e+003		
8.089000e+002	5.691700e+003		
8.088000e+002	5.659733e+003		
8.087000e+002	5.746200e+003		
8.086000e+002	5.700267e+003		
8.085000e+002	5.682200e+003		
8.084000e+002	5.716567e+003		
8.083000e+002	5.729533e+003		
8.082000e+002	5.764767e+003		
8.081000e+002	5.748267e+003		
8.080000e+002	5.719300e+003		
8.079000e+002	5.755233e+003		
8.078000e+002	5.684533e+003		
8.077000e+002	5.753933e+003		
8.076000e+002	5.755067e+003		
8.075000e+002	5.702100e+003		
8.074000e+002	5.739233e+003		
8.073000e+002	5.708300e+003		
8.072000e+002	5.761567e+003		
8.071000e+002	5.745733e+003		
8.070000e+002	5.671867e+003		
8.069000e+002	5.756333e+003		
8.068000e+002	5.754400e+003		
8.067000e+002	5.769533e+003		
8.066000e+002	5.760167e+003		
8.065000e+002	5.731300e+003		
8.064000e+002	5.732800e+003		
8.063000e+002	5.773167e+003		
8.062000e+002	5.770467e+003		
8.061000e+002	5.780933e+003		
8.060000e+002	5.792367e+003		
8.059000e+002	5.756233e+003		
8.058000e+002	5.808000e+003		
8.057000e+002	5.837333e+003		
8.056000e+002	5.814700e+003		
8.055000e+002	5.807867e+003		
8.054000e+002	5.773867e+003		
8.053000e+002	5.745467e+003		
8.052000e+002	5.750933e+003		
8.051000e+002	5.765733e+003		
8.050000e+002	5.758200e+003		
8.049000e+002	5.751200e+003		
8.048000e+002	5.775567e+003		
8.047000e+002	5.779533e+003		
8.046000e+002	5.785233e+003		
8.045000e+002	5.785000e+003		
8.044000e+002	5.826833e+003		
8.043000e+002	5.751333e+003		
8.042000e+002	5.768967e+003		
8.041000e+002	5.790933e+003		
8.040000e+002	5.811733e+003		
8.039000e+002	5.814433e+003		
8.038000e+002	5.758033e+003		
8.037000e+002	5.802900e+003		
8.036000e+002	5.818633e+003		
8.035000e+002	5.799533e+003		
8.034000e+002	5.815767e+003		
8.033000e+002	5.793767e+003		
8.032000e+002	5.833267e+003		
8.031000e+002	5.846100e+003		
8.030000e+002	5.810333e+003		
8.029000e+002	5.750300e+003		
8.028000e+002	5.842767e+003		
8.027000e+002	5.863500e+003		
8.026000e+002	5.878933e+003		
8.025000e+002	5.838933e+003		
8.024000e+002	5.802433e+003		
8.023000e+002	5.808400e+003		
8.022000e+002	5.837400e+003		
8.021000e+002	5.813633e+003		
8.020000e+002	5.856500e+003		
8.019000e+002	5.787100e+003		
8.018000e+002	5.828600e+003		
8.017000e+002	5.846833e+003		
8.016000e+002	5.798333e+003		
8.015000e+002	5.782367e+003		
8.014000e+002	5.806933e+003		
8.013000e+002	5.809833e+003		
8.012000e+002	5.856867e+003		
8.011000e+002	5.852600e+003		
8.010000e+002	5.822400e+003		
8.009000e+002	5.880067e+003		
8.008000e+002	5.856700e+003		
8.007000e+002	5.852667e+003		
8.006000e+002	5.854133e+003		
8.005000e+002	5.886067e+003		
8.004000e+002	5.825833e+003		
8.003000e+002	5.875867e+003		
8.002000e+002	5.873900e+003		
8.001000e+002	5.845733e+003		
8.000000e+002	5.838700e+003		
7.999000e+002	5.833267e+003		
7.998000e+002	5.882767e+003		
7.997000e+002	5.869267e+003		
7.996000e+002	5.832433e+003		
7.995000e+002	5.833467e+003		
7.994000e+002	5.863367e+003		
7.993000e+002	5.920667e+003		
7.992000e+002	5.877267e+003		
7.991000e+002	5.901933e+003		
7.990000e+002	5.853833e+003		
7.989000e+002	5.892633e+003		
7.988000e+002	5.882967e+003		
7.987000e+002	5.904500e+003		
7.986000e+002	5.887800e+003		
7.985000e+002	5.872300e+003		
7.984000e+002	5.845467e+003		
7.983000e+002	5.849567e+003		
7.982000e+002	5.909433e+003		
7.981000e+002	5.885500e+003		
7.980000e+002	5.887567e+003		
7.979000e+002	5.941267e+003		
7.978000e+002	5.970267e+003		
7.977000e+002	5.907600e+003		
7.976000e+002	5.931100e+003		
7.975000e+002	5.904167e+003		
7.974000e+002	5.938067e+003		
7.973000e+002	5.946033e+003		
7.972000e+002	5.871267e+003		
7.971000e+002	5.877700e+003		
7.970000e+002	5.961933e+003		
7.969000e+002	5.940133e+003		
7.968000e+002	5.915500e+003		
7.967000e+002	5.928400e+003		
7.966000e+002	5.920533e+003		
7.965000e+002	5.891133e+003		
7.964000e+002	5.963867e+003		
7.963000e+002	6.004933e+003		
7.962000e+002	5.954800e+003		
7.961000e+002	5.956300e+003		
7.960000e+002	6.004767e+003		
7.959000e+002	6.005733e+003		
7.958000e+002	6.040400e+003		
7.957000e+002	6.082933e+003		
7.956000e+002	6.008400e+003		
7.955000e+002	6.031233e+003		
7.954000e+002	6.034100e+003		
7.953000e+002	6.088233e+003		
7.952000e+002	6.149100e+003		
7.951000e+002	6.124667e+003		
7.950000e+002	6.138833e+003		
7.949000e+002	6.119067e+003		
7.948000e+002	6.146533e+003		
7.947000e+002	6.121267e+003		
7.946000e+002	6.109000e+003		
7.945000e+002	6.088167e+003		
7.944000e+002	6.154933e+003		
7.943000e+002	6.146600e+003		
7.942000e+002	6.190167e+003		
7.941000e+002	6.247500e+003		
7.940000e+002	6.273800e+003		
7.939000e+002	6.213300e+003		
7.938000e+002	6.220533e+003		
7.937000e+002	6.238000e+003		
7.936000e+002	6.255467e+003		
7.935000e+002	6.238633e+003		
7.934000e+002	6.251700e+003		
7.933000e+002	6.307033e+003		
7.932000e+002	6.304767e+003		
7.931000e+002	6.284700e+003		
7.930000e+002	6.344200e+003		
7.929000e+002	6.391500e+003		
7.928000e+002	6.358767e+003		
7.927000e+002	6.381867e+003		
7.926000e+002	6.389567e+003		
7.925000e+002	6.400200e+003		
7.924000e+002	6.394767e+003		
7.923000e+002	6.423100e+003		
7.922000e+002	6.449600e+003		
7.921000e+002	6.529767e+003		
7.920000e+002	6.509800e+003		
7.919000e+002	6.547200e+003		
7.918000e+002	6.503367e+003		
7.917000e+002	6.519267e+003		
7.916000e+002	6.523333e+003		
7.915000e+002	6.658533e+003		
7.914000e+002	6.674233e+003		
7.913000e+002	6.646500e+003		
7.912000e+002	6.660333e+003		
7.911000e+002	6.663700e+003		
7.910000e+002	6.710633e+003		
7.909000e+002	6.670567e+003		
7.908000e+002	6.691933e+003		
7.907000e+002	6.760000e+003		
7.906000e+002	6.760167e+003		
7.905000e+002	6.719633e+003		
7.904000e+002	6.802367e+003		
7.903000e+002	6.757867e+003		
7.902000e+002	6.823600e+003		
7.901000e+002	6.879033e+003		
7.900000e+002	6.870233e+003		
7.899000e+002	6.937067e+003		
7.898000e+002	6.890867e+003		
7.897000e+002	6.925000e+003		
7.896000e+002	6.933200e+003		
7.895000e+002	6.980567e+003		
7.894000e+002	6.954733e+003		
7.893000e+002	7.003700e+003		
7.892000e+002	7.011600e+003		
7.891000e+002	7.078733e+003		
7.890000e+002	7.070833e+003		
7.889000e+002	7.095567e+003		
7.888000e+002	7.087133e+003		
7.887000e+002	7.141567e+003		
7.886000e+002	7.097867e+003		
7.885000e+002	7.097767e+003		
7.884000e+002	7.133433e+003		
7.883000e+002	7.119033e+003		
7.882000e+002	7.109933e+003		
7.881000e+002	7.083100e+003		
7.880000e+002	7.153467e+003		
7.879000e+002	7.189600e+003		
7.878000e+002	7.167400e+003		
7.877000e+002	7.149533e+003		
7.876000e+002	7.175900e+003		
7.875000e+002	7.135467e+003		
7.874000e+002	7.157200e+003		
7.873000e+002	7.161333e+003		
7.872000e+002	7.253300e+003		
7.871000e+002	7.204400e+003		
7.870000e+002	7.210533e+003		
7.869000e+002	7.275300e+003		
7.868000e+002	7.244433e+003		
7.867000e+002	7.241967e+003		
7.866000e+002	7.244800e+003		
7.865000e+002	7.258233e+003		
7.864000e+002	7.272000e+003		
7.863000e+002	7.284433e+003		
7.862000e+002	7.280233e+003		
7.861000e+002	7.321733e+003		
7.860000e+002	7.309967e+003		
7.859000e+002	7.353967e+003		
7.858000e+002	7.302100e+003		
7.857000e+002	7.303967e+003		
7.856000e+002	7.316933e+003		
7.855000e+002	7.292200e+003		
7.854000e+002	7.321267e+003		
7.853000e+002	7.368967e+003		
7.852000e+002	7.406200e+003		
7.851000e+002	7.337667e+003		
7.850000e+002	7.354633e+003		
7.849000e+002	7.378900e+003		
7.848000e+002	7.408033e+003		
7.847000e+002	7.336033e+003		
7.846000e+002	7.340800e+003		
7.845000e+002	7.361833e+003		
7.844000e+002	7.354433e+003		
7.843000e+002	7.451833e+003		
7.842000e+002	7.434233e+003		
7.841000e+002	7.485133e+003		
7.840000e+002	7.482867e+003		
7.839000e+002	7.548400e+003		
7.838000e+002	7.485933e+003		
7.837000e+002	7.483433e+003		
7.836000e+002	7.473800e+003		
7.835000e+002	7.503433e+003		
7.834000e+002	7.452533e+003		
7.833000e+002	7.525700e+003		
7.832000e+002	7.522000e+003		
7.831000e+002	7.547600e+003		
7.830000e+002	7.451533e+003		
7.829000e+002	7.437867e+003		
7.828000e+002	7.459633e+003		
7.827000e+002	7.519733e+003		
7.826000e+002	7.469133e+003		
7.825000e+002	7.455800e+003		
7.824000e+002	7.420267e+003		
7.823000e+002	7.481067e+003		
7.822000e+002	7.403033e+003		
7.821000e+002	7.390033e+003		
7.820000e+002	7.393867e+003		
7.819000e+002	7.353533e+003		
7.818000e+002	7.295467e+003		
7.817000e+002	7.258333e+003		
7.816000e+002	7.275800e+003		
7.815000e+002	7.239733e+003		
7.814000e+002	7.171633e+003		
7.813000e+002	7.147467e+003		
7.812000e+002	7.142367e+003		
7.811000e+002	7.094767e+003		
7.810000e+002	7.042333e+003		
7.809000e+002	7.047133e+003		
7.808000e+002	6.970800e+003		
7.807000e+002	6.931967e+003		
7.806000e+002	6.943933e+003		
7.805000e+002	6.903467e+003		
7.804000e+002	6.816067e+003		
7.803000e+002	6.742467e+003		
7.802000e+002	6.695200e+003		
7.801000e+002	6.646267e+003		
7.800000e+002	6.635533e+003		
7.799000e+002	6.561900e+003		
7.798000e+002	6.583133e+003		
7.797000e+002	6.547133e+003		
7.796000e+002	6.499667e+003		
7.795000e+002	6.457767e+003		
7.794000e+002	6.358433e+003		
7.793000e+002	6.384000e+003		
7.792000e+002	6.326833e+003		
7.791000e+002	6.264467e+003		
7.790000e+002	6.203800e+003		
7.789000e+002	6.218067e+003		
7.788000e+002	6.244700e+003		
7.787000e+002	6.200167e+003		
7.786000e+002	6.106433e+003		
7.785000e+002	6.107033e+003		
7.784000e+002	6.018700e+003		
7.783000e+002	6.025533e+003		
7.782000e+002	5.966700e+003		
7.781000e+002	5.947133e+003		
7.780000e+002	5.962333e+003		
7.779000e+002	5.918233e+003		
7.778000e+002	5.911600e+003		
7.777000e+002	5.979833e+003		
7.776000e+002	5.913100e+003		
7.775000e+002	5.900867e+003		
7.774000e+002	5.868300e+003		
7.773000e+002	5.859033e+003		
7.772000e+002	5.809500e+003		
7.771000e+002	5.805600e+003		
7.770000e+002	5.862233e+003		
7.769000e+002	5.799767e+003		
7.768000e+002	5.780200e+003		
7.767000e+002	5.747433e+003		
7.766000e+002	5.759967e+003		
7.765000e+002	5.723833e+003		
7.764000e+002	5.686067e+003		
7.763000e+002	5.718600e+003		
7.762000e+002	5.782933e+003		
7.761000e+002	5.718867e+003		
7.760000e+002	5.738467e+003		
7.759000e+002	5.719533e+003		
7.758000e+002	5.739800e+003		
7.757000e+002	5.694967e+003		
7.756000e+002	5.741800e+003		
7.755000e+002	5.716033e+003		
7.754000e+002	5.684867e+003		
7.753000e+002	5.676633e+003		
7.752000e+002	5.706933e+003		
7.751000e+002	5.720067e+003		
7.750000e+002	5.654900e+003		
7.749000e+002	5.697667e+003		
7.748000e+002	5.769833e+003		
7.747000e+002	5.739433e+003		
7.746000e+002	5.746067e+003		
7.745000e+002	5.746033e+003		
7.744000e+002	5.775000e+003		
7.743000e+002	5.739633e+003		
7.742000e+002	5.733133e+003		
7.741000e+002	5.763633e+003		
7.740000e+002	5.737400e+003		
7.739000e+002	5.697100e+003		
7.738000e+002	5.739867e+003		
7.737000e+002	5.778167e+003		
7.736000e+002	5.780500e+003		
7.735000e+002	5.751533e+003		
7.734000e+002	5.699267e+003		
7.733000e+002	5.747433e+003		
7.732000e+002	5.731033e+003		
7.731000e+002	5.727033e+003		
7.730000e+002	5.697600e+003		
7.729000e+002	5.774133e+003		
7.728000e+002	5.763133e+003		
7.727000e+002	5.754333e+003		
7.726000e+002	5.726433e+003		
7.725000e+002	5.832067e+003		
7.724000e+002	5.798433e+003		
7.723000e+002	5.798767e+003		
7.722000e+002	5.771700e+003		
7.721000e+002	5.702267e+003		
7.720000e+002	5.774800e+003		
7.719000e+002	5.749500e+003		
7.718000e+002	5.687367e+003		
7.717000e+002	5.755133e+003		
7.716000e+002	5.785200e+003		
7.715000e+002	5.750400e+003		
7.714000e+002	5.849500e+003		
7.713000e+002	5.835867e+003		
7.712000e+002	5.831133e+003		
7.711000e+002	5.776367e+003		
7.710000e+002	5.849633e+003		
7.709000e+002	5.811500e+003		
7.708000e+002	5.785500e+003		
7.707000e+002	5.788467e+003		
7.706000e+002	5.812633e+003		
7.705000e+002	5.847467e+003		
7.704000e+002	5.794400e+003		
7.703000e+002	5.748100e+003		
7.702000e+002	5.751200e+003		
7.701000e+002	5.782533e+003		
7.700000e+002	5.842267e+003		