Co2pFe2p Fe2O3
8.400000e+02 8.476133e+03
8.399500e+02 8.476133e+03
8.399000e+02 8.392967e+03
8.398500e+02 8.392967e+03
8.398000e+02 8.498567e+03
8.397500e+02 8.498567e+03
8.397000e+02 8.426667e+03
8.396500e+02 8.426667e+03
8.396000e+02 8.314400e+03
8.395500e+02 8.314400e+03
8.395000e+02 8.387367e+03
8.394500e+02 8.387367e+03
8.394000e+02 8.512033e+03
8.393500e+02 8.512033e+03
8.393000e+02 8.345800e+03
8.392500e+02 8.345800e+03
8.392000e+02 8.321933e+03
8.391500e+02 8.321933e+03
8.391000e+02 8.313767e+03
8.390500e+02 8.313767e+03
8.390000e+02 8.418633e+03
8.389500e+02 8.418633e+03
8.389000e+02 8.282767e+03
8.388500e+02 8.282767e+03
8.388000e+02 8.220500e+03
8.387500e+02 8.220500e+03
8.387000e+02 8.344400e+03
8.386500e+02 8.344400e+03
8.386000e+02 8.355867e+03
8.385500e+02 8.355867e+03
8.385000e+02 8.306133e+03
8.384500e+02 8.306133e+03
8.384000e+02 8.369233e+03
8.383500e+02 8.369233e+03
8.383000e+02 8.258733e+03
8.382500e+02 8.258733e+03
8.382000e+02 8.260700e+03
8.381500e+02 8.260700e+03
8.381000e+02 8.259833e+03
8.380500e+02 8.259833e+03
8.380000e+02 8.211800e+03
8.379500e+02 8.211800e+03
8.379000e+02 8.224567e+03
8.378500e+02 8.224567e+03
8.378000e+02 8.163333e+03
8.377500e+02 8.163333e+03
8.377000e+02 8.212667e+03
8.376500e+02 8.212667e+03
8.376000e+02 8.178467e+03
8.375500e+02 8.178467e+03
8.375000e+02 8.072633e+03
8.374500e+02 8.072633e+03
8.374000e+02 8.108833e+03
8.373500e+02 8.108833e+03
8.373000e+02 8.065267e+03
8.372500e+02 8.065267e+03
8.372000e+02 8.118333e+03
8.371500e+02 8.118333e+03
8.371000e+02 8.075333e+03
8.370500e+02 8.075333e+03
8.370000e+02 8.071767e+03
8.369500e+02 8.071767e+03
8.369000e+02 8.063567e+03
8.368500e+02 8.063567e+03
8.368000e+02 8.074400e+03
8.367500e+02 8.074400e+03
8.367000e+02 8.023133e+03
8.366500e+02 8.023133e+03
8.366000e+02 8.012233e+03
8.365500e+02 8.012233e+03
8.365000e+02 7.898100e+03
8.364500e+02 7.898100e+03
8.364000e+02 7.933267e+03
8.363500e+02 7.933267e+03
8.363000e+02 8.044233e+03
8.362500e+02 8.044233e+03
8.362000e+02 7.993967e+03
8.361500e+02 7.993967e+03
8.361000e+02 7.982833e+03
8.360500e+02 7.982833e+03
8.360000e+02 7.897667e+03
8.359500e+02 7.897667e+03
8.359000e+02 8.068200e+03
8.358500e+02 8.068200e+03
8.358000e+02 8.059967e+03
8.357500e+02 8.059967e+03
8.357000e+02 8.025733e+03
8.356500e+02 8.025733e+03
8.356000e+02 7.990867e+03
8.355500e+02 7.990867e+03
8.355000e+02 7.979400e+03
8.354500e+02 7.979400e+03
8.354000e+02 7.902600e+03
8.353500e+02 7.902600e+03
8.353000e+02 7.935600e+03
8.352500e+02 7.935600e+03
8.352000e+02 7.898967e+03
8.351500e+02 7.898967e+03
8.351000e+02 7.855667e+03
8.350500e+02 7.855667e+03
8.350000e+02 7.817867e+03
8.349500e+02 7.817867e+03
8.349000e+02 7.842667e+03
8.348500e+02 7.842667e+03
8.348000e+02 7.885433e+03
8.347500e+02 7.885433e+03
8.347000e+02 7.885667e+03
8.346500e+02 7.885667e+03
8.346000e+02 7.803267e+03
8.345500e+02 7.803267e+03
8.345000e+02 7.684200e+03
8.344500e+02 7.684200e+03
8.344000e+02 7.656533e+03
8.343500e+02 7.656533e+03
8.343000e+02 7.699833e+03
8.342500e+02 7.699833e+03
8.342000e+02 7.710900e+03
8.341500e+02 7.710900e+03
8.341000e+02 7.706133e+03
8.340500e+02 7.706133e+03
8.340000e+02 7.530500e+03
8.339500e+02 7.530500e+03
8.339000e+02 7.472267e+03
8.338500e+02 7.472267e+03
8.338000e+02 7.340800e+03
8.337500e+02 7.340800e+03
8.337000e+02 7.358267e+03
8.336500e+02 7.358267e+03
8.336000e+02 7.378500e+03
8.335500e+02 7.378500e+03
8.335000e+02 7.379600e+03
8.334500e+02 7.379600e+03
8.334000e+02 7.267767e+03
8.333500e+02 7.267767e+03
8.333000e+02 7.128200e+03
8.332500e+02 7.128200e+03
8.332000e+02 7.048233e+03
8.331500e+02 7.048233e+03
8.331000e+02 7.065300e+03
8.330500e+02 7.065300e+03
8.330000e+02 6.928200e+03
8.329500e+02 6.928200e+03
8.329000e+02 6.920000e+03
8.328500e+02 6.920000e+03
8.328000e+02 6.770633e+03
8.327500e+02 6.770633e+03
8.327000e+02 6.661700e+03
8.326500e+02 6.661700e+03
8.326000e+02 6.647033e+03
8.325500e+02 6.647033e+03
8.325000e+02 6.592900e+03
8.324500e+02 6.592900e+03
8.324000e+02 6.669200e+03
8.323500e+02 6.669200e+03
8.323000e+02 6.573367e+03
8.322500e+02 6.573367e+03
8.322000e+02 6.511700e+03
8.321500e+02 6.511700e+03
8.321000e+02 6.452400e+03
8.320500e+02 6.452400e+03
8.320000e+02 6.408067e+03
8.319500e+02 6.408067e+03
8.319000e+02 6.434067e+03
8.318500e+02 6.434067e+03
8.318000e+02 6.466533e+03
8.317500e+02 6.466533e+03
8.317000e+02 6.364733e+03
8.316500e+02 6.364733e+03
8.316000e+02 6.344400e+03
8.315500e+02 6.344400e+03
8.315000e+02 6.327300e+03
8.314500e+02 6.327300e+03
8.314000e+02 6.316200e+03
8.313500e+02 6.316200e+03
8.313000e+02 6.247367e+03
8.312500e+02 6.247367e+03
8.312000e+02 6.237233e+03
8.311500e+02 6.237233e+03
8.311000e+02 6.236833e+03
8.310500e+02 6.236833e+03
8.310000e+02 6.242367e+03
8.309500e+02 6.242367e+03
8.309000e+02 6.177400e+03
8.308500e+02 6.177400e+03
8.308000e+02 6.166500e+03
8.307500e+02 6.166500e+03
8.307000e+02 6.176100e+03
8.306500e+02 6.176100e+03
8.306000e+02 6.128233e+03
8.305500e+02 6.128233e+03
8.305000e+02 6.220000e+03
8.304500e+02 6.220000e+03
8.304000e+02 6.246267e+03
8.303500e+02 6.246267e+03
8.303000e+02 6.125700e+03
8.302500e+02 6.125700e+03
8.302000e+02 6.072900e+03
8.301500e+02 6.072900e+03
8.301000e+02 6.124633e+03
8.300500e+02 6.124633e+03
8.300000e+02 6.043033e+03
8.299500e+02 6.043033e+03
8.299000e+02 6.179467e+03
8.298500e+02 6.179467e+03
8.298000e+02 6.161933e+03
8.297500e+02 6.161933e+03
8.297000e+02 6.081433e+03
8.296500e+02 6.081433e+03
8.296000e+02 6.064167e+03
8.295500e+02 6.064167e+03
8.295000e+02 6.108467e+03
8.294500e+02 6.108467e+03
8.294000e+02 6.104400e+03
8.293500e+02 6.104400e+03
8.293000e+02 6.083533e+03
8.292500e+02 6.083533e+03
8.292000e+02 6.011800e+03
8.291500e+02 6.011800e+03
8.291000e+02 6.028733e+03
8.290500e+02 6.028733e+03
8.290000e+02 6.072500e+03
8.289500e+02 6.072500e+03
8.289000e+02 6.031833e+03
8.288500e+02 6.031833e+03
8.288000e+02 6.154133e+03
8.287500e+02 6.154133e+03
8.287000e+02 6.089867e+03
8.286500e+02 6.089867e+03
8.286000e+02 6.060800e+03
8.285500e+02 6.060800e+03
8.285000e+02 6.054867e+03
8.284500e+02 6.054867e+03
8.284000e+02 6.082900e+03
8.283500e+02 6.082900e+03
8.283000e+02 6.092600e+03
8.282500e+02 6.092600e+03
8.282000e+02 6.022833e+03
8.281500e+02 6.022833e+03
8.281000e+02 5.887400e+03
8.280500e+02 5.887400e+03
8.280000e+02 5.934867e+03
8.279500e+02 5.934867e+03
8.279000e+02 5.981600e+03
8.278500e+02 5.981600e+03
8.278000e+02 6.000767e+03
8.277500e+02 6.000767e+03
8.277000e+02 6.045000e+03
8.276500e+02 6.045000e+03
8.276000e+02 5.967300e+03
8.275500e+02 5.967300e+03
8.275000e+02 6.030167e+03
8.274500e+02 6.030167e+03
8.274000e+02 6.001900e+03
8.273500e+02 6.001900e+03
8.273000e+02 6.050900e+03
8.272500e+02 6.050900e+03
8.272000e+02 6.078967e+03
8.271500e+02 6.078967e+03
8.271000e+02 5.929700e+03
8.270500e+02 5.929700e+03
8.270000e+02 6.069767e+03
8.269500e+02 6.069767e+03
8.269000e+02 5.989100e+03
8.268500e+02 5.989100e+03
8.268000e+02 5.936600e+03
8.267500e+02 5.936600e+03
8.267000e+02 5.881900e+03
8.266500e+02 5.881900e+03
8.266000e+02 5.989600e+03
8.265500e+02 5.989600e+03
8.265000e+02 5.951600e+03
8.264500e+02 5.951600e+03
8.264000e+02 5.946000e+03
8.263500e+02 5.946000e+03
8.263000e+02 5.921600e+03
8.262500e+02 5.921600e+03
8.262000e+02 5.920900e+03
8.261500e+02 5.920900e+03
8.261000e+02 5.999567e+03
8.260500e+02 5.999567e+03
8.260000e+02 5.939667e+03
8.259500e+02 5.939667e+03
8.259000e+02 6.001600e+03
8.258500e+02 6.001600e+03
8.258000e+02 5.985867e+03
8.257500e+02 5.985867e+03
8.257000e+02 5.953400e+03
8.256500e+02 5.953400e+03
8.256000e+02 5.931367e+03
8.255500e+02 5.931367e+03
8.255000e+02 5.851600e+03
8.254500e+02 5.851600e+03
8.254000e+02 5.840333e+03
8.253500e+02 5.840333e+03
8.253000e+02 5.872300e+03
8.252500e+02 5.872300e+03
8.252000e+02 5.921033e+03
8.251500e+02 5.921033e+03
8.251000e+02 5.918900e+03
8.250500e+02 5.918900e+03
8.250000e+02 5.875733e+03
8.249500e+02 5.875733e+03
8.249000e+02 5.933333e+03
8.248500e+02 5.933333e+03
8.248000e+02 5.940100e+03
8.247500e+02 5.940100e+03
8.247000e+02 5.948567e+03
8.246500e+02 5.948567e+03
8.246000e+02 5.885467e+03
8.245500e+02 5.885467e+03
8.245000e+02 5.918667e+03
8.244500e+02 5.918667e+03
8.244000e+02 5.872100e+03
8.243500e+02 5.872100e+03
8.243000e+02 5.825700e+03
8.242500e+02 5.825700e+03
8.242000e+02 5.770167e+03
8.241500e+02 5.770167e+03
8.241000e+02 5.802033e+03
8.240500e+02 5.802033e+03
8.240000e+02 5.877767e+03
8.239500e+02 5.877767e+03
8.239000e+02 5.803700e+03
8.238500e+02 5.803700e+03
8.238000e+02 5.764567e+03
8.237500e+02 5.764567e+03
8.237000e+02 5.782833e+03
8.236500e+02 5.782833e+03
8.236000e+02 5.872400e+03
8.235500e+02 5.872400e+03
8.235000e+02 5.870100e+03
8.234500e+02 5.870100e+03
8.234000e+02 5.808200e+03
8.233500e+02 5.808200e+03
8.233000e+02 5.809100e+03
8.232500e+02 5.809100e+03
8.232000e+02 5.747067e+03
8.231500e+02 5.747067e+03
8.231000e+02 5.843267e+03
8.230500e+02 5.843267e+03
8.230000e+02 5.797600e+03
8.229500e+02 5.797600e+03
8.229000e+02 5.825733e+03
8.228500e+02 5.825733e+03
8.228000e+02 5.747100e+03
8.227500e+02 5.747100e+03
8.227000e+02 5.739433e+03
8.226500e+02 5.739433e+03
8.226000e+02 5.771700e+03
8.225500e+02 5.771700e+03
8.225000e+02 5.714067e+03
8.224500e+02 5.714067e+03
8.224000e+02 5.745200e+03
8.223500e+02 5.745200e+03
8.223000e+02 5.696867e+03
8.222500e+02 5.696867e+03
8.222000e+02 5.673200e+03
8.221500e+02 5.673200e+03
8.221000e+02 5.789833e+03
8.220500e+02 5.789833e+03
8.220000e+02 5.734867e+03
8.219500e+02 5.734867e+03
8.219000e+02 5.762567e+03
8.218500e+02 5.762567e+03
8.218000e+02 5.768500e+03
8.217500e+02 5.768500e+03
8.217000e+02 5.752867e+03
8.216500e+02 5.752867e+03
8.216000e+02 5.696400e+03
8.215500e+02 5.696400e+03
8.215000e+02 5.768867e+03
8.214500e+02 5.768867e+03
8.214000e+02 5.746967e+03
8.213500e+02 5.746967e+03
8.213000e+02 5.676633e+03
8.212500e+02 5.676633e+03
8.212000e+02 5.707167e+03
8.211500e+02 5.707167e+03
8.211000e+02 5.672900e+03
8.210500e+02 5.672900e+03
8.210000e+02 5.632100e+03
8.209500e+02 5.632100e+03
8.209000e+02 5.647833e+03
8.208500e+02 5.647833e+03
8.208000e+02 5.702933e+03
8.207500e+02 5.702933e+03
8.207000e+02 5.603033e+03
8.206500e+02 5.603033e+03
8.206000e+02 5.739733e+03
8.205500e+02 5.739733e+03
8.205000e+02 5.715833e+03
8.204500e+02 5.715833e+03
8.204000e+02 5.692167e+03
8.203500e+02 5.692167e+03
8.203000e+02 5.634433e+03
8.202500e+02 5.634433e+03
8.202000e+02 5.651600e+03
8.201500e+02 5.651600e+03
8.201000e+02 5.569800e+03
8.200500e+02 5.569800e+03
8.200000e+02 5.699967e+03
8.199500e+02 5.699967e+03
8.199000e+02 5.729133e+03
8.198500e+02 5.729133e+03
8.198000e+02 5.676967e+03
8.197500e+02 5.676967e+03
8.197000e+02 5.676233e+03
8.196500e+02 5.676233e+03
8.196000e+02 5.722800e+03
8.195500e+02 5.722800e+03
8.195000e+02 5.680333e+03
8.194500e+02 5.680333e+03
8.194000e+02 5.644400e+03
8.193500e+02 5.644400e+03
8.193000e+02 5.665767e+03
8.192500e+02 5.665767e+03
8.192000e+02 5.649233e+03
8.191500e+02 5.649233e+03
8.191000e+02 5.630167e+03
8.190500e+02 5.630167e+03
8.190000e+02 5.638233e+03
8.189500e+02 5.638233e+03
8.189000e+02 5.611100e+03
8.188500e+02 5.611100e+03
8.188000e+02 5.660433e+03
8.187500e+02 5.660433e+03
8.187000e+02 5.616733e+03
8.186500e+02 5.616733e+03
8.186000e+02 5.583333e+03
8.185500e+02 5.583333e+03
8.185000e+02 5.613467e+03
8.184500e+02 5.613467e+03
8.184000e+02 5.637133e+03
8.183500e+02 5.637133e+03
8.183000e+02 5.664433e+03
8.182500e+02 5.664433e+03
8.182000e+02 5.675433e+03
8.181500e+02 5.675433e+03
8.181000e+02 5.696433e+03
8.180500e+02 5.696433e+03
8.180000e+02 5.615567e+03
8.179500e+02 5.615567e+03
8.179000e+02 5.637100e+03
8.178500e+02 5.637100e+03
8.178000e+02 5.634133e+03
8.177500e+02 5.634133e+03
8.177000e+02 5.641000e+03
8.176500e+02 5.641000e+03
8.176000e+02 5.608100e+03
8.175500e+02 5.608100e+03
8.175000e+02 5.604900e+03
8.174500e+02 5.604900e+03
8.174000e+02 5.580900e+03
8.173500e+02 5.580900e+03
8.173000e+02 5.641733e+03
8.172500e+02 5.641733e+03
8.172000e+02 5.665867e+03
8.171500e+02 5.665867e+03
8.171000e+02 5.622767e+03
8.170500e+02 5.622767e+03
8.170000e+02 5.624333e+03
8.169500e+02 5.624333e+03
8.169000e+02 5.598733e+03
8.168500e+02 5.598733e+03
8.168000e+02 5.545767e+03
8.167500e+02 5.545767e+03
8.167000e+02 5.651633e+03
8.166500e+02 5.651633e+03
8.166000e+02 5.655100e+03
8.165500e+02 5.655100e+03
8.165000e+02 5.600167e+03
8.164500e+02 5.600167e+03
8.164000e+02 5.631867e+03
8.163500e+02 5.631867e+03
8.163000e+02 5.687567e+03
8.162500e+02 5.687567e+03
8.162000e+02 5.683067e+03
8.161500e+02 5.683067e+03
8.161000e+02 5.621433e+03
8.160500e+02 5.621433e+03
8.160000e+02 5.603133e+03
8.159500e+02 5.603133e+03
8.159000e+02 5.672267e+03
8.158500e+02 5.672267e+03
8.158000e+02 5.625333e+03
8.157500e+02 5.625333e+03
8.157000e+02 5.604567e+03
8.156500e+02 5.604567e+03
8.156000e+02 5.699133e+03
8.155500e+02 5.699133e+03
8.155000e+02 5.652967e+03
8.154500e+02 5.652967e+03
8.154000e+02 5.740800e+03
8.153500e+02 5.740800e+03
8.153000e+02 5.713500e+03
8.152500e+02 5.713500e+03
8.152000e+02 5.681933e+03
8.151500e+02 5.681933e+03
8.151000e+02 5.717833e+03
8.150500e+02 5.717833e+03
8.150000e+02 5.687033e+03
8.149500e+02 5.687033e+03
8.149000e+02 5.673433e+03
8.148500e+02 5.673433e+03
8.148000e+02 5.628867e+03
8.147500e+02 5.628867e+03
8.147000e+02 5.731033e+03
8.146500e+02 5.731033e+03
8.146000e+02 5.695067e+03
8.145500e+02 5.695067e+03
8.145000e+02 5.661800e+03
8.144500e+02 5.661800e+03
8.144000e+02 5.659000e+03
8.143500e+02 5.659000e+03
8.143000e+02 5.589600e+03
8.142500e+02 5.589600e+03
8.142000e+02 5.632167e+03
8.141500e+02 5.632167e+03
8.141000e+02 5.675000e+03
8.140500e+02 5.675000e+03
8.140000e+02 5.676967e+03
8.139500e+02 5.676967e+03
8.139000e+02 5.676933e+03
8.138500e+02 5.676933e+03
8.138000e+02 5.578333e+03
8.137500e+02 5.578333e+03
8.137000e+02 5.619000e+03
8.136500e+02 5.619000e+03
8.136000e+02 5.660933e+03
8.135500e+02 5.660933e+03
8.135000e+02 5.665000e+03
8.134500e+02 5.665000e+03
8.134000e+02 5.699233e+03
8.133500e+02 5.699233e+03
8.133000e+02 5.753167e+03
8.132500e+02 5.753167e+03
8.132000e+02 5.705167e+03
8.131500e+02 5.705167e+03
8.131000e+02 5.690233e+03
8.130500e+02 5.690233e+03
8.130000e+02 5.622133e+03
8.129500e+02 5.622133e+03
8.129000e+02 5.625700e+03
8.128500e+02 5.625700e+03
8.128000e+02 5.635300e+03
8.127500e+02 5.635300e+03
8.127000e+02 5.736267e+03
8.126500e+02 5.736267e+03
8.126000e+02 5.717133e+03
8.125500e+02 5.717133e+03
8.125000e+02 5.731467e+03
8.124500e+02 5.731467e+03
8.124000e+02 5.685067e+03
8.123500e+02 5.685067e+03
8.123000e+02 5.665467e+03
8.122500e+02 5.665467e+03
8.122000e+02 5.727100e+03
8.121500e+02 5.727100e+03
8.121000e+02 5.671933e+03
8.120500e+02 5.671933e+03
8.120000e+02 5.658167e+03
8.119500e+02 5.658167e+03
8.119000e+02 5.669567e+03
8.118500e+02 5.669567e+03
8.118000e+02 5.648033e+03
8.117500e+02 5.648033e+03
8.117000e+02 5.766167e+03
8.116500e+02 5.766167e+03
8.116000e+02 5.773333e+03
8.115500e+02 5.773333e+03
8.115000e+02 5.768100e+03
8.114500e+02 5.768100e+03
8.114000e+02 5.683800e+03
8.113500e+02 5.683800e+03
8.113000e+02 5.719700e+03
8.112500e+02 5.719700e+03
8.112000e+02 5.677700e+03
8.111500e+02 5.677700e+03
8.111000e+02 5.747467e+03
8.110500e+02 5.747467e+03
8.110000e+02 5.722000e+03
8.109500e+02 5.722000e+03
8.109000e+02 5.714400e+03
8.108500e+02 5.714400e+03
8.108000e+02 5.706133e+03
8.107500e+02 5.706133e+03
8.107000e+02 5.699133e+03
8.106500e+02 5.699133e+03
8.106000e+02 5.691267e+03
8.105500e+02 5.691267e+03
8.105000e+02 5.696267e+03
8.104500e+02 5.696267e+03
8.104000e+02 5.689600e+03
8.103500e+02 5.689600e+03
8.103000e+02 5.745967e+03
8.102500e+02 5.745967e+03
8.102000e+02 5.737233e+03
8.101500e+02 5.737233e+03
8.101000e+02 5.802233e+03
8.100500e+02 5.802233e+03
8.100000e+02 5.734000e+03
8.099500e+02 5.734000e+03
8.099000e+02 5.689733e+03
8.098500e+02 5.689733e+03
8.098000e+02 5.721733e+03
8.097500e+02 5.721733e+03
8.097000e+02 5.751800e+03
8.096500e+02 5.751800e+03
8.096000e+02 5.726533e+03
8.095500e+02 5.726533e+03
8.095000e+02 5.725767e+03
8.094500e+02 5.725767e+03
8.094000e+02 5.769933e+03
8.093500e+02 5.769933e+03
8.093000e+02 5.734033e+03
8.092500e+02 5.734033e+03
8.092000e+02 5.762200e+03
8.091500e+02 5.762200e+03
8.091000e+02 5.792833e+03
8.090500e+02 5.792833e+03
8.090000e+02 5.762733e+03
8.089500e+02 5.762733e+03
8.089000e+02 5.732267e+03
8.088500e+02 5.732267e+03
8.088000e+02 5.706767e+03
8.087500e+02 5.706767e+03
8.087000e+02 5.658133e+03
8.086500e+02 5.658133e+03
8.086000e+02 5.769400e+03
8.085500e+02 5.769400e+03
8.085000e+02 5.739500e+03
8.084500e+02 5.739500e+03
8.084000e+02 5.707633e+03
8.083500e+02 5.707633e+03
8.083000e+02 5.655033e+03
8.082500e+02 5.655033e+03
8.082000e+02 5.666533e+03
8.081500e+02 5.666533e+03
8.081000e+02 5.799733e+03
8.080500e+02 5.799733e+03
8.080000e+02 5.787233e+03
8.079500e+02 5.787233e+03
8.079000e+02 5.773533e+03
8.078500e+02 5.773533e+03
8.078000e+02 5.774600e+03
8.077500e+02 5.774600e+03
8.077000e+02 5.720867e+03
8.076500e+02 5.720867e+03
8.076000e+02 5.744267e+03
8.075500e+02 5.744267e+03
8.075000e+02 5.711767e+03
8.074500e+02 5.711767e+03
8.074000e+02 5.679867e+03
8.073500e+02 5.679867e+03
8.073000e+02 5.727100e+03
8.072500e+02 5.727100e+03
8.072000e+02 5.758733e+03
8.071500e+02 5.758733e+03
8.071000e+02 5.752633e+03
8.070500e+02 5.752633e+03
8.070000e+02 5.731367e+03
8.069500e+02 5.731367e+03
8.069000e+02 5.766367e+03
8.068500e+02 5.766367e+03
8.068000e+02 5.765233e+03
8.067500e+02 5.765233e+03
8.067000e+02 5.701833e+03
8.066500e+02 5.701833e+03
8.066000e+02 5.758200e+03
8.065500e+02 5.758200e+03
8.065000e+02 5.794167e+03
8.064500e+02 5.794167e+03
8.064000e+02 5.748800e+03
8.063500e+02 5.748800e+03
8.063000e+02 5.685600e+03
8.062500e+02 5.685600e+03
8.062000e+02 5.709467e+03
8.061500e+02 5.709467e+03
8.061000e+02 5.748333e+03
8.060500e+02 5.748333e+03
8.060000e+02 5.793933e+03
8.059500e+02 5.793933e+03
8.059000e+02 5.754967e+03
8.058500e+02 5.754967e+03
8.058000e+02 5.734000e+03
8.057500e+02 5.734000e+03
8.057000e+02 5.790200e+03
8.056500e+02 5.790200e+03
8.056000e+02 5.836700e+03
8.055500e+02 5.836700e+03
8.055000e+02 5.720733e+03
8.054500e+02 5.720733e+03
8.054000e+02 5.799233e+03
8.053500e+02 5.799233e+03
8.053000e+02 5.866433e+03
8.052500e+02 5.866433e+03
8.052000e+02 5.836933e+03
8.051500e+02 5.836933e+03
8.051000e+02 5.865367e+03
8.050500e+02 5.865367e+03
8.050000e+02 5.882300e+03
8.049500e+02 5.882300e+03
8.049000e+02 5.863900e+03
8.048500e+02 5.863900e+03
8.048000e+02 5.790667e+03
8.047500e+02 5.790667e+03
8.047000e+02 5.731467e+03
8.046500e+02 5.731467e+03
8.046000e+02 5.741633e+03
8.045500e+02 5.741633e+03
8.045000e+02 5.727533e+03
8.044500e+02 5.727533e+03
8.044000e+02 5.790800e+03
8.043500e+02 5.790800e+03
8.043000e+02 5.808100e+03
8.042500e+02 5.808100e+03
8.042000e+02 5.756533e+03
8.041500e+02 5.756533e+03
8.041000e+02 5.746767e+03
8.040500e+02 5.746767e+03
8.040000e+02 5.780700e+03
8.039500e+02 5.780700e+03
8.039000e+02 5.758933e+03
8.038500e+02 5.758933e+03
8.038000e+02 5.801800e+03
8.037500e+02 5.801800e+03
8.037000e+02 5.852433e+03
8.036500e+02 5.852433e+03
8.036000e+02 5.773033e+03
8.035500e+02 5.773033e+03
8.035000e+02 5.719167e+03
8.034500e+02 5.719167e+03
8.034000e+02 5.751567e+03
8.033500e+02 5.751567e+03
8.033000e+02 5.831800e+03
8.032500e+02 5.831800e+03
8.032000e+02 5.753067e+03
8.031500e+02 5.753067e+03
8.031000e+02 5.706500e+03
8.030500e+02 5.706500e+03
8.030000e+02 5.714500e+03
8.029500e+02 5.714500e+03
8.029000e+02 5.833333e+03
8.028500e+02 5.833333e+03
8.028000e+02 5.771500e+03
8.027500e+02 5.771500e+03
8.027000e+02 5.751500e+03
8.026500e+02 5.751500e+03
8.026000e+02 5.711400e+03
8.025500e+02 5.711400e+03
8.025000e+02 5.820067e+03
8.024500e+02 5.820067e+03
8.024000e+02 5.857000e+03
8.023500e+02 5.857000e+03
8.023000e+02 5.801033e+03
8.022500e+02 5.801033e+03
8.022000e+02 5.842167e+03
8.021500e+02 5.842167e+03
8.021000e+02 5.835400e+03
8.020500e+02 5.835400e+03
8.020000e+02 5.779933e+03
8.019500e+02 5.779933e+03
8.019000e+02 5.846967e+03
8.018500e+02 5.846967e+03
8.018000e+02 5.709500e+03
8.017500e+02 5.709500e+03
8.017000e+02 5.688900e+03
8.016500e+02 5.688900e+03
8.016000e+02 5.769833e+03
8.015500e+02 5.769833e+03
8.015000e+02 5.835167e+03
8.014500e+02 5.835167e+03
8.014000e+02 5.767533e+03
8.013500e+02 5.767533e+03
8.013000e+02 5.738067e+03
8.012500e+02 5.738067e+03
8.012000e+02 5.671700e+03
8.011500e+02 5.671700e+03
8.011000e+02 5.686700e+03
8.010500e+02 5.686700e+03
8.010000e+02 5.730867e+03
8.009500e+02 5.730867e+03
8.009000e+02 5.746700e+03
8.008500e+02 5.746700e+03
8.008000e+02 5.777633e+03
8.007500e+02 5.777633e+03
8.007000e+02 5.755400e+03
8.006500e+02 5.755400e+03
8.006000e+02 5.763567e+03
8.005500e+02 5.763567e+03
8.005000e+02 5.795167e+03
8.004500e+02 5.795167e+03
8.004000e+02 5.837300e+03
8.003500e+02 5.837300e+03
8.003000e+02 5.812700e+03
8.002500e+02 5.812700e+03
8.002000e+02 5.721400e+03
8.001500e+02 5.721400e+03
8.001000e+02 5.843267e+03
8.000500e+02 5.843267e+03
8.000000e+02 5.830700e+03
7.999500e+02 5.830700e+03
7.999000e+02 5.849633e+03
7.998500e+02 5.849633e+03
7.998000e+02 5.743667e+03
7.997500e+02 5.743667e+03
7.997000e+02 5.814467e+03
7.996500e+02 5.814467e+03
7.996000e+02 5.858000e+03
7.995500e+02 5.858000e+03
7.995000e+02 5.754333e+03
7.994500e+02 5.754333e+03
7.994000e+02 5.785900e+03
7.993500e+02 5.785900e+03
7.993000e+02 5.775100e+03
7.992500e+02 5.775100e+03
7.992000e+02 5.778500e+03
7.991500e+02 5.778500e+03
7.991000e+02 5.800967e+03
7.990500e+02 5.800967e+03
7.990000e+02 5.872900e+03
7.989500e+02 5.872900e+03
7.989000e+02 5.860633e+03
7.988500e+02 5.860633e+03
7.988000e+02 5.797633e+03
7.987500e+02 5.797633e+03
7.987000e+02 5.817000e+03
7.986500e+02 5.817000e+03
7.986000e+02 5.864900e+03
7.985500e+02 5.864900e+03
7.985000e+02 5.863033e+03
7.984500e+02 5.863033e+03
7.984000e+02 5.869500e+03
7.983500e+02 5.869500e+03
7.983000e+02 5.847000e+03
7.982500e+02 5.847000e+03
7.982000e+02 5.719067e+03
7.981500e+02 5.719067e+03
7.981000e+02 5.865667e+03
7.980500e+02 5.865667e+03
7.980000e+02 5.944933e+03
7.979500e+02 5.944933e+03
7.979000e+02 5.869267e+03
7.978500e+02 5.869267e+03
7.978000e+02 5.807667e+03
7.977500e+02 5.807667e+03
7.977000e+02 5.810333e+03
7.976500e+02 5.810333e+03
7.976000e+02 5.866100e+03
7.975500e+02 5.866100e+03
7.975000e+02 5.840500e+03
7.974500e+02 5.840500e+03
7.974000e+02 5.864267e+03
7.973500e+02 5.864267e+03
7.973000e+02 5.745200e+03
7.972500e+02 5.745200e+03
7.972000e+02 5.814000e+03
7.971500e+02 5.814000e+03
7.971000e+02 5.917967e+03
7.970500e+02 5.917967e+03
7.970000e+02 5.928900e+03
7.969500e+02 5.928900e+03
7.969000e+02 5.888667e+03
7.968500e+02 5.888667e+03
7.968000e+02 5.931200e+03
7.967500e+02 5.931200e+03
7.967000e+02 5.863900e+03
7.966500e+02 5.863900e+03
7.966000e+02 5.944833e+03
7.965500e+02 5.944833e+03
7.965000e+02 5.966200e+03
7.964500e+02 5.966200e+03
7.964000e+02 5.956333e+03
7.963500e+02 5.956333e+03
7.963000e+02 5.967200e+03
7.962500e+02 5.967200e+03
7.962000e+02 5.956400e+03
7.961500e+02 5.956400e+03
7.961000e+02 5.927367e+03
7.960500e+02 5.927367e+03
7.960000e+02 5.970367e+03
7.959500e+02 5.970367e+03
7.959000e+02 5.968867e+03
7.958500e+02 5.968867e+03
7.958000e+02 5.998267e+03
7.957500e+02 5.998267e+03
7.957000e+02 5.970967e+03
7.956500e+02 5.970967e+03
7.956000e+02 6.048900e+03
7.955500e+02 6.048900e+03
7.955000e+02 5.981333e+03
7.954500e+02 5.981333e+03
7.954000e+02 6.000633e+03
7.953500e+02 6.000633e+03
7.953000e+02 5.959833e+03
7.952500e+02 5.959833e+03
7.952000e+02 5.982967e+03
7.951500e+02 5.982967e+03
7.951000e+02 6.047867e+03
7.950500e+02 6.047867e+03
7.950000e+02 5.991600e+03
7.949500e+02 5.991600e+03
7.949000e+02 6.050667e+03
7.948500e+02 6.050667e+03
7.948000e+02 6.032467e+03
7.947500e+02 6.032467e+03
7.947000e+02 6.091400e+03
7.946500e+02 6.091400e+03
7.946000e+02 6.059333e+03
7.945500e+02 6.059333e+03
7.945000e+02 6.096400e+03
7.944500e+02 6.096400e+03
7.944000e+02 6.012933e+03
7.943500e+02 6.012933e+03
7.943000e+02 6.094633e+03
7.942500e+02 6.094633e+03
7.942000e+02 6.058733e+03
7.941500e+02 6.058733e+03
7.941000e+02 6.042300e+03
7.940500e+02 6.042300e+03
7.940000e+02 6.102033e+03
7.939500e+02 6.102033e+03
7.939000e+02 6.150733e+03
7.938500e+02 6.150733e+03
7.938000e+02 6.208300e+03
7.937500e+02 6.208300e+03
7.937000e+02 6.122100e+03
7.936500e+02 6.122100e+03
7.936000e+02 6.198700e+03
7.935500e+02 6.198700e+03
7.935000e+02 6.149233e+03
7.934500e+02 6.149233e+03
7.934000e+02 6.187400e+03
7.933500e+02 6.187400e+03
7.933000e+02 6.178333e+03
7.932500e+02 6.178333e+03
7.932000e+02 6.231467e+03
7.931500e+02 6.231467e+03
7.931000e+02 6.255867e+03
7.930500e+02 6.255867e+03
7.930000e+02 6.239833e+03
7.929500e+02 6.239833e+03
7.929000e+02 6.203533e+03
7.928500e+02 6.203533e+03
7.928000e+02 6.204800e+03
7.927500e+02 6.204800e+03
7.927000e+02 6.317167e+03
7.926500e+02 6.317167e+03
7.926000e+02 6.344467e+03
7.925500e+02 6.344467e+03
7.925000e+02 6.356200e+03
7.924500e+02 6.356200e+03
7.924000e+02 6.297867e+03
7.923500e+02 6.297867e+03
7.923000e+02 6.272900e+03
7.922500e+02 6.272900e+03
7.922000e+02 6.291933e+03
7.921500e+02 6.291933e+03
7.921000e+02 6.316967e+03
7.920500e+02 6.316967e+03
7.920000e+02 6.357500e+03
7.919500e+02 6.357500e+03
7.919000e+02 6.415167e+03
7.918500e+02 6.415167e+03
7.918000e+02 6.513400e+03
7.917500e+02 6.513400e+03
7.917000e+02 6.479600e+03
7.916500e+02 6.479600e+03
7.916000e+02 6.403433e+03
7.915500e+02 6.403433e+03
7.915000e+02 6.353500e+03
7.914500e+02 6.353500e+03
7.914000e+02 6.398467e+03
7.913500e+02 6.398467e+03
7.913000e+02 6.423100e+03
7.912500e+02 6.423100e+03
7.912000e+02 6.557833e+03
7.911500e+02 6.557833e+03
7.911000e+02 6.589867e+03
7.910500e+02 6.589867e+03
7.910000e+02 6.602100e+03
7.909500e+02 6.602100e+03
7.909000e+02 6.566100e+03
7.908500e+02 6.566100e+03
7.908000e+02 6.660667e+03
7.907500e+02 6.660667e+03
7.907000e+02 6.638100e+03
7.906500e+02 6.638100e+03
7.906000e+02 6.655167e+03
7.905500e+02 6.655167e+03
7.905000e+02 6.589867e+03
7.904500e+02 6.589867e+03
7.904000e+02 6.567433e+03
7.903500e+02 6.567433e+03
7.903000e+02 6.707400e+03
7.902500e+02 6.707400e+03
7.902000e+02 6.583800e+03
7.901500e+02 6.583800e+03
7.901000e+02 6.606400e+03
7.900500e+02 6.606400e+03
7.900000e+02 6.599300e+03
7.899500e+02 6.599300e+03
7.899000e+02 6.619933e+03
7.898500e+02 6.619933e+03
7.898000e+02 6.707733e+03
7.897500e+02 6.707733e+03
7.897000e+02 6.720100e+03
7.896500e+02 6.720100e+03
7.896000e+02 6.607467e+03
7.895500e+02 6.607467e+03
7.895000e+02 6.625167e+03
7.894500e+02 6.625167e+03
7.894000e+02 6.684900e+03
7.893500e+02 6.684900e+03
7.893000e+02 6.834800e+03
7.892500e+02 6.834800e+03
7.892000e+02 6.815933e+03
7.891500e+02 6.815933e+03
7.891000e+02 6.679700e+03
7.890500e+02 6.679700e+03
7.890000e+02 6.774267e+03
7.889500e+02 6.774267e+03
7.889000e+02 6.741933e+03
7.888500e+02 6.741933e+03
7.888000e+02 6.846067e+03
7.887500e+02 6.846067e+03
7.887000e+02 6.804100e+03
7.886500e+02 6.804100e+03
7.886000e+02 6.898167e+03
7.885500e+02 6.898167e+03
7.885000e+02 6.896700e+03
7.884500e+02 6.896700e+03
7.884000e+02 6.822400e+03
7.883500e+02 6.822400e+03
7.883000e+02 6.900900e+03
7.882500e+02 6.900900e+03
7.882000e+02 6.889900e+03
7.881500e+02 6.889900e+03
7.881000e+02 6.900733e+03
7.880500e+02 6.900733e+03
7.880000e+02 6.843733e+03
7.879500e+02 6.843733e+03
7.879000e+02 6.856167e+03
7.878500e+02 6.856167e+03
7.878000e+02 6.873900e+03
7.877500e+02 6.873900e+03
7.877000e+02 6.906400e+03
7.876500e+02 6.906400e+03
7.876000e+02 7.048633e+03
7.875500e+02 7.048633e+03
7.875000e+02 7.015433e+03
7.874500e+02 7.015433e+03
7.874000e+02 7.060067e+03
7.873500e+02 7.060067e+03
7.873000e+02 6.948367e+03
7.872500e+02 6.948367e+03
7.872000e+02 7.057500e+03
7.871500e+02 7.057500e+03
7.871000e+02 7.122800e+03
7.870500e+02 7.122800e+03
7.870000e+02 7.106300e+03
7.869500e+02 7.106300e+03
7.869000e+02 6.985100e+03
7.868500e+02 6.985100e+03
7.868000e+02 6.981000e+03
7.867500e+02 6.981000e+03
7.867000e+02 7.065833e+03
7.866500e+02 7.065833e+03
7.866000e+02 7.110667e+03
7.865500e+02 7.110667e+03
7.865000e+02 7.047000e+03
7.864500e+02 7.047000e+03
7.864000e+02 7.079633e+03
7.863500e+02 7.079633e+03
7.863000e+02 7.135033e+03
7.862500e+02 7.135033e+03
7.862000e+02 7.011433e+03
7.861500e+02 7.011433e+03
7.861000e+02 7.151700e+03
7.860500e+02 7.151700e+03
7.860000e+02 7.168767e+03
7.859500e+02 7.168767e+03
7.859000e+02 7.066100e+03
7.858500e+02 7.066100e+03
7.858000e+02 7.059667e+03
7.857500e+02 7.059667e+03
7.857000e+02 7.140200e+03
7.856500e+02 7.140200e+03
7.856000e+02 7.142233e+03
7.855500e+02 7.142233e+03
7.855000e+02 7.118000e+03
7.854500e+02 7.118000e+03
7.854000e+02 7.094800e+03
7.853500e+02 7.094800e+03
7.853000e+02 7.052867e+03
7.852500e+02 7.052867e+03
7.852000e+02 7.075967e+03
7.851500e+02 7.075967e+03
7.851000e+02 7.162567e+03
7.850500e+02 7.162567e+03
7.850000e+02 7.165533e+03
7.849500e+02 7.165533e+03
7.849000e+02 7.177133e+03
7.848500e+02 7.177133e+03
7.848000e+02 7.110800e+03
7.847500e+02 7.110800e+03
7.847000e+02 7.192733e+03
7.846500e+02 7.192733e+03
7.846000e+02 7.250000e+03
7.845500e+02 7.250000e+03
7.845000e+02 7.230867e+03
7.844500e+02 7.230867e+03
7.844000e+02 7.179367e+03
7.843500e+02 7.179367e+03
7.843000e+02 7.141833e+03
7.842500e+02 7.141833e+03
7.842000e+02 7.134067e+03
7.841500e+02 7.134067e+03
7.841000e+02 7.104200e+03
7.840500e+02 7.104200e+03
7.840000e+02 7.140400e+03
7.839500e+02 7.140400e+03
7.839000e+02 7.186267e+03
7.838500e+02 7.186267e+03
7.838000e+02 7.241633e+03
7.837500e+02 7.241633e+03
7.837000e+02 7.183367e+03
7.836500e+02 7.183367e+03
7.836000e+02 7.135300e+03
7.835500e+02 7.135300e+03
7.835000e+02 7.087067e+03
7.834500e+02 7.087067e+03
7.834000e+02 7.170033e+03
7.833500e+02 7.170033e+03
7.833000e+02 7.080367e+03
7.832500e+02 7.080367e+03
7.832000e+02 7.120767e+03
7.831500e+02 7.120767e+03
7.831000e+02 7.240333e+03
7.830500e+02 7.240333e+03
7.830000e+02 7.185733e+03
7.829500e+02 7.185733e+03
7.829000e+02 7.137200e+03
7.828500e+02 7.137200e+03
7.828000e+02 7.201900e+03
7.827500e+02 7.201900e+03
7.827000e+02 7.166400e+03
7.826500e+02 7.166400e+03
7.826000e+02 7.157667e+03
7.825500e+02 7.157667e+03
7.825000e+02 7.085200e+03
7.824500e+02 7.085200e+03
7.824000e+02 7.066733e+03
7.823500e+02 7.066733e+03
7.823000e+02 7.044567e+03
7.822500e+02 7.044567e+03
7.822000e+02 7.031500e+03
7.821500e+02 7.031500e+03
7.821000e+02 7.025467e+03
7.820500e+02 7.025467e+03
7.820000e+02 6.955833e+03
7.819500e+02 6.955833e+03
7.819000e+02 7.100833e+03
7.818500e+02 7.100833e+03
7.818000e+02 7.000633e+03
7.817500e+02 7.000633e+03
7.817000e+02 6.997333e+03
7.816500e+02 6.997333e+03
7.816000e+02 6.996033e+03
7.815500e+02 6.996033e+03
7.815000e+02 6.841433e+03
7.814500e+02 6.841433e+03
7.814000e+02 6.884867e+03
7.813500e+02 6.884867e+03
7.813000e+02 6.900633e+03
7.812500e+02 6.900633e+03
7.812000e+02 6.967167e+03
7.811500e+02 6.967167e+03
7.811000e+02 6.868067e+03
7.810500e+02 6.868067e+03
7.810000e+02 6.818167e+03
7.809500e+02 6.818167e+03
7.809000e+02 6.768867e+03
7.808500e+02 6.768867e+03
7.808000e+02 6.749167e+03
7.807500e+02 6.749167e+03
7.807000e+02 6.708100e+03
7.806500e+02 6.708100e+03
7.806000e+02 6.728833e+03
7.805500e+02 6.728833e+03
7.805000e+02 6.684900e+03
7.804500e+02 6.684900e+03
7.804000e+02 6.663433e+03
7.803500e+02 6.663433e+03
7.803000e+02 6.579500e+03
7.802500e+02 6.579500e+03
7.802000e+02 6.617667e+03
7.801500e+02 6.617667e+03
7.801000e+02 6.627367e+03
7.800500e+02 6.627367e+03
7.800000e+02 6.511900e+03
7.799500e+02 6.511900e+03
7.799000e+02 6.579700e+03
7.798500e+02 6.579700e+03
7.798000e+02 6.520433e+03
7.797500e+02 6.520433e+03
7.797000e+02 6.500633e+03
7.796500e+02 6.500633e+03
7.796000e+02 6.485367e+03
7.795500e+02 6.485367e+03
7.795000e+02 6.425267e+03
7.794500e+02 6.425267e+03
7.794000e+02 6.403067e+03
7.793500e+02 6.403067e+03
7.793000e+02 6.350667e+03
7.792500e+02 6.350667e+03
7.792000e+02 6.348200e+03
7.791500e+02 6.348200e+03
7.791000e+02 6.384833e+03
7.790500e+02 6.384833e+03
7.790000e+02 6.217567e+03
7.789500e+02 6.217567e+03
7.789000e+02 6.187033e+03
7.788500e+02 6.187033e+03
7.788000e+02 6.127200e+03
7.787500e+02 6.127200e+03
7.787000e+02 6.100200e+03
7.786500e+02 6.100200e+03
7.786000e+02 6.099133e+03
7.785500e+02 6.099133e+03
7.785000e+02 6.091300e+03
7.784500e+02 6.091300e+03
7.784000e+02 6.149600e+03
7.783500e+02 6.149600e+03
7.783000e+02 6.049600e+03
7.782500e+02 6.049600e+03
7.782000e+02 6.092467e+03
7.781500e+02 6.092467e+03
7.781000e+02 6.104600e+03
7.780500e+02 6.104600e+03
7.780000e+02 6.057367e+03
7.779500e+02 6.057367e+03
7.779000e+02 6.002800e+03
7.778500e+02 6.002800e+03
7.778000e+02 5.951433e+03
7.777500e+02 5.951433e+03
7.777000e+02 5.969800e+03
7.776500e+02 5.969800e+03
7.776000e+02 5.904567e+03
7.775500e+02 5.904567e+03
7.775000e+02 5.925967e+03
7.774500e+02 5.925967e+03
7.774000e+02 5.901833e+03
7.773500e+02 5.901833e+03
7.773000e+02 5.869500e+03
7.772500e+02 5.869500e+03
7.772000e+02 5.837433e+03
7.771500e+02 5.837433e+03
7.771000e+02 5.855167e+03
7.770500e+02 5.855167e+03
7.770000e+02 5.870467e+03
7.769500e+02 5.870467e+03
7.769000e+02 5.855833e+03
7.768500e+02 5.855833e+03
7.768000e+02 5.889100e+03
7.767500e+02 5.889100e+03
7.767000e+02 5.816133e+03
7.766500e+02 5.816133e+03
7.766000e+02 5.806400e+03
7.765500e+02 5.806400e+03
7.765000e+02 5.770767e+03
7.764500e+02 5.770767e+03
7.764000e+02 5.721933e+03
7.763500e+02 5.721933e+03
7.763000e+02 5.861500e+03
7.762500e+02 5.861500e+03
7.762000e+02 5.765367e+03
7.761500e+02 5.765367e+03
7.761000e+02 5.694133e+03
7.760500e+02 5.694133e+03
7.760000e+02 5.804200e+03
7.759500e+02 5.804200e+03
7.759000e+02 5.819700e+03
7.758500e+02 5.819700e+03
7.758000e+02 5.715600e+03
7.757500e+02 5.715600e+03
7.757000e+02 5.688967e+03
7.756500e+02 5.688967e+03
7.756000e+02 5.644267e+03
7.755500e+02 5.644267e+03
7.755000e+02 5.716767e+03
7.754500e+02 5.716767e+03
7.754000e+02 5.716767e+03
7.753500e+02 5.716767e+03
7.753000e+02 5.722267e+03
7.752500e+02 5.722267e+03
7.752000e+02 5.716400e+03
7.751500e+02 5.716400e+03
7.751000e+02 5.753167e+03
7.750500e+02 5.753167e+03
7.750000e+02 5.767433e+03
7.749500e+02 5.767433e+03
7.749000e+02 5.781467e+03
7.748500e+02 5.781467e+03
7.748000e+02 5.728200e+03
7.747500e+02 5.728200e+03
7.747000e+02 5.725433e+03
7.746500e+02 5.725433e+03
7.746000e+02 5.813567e+03
7.745500e+02 5.813567e+03
7.745000e+02 5.696167e+03
7.744500e+02 5.696167e+03
7.744000e+02 5.619633e+03
7.743500e+02 5.619633e+03
7.743000e+02 5.704867e+03
7.742500e+02 5.704867e+03
7.742000e+02 5.708633e+03
7.741500e+02 5.708633e+03
7.741000e+02 5.742433e+03
7.740500e+02 5.742433e+03
7.740000e+02 5.726867e+03
7.739500e+02 5.726867e+03
7.739000e+02 5.734500e+03
7.738500e+02 5.734500e+03
7.738000e+02 5.693567e+03
7.737500e+02 5.693567e+03
7.737000e+02 5.707233e+03
7.736500e+02 5.707233e+03
7.736000e+02 5.688500e+03
7.735500e+02 5.688500e+03
7.735000e+02 5.688167e+03
7.734500e+02 5.688167e+03
7.734000e+02 5.792167e+03
7.733500e+02 5.792167e+03
7.733000e+02 5.813433e+03
7.732500e+02 5.813433e+03
7.732000e+02 5.829067e+03
7.731500e+02 5.829067e+03
7.731000e+02 5.745933e+03
7.730500e+02 5.745933e+03
7.730000e+02 5.767200e+03
7.729500e+02 5.767200e+03
7.729000e+02 5.763233e+03
7.728500e+02 5.763233e+03
7.728000e+02 5.762733e+03
7.727500e+02 5.762733e+03
7.727000e+02 5.749067e+03
7.726500e+02 5.749067e+03
7.726000e+02 5.703233e+03
7.725500e+02 5.703233e+03
7.725000e+02 5.700033e+03
7.724500e+02 5.700033e+03
7.724000e+02 5.733700e+03
7.723500e+02 5.733700e+03
7.723000e+02 5.826400e+03
7.722500e+02 5.826400e+03
7.722000e+02 5.773000e+03
7.721500e+02 5.773000e+03
7.721000e+02 5.753600e+03
7.720500e+02 5.753600e+03
7.720000e+02 5.734033e+03
7.719500e+02 5.734033e+03
7.719000e+02 5.742067e+03
7.718500e+02 5.742067e+03
7.718000e+02 5.857000e+03
7.717500e+02 5.857000e+03
7.717000e+02 5.839067e+03
7.716500e+02 5.839067e+03
7.716000e+02 5.788067e+03
7.715500e+02 5.788067e+03
7.715000e+02 5.780133e+03
7.714500e+02 5.780133e+03
7.714000e+02 5.772133e+03
7.713500e+02 5.772133e+03
7.713000e+02 5.729533e+03
7.712500e+02 5.729533e+03
7.712000e+02 5.758900e+03
7.711500e+02 5.758900e+03
7.711000e+02 5.885867e+03
7.710500e+02 5.885867e+03
7.710000e+02 5.820500e+03
7.709500e+02 5.820500e+03
7.709000e+02 5.861867e+03
7.708500e+02 5.861867e+03
7.708000e+02 5.885933e+03
7.707500e+02 5.885933e+03
7.707000e+02 5.790467e+03
7.706500e+02 5.790467e+03
7.706000e+02 5.758167e+03
7.705500e+02 5.758167e+03
7.705000e+02 5.847967e+03
7.704500e+02 5.847967e+03
7.704000e+02 5.787800e+03
7.703500e+02 5.787800e+03
7.703000e+02 5.815033e+03
7.702500e+02 5.815033e+03
7.702000e+02 5.838000e+03
7.701500e+02 5.838000e+03
7.701000e+02 5.855167e+03
7.700500e+02 5.855167e+03
7.700000e+02 5.784167e+03
7.699500e+02 5.784167e+03
7.699000e+02 5.792367e+03
7.698500e+02 5.792367e+03
7.698000e+02 5.779400e+03
7.697500e+02 5.779400e+03
7.697000e+02 5.779667e+03
7.696500e+02 5.779667e+03
7.696000e+02 5.727200e+03
7.695500e+02 5.727200e+03
7.695000e+02 5.772567e+03
7.694500e+02 5.772567e+03
7.694000e+02 5.772267e+03
7.693500e+02 5.772267e+03
7.693000e+02 5.773433e+03
7.692500e+02 5.773433e+03
7.692000e+02 5.814900e+03
7.691500e+02 5.814900e+03
7.691000e+02 5.759000e+03
7.690500e+02 5.759000e+03
7.690000e+02 5.682667e+03
7.689500e+02 5.682667e+03
7.689000e+02 5.750200e+03
7.688500e+02 5.750200e+03
7.688000e+02 5.745833e+03
7.687500e+02 5.745833e+03
7.687000e+02 5.764667e+03
7.686500e+02 5.764667e+03
7.686000e+02 5.680767e+03
7.685500e+02 5.680767e+03
7.685000e+02 5.695733e+03
7.684500e+02 5.695733e+03
7.684000e+02 5.755933e+03
7.683500e+02 5.755933e+03
7.683000e+02 5.758133e+03
7.682500e+02 5.758133e+03
7.682000e+02 5.622400e+03
7.681500e+02 5.622400e+03
7.681000e+02 5.605767e+03
7.680500e+02 5.605767e+03
7.680000e+02 5.676500e+03
7.679500e+02 5.676500e+03
7.679000e+02 5.749867e+03
7.678500e+02 5.749867e+03
7.678000e+02 5.694000e+03
7.677500e+02 5.694000e+03
7.677000e+02 5.709133e+03
7.676500e+02 5.709133e+03
7.676000e+02 5.631933e+03
7.675500e+02 5.631933e+03
7.675000e+02 5.581867e+03
7.674500e+02 5.581867e+03
7.674000e+02 5.573900e+03
7.673500e+02 5.573900e+03
7.673000e+02 5.558000e+03
7.672500e+02 5.558000e+03
7.672000e+02 5.588967e+03
7.671500e+02 5.588967e+03
7.671000e+02 5.561967e+03
7.670500e+02 5.561967e+03
7.670000e+02 5.536233e+03
7.669500e+02 5.536233e+03
7.669000e+02 5.507167e+03
7.668500e+02 5.507167e+03
7.668000e+02 5.525100e+03
7.667500e+02 5.525100e+03
7.667000e+02 5.495500e+03
7.666500e+02 5.495500e+03
7.666000e+02 5.493700e+03
7.665500e+02 5.493700e+03
7.665000e+02 5.458100e+03
7.664500e+02 5.458100e+03
7.664000e+02 5.481367e+03
7.663500e+02 5.481367e+03
7.663000e+02 5.489300e+03
7.662500e+02 5.489300e+03
7.662000e+02 5.413433e+03
7.661500e+02 5.413433e+03
7.661000e+02 5.499167e+03
7.660500e+02 5.499167e+03
7.660000e+02 5.439133e+03
7.659500e+02 5.439133e+03
7.659000e+02 5.399667e+03
7.658500e+02 5.399667e+03
7.658000e+02 5.420700e+03
7.657500e+02 5.420700e+03
7.657000e+02 5.440733e+03
7.656500e+02 5.440733e+03
7.656000e+02 5.411900e+03
7.655500e+02 5.411900e+03
7.655000e+02 5.381933e+03
7.654500e+02 5.381933e+03
7.654000e+02 5.382967e+03
7.653500e+02 5.382967e+03
7.653000e+02 5.389300e+03
7.652500e+02 5.389300e+03
7.652000e+02 5.371600e+03
7.651500e+02 5.371600e+03
7.651000e+02 5.417700e+03
7.650500e+02 5.417700e+03
7.650000e+02 5.388633e+03
7.649500e+02 5.388633e+03
7.649000e+02 5.338533e+03
7.648500e+02 5.338533e+03
7.648000e+02 5.355433e+03
7.647500e+02 5.355433e+03
7.647000e+02 5.365500e+03
7.646500e+02 5.365500e+03
7.646000e+02 5.378000e+03
7.645500e+02 5.378000e+03
7.645000e+02 5.379267e+03
7.644500e+02 5.379267e+03
7.644000e+02 5.362967e+03
7.643500e+02 5.362967e+03
7.643000e+02 5.346067e+03
7.642500e+02 5.346067e+03
7.642000e+02 5.434500e+03
7.641500e+02 5.434500e+03
7.641000e+02 5.363533e+03
7.640500e+02 5.363533e+03
7.640000e+02 5.358333e+03
7.639500e+02 5.358333e+03
7.639000e+02 5.348900e+03
7.638500e+02 5.348900e+03
7.638000e+02 5.322867e+03
7.637500e+02 5.322867e+03
7.637000e+02 5.378867e+03
7.636500e+02 5.378867e+03
7.636000e+02 5.393633e+03
7.635500e+02 5.393633e+03
7.635000e+02 5.368100e+03
7.634500e+02 5.368100e+03
7.634000e+02 5.316400e+03
7.633500e+02 5.316400e+03
7.633000e+02 5.356833e+03
7.632500e+02 5.356833e+03
7.632000e+02 5.363033e+03
7.631500e+02 5.363033e+03
7.631000e+02 5.383700e+03
7.630500e+02 5.383700e+03
7.630000e+02 5.381200e+03
7.629500e+02 5.381200e+03
7.629000e+02 5.384367e+03
7.628500e+02 5.384367e+03
7.628000e+02 5.337767e+03
7.627500e+02 5.337767e+03
7.627000e+02 5.339467e+03
7.626500e+02 5.339467e+03
7.626000e+02 5.314733e+03
7.625500e+02 5.314733e+03
7.625000e+02 5.342433e+03
7.624500e+02 5.342433e+03
7.624000e+02 5.389300e+03
7.623500e+02 5.389300e+03
7.623000e+02 5.323533e+03
7.622500e+02 5.323533e+03
7.622000e+02 5.290133e+03
7.621500e+02 5.290133e+03
7.621000e+02 5.325500e+03
7.620500e+02 5.325500e+03
7.620000e+02 5.324867e+03
7.619500e+02 5.324867e+03
7.619000e+02 5.327467e+03
7.618500e+02 5.327467e+03
7.618000e+02 5.355033e+03
7.617500e+02 5.355033e+03
7.617000e+02 5.358133e+03
7.616500e+02 5.358133e+03
7.616000e+02 5.391733e+03
7.615500e+02 5.391733e+03
7.615000e+02 5.329833e+03
7.614500e+02 5.329833e+03
7.614000e+02 5.320900e+03
7.613500e+02 5.320900e+03
7.613000e+02 5.411800e+03
7.612500e+02 5.411800e+03
7.612000e+02 5.402033e+03
7.611500e+02 5.402033e+03
7.611000e+02 5.251300e+03
7.610500e+02 5.251300e+03
7.610000e+02 5.351567e+03
7.609500e+02 5.351567e+03
7.609000e+02 5.425833e+03
7.608500e+02 5.425833e+03
7.608000e+02 5.433433e+03
7.607500e+02 5.433433e+03
7.607000e+02 5.307000e+03
7.606500e+02 5.307000e+03
7.606000e+02 5.328900e+03
7.605500e+02 5.328900e+03
7.605000e+02 5.364133e+03
7.604500e+02 5.364133e+03
7.604000e+02 5.344933e+03
7.603500e+02 5.344933e+03
7.603000e+02 5.383467e+03
7.602500e+02 5.383467e+03
7.602000e+02 5.342667e+03
7.601500e+02 5.342667e+03
7.601000e+02 5.350300e+03
7.600500e+02 5.350300e+03
7.600000e+02 5.384533e+03
7.599500e+02 5.384533e+03
7.599000e+02 5.394333e+03
7.598500e+02 5.394333e+03
7.598000e+02 5.422800e+03
7.597500e+02 5.422800e+03
7.597000e+02 5.347867e+03
7.596500e+02 5.347867e+03
7.596000e+02 5.414033e+03
7.595500e+02 5.414033e+03
7.595000e+02 5.414033e+03
7.594500e+02 5.414033e+03
7.594000e+02 5.387700e+03
7.593500e+02 5.387700e+03
7.593000e+02 5.460067e+03
7.592500e+02 5.460067e+03
7.592000e+02 5.395367e+03
7.591500e+02 5.395367e+03
7.591000e+02 5.388633e+03
7.590500e+02 5.388633e+03
7.590000e+02 5.353833e+03
7.589500e+02 5.353833e+03
7.589000e+02 5.375933e+03
7.588500e+02 5.375933e+03
7.588000e+02 5.456500e+03
7.587500e+02 5.456500e+03
7.587000e+02 5.480067e+03
7.586500e+02 5.480067e+03
7.586000e+02 5.479767e+03
7.585500e+02 5.479767e+03
7.585000e+02 5.408233e+03
7.584500e+02 5.408233e+03
7.584000e+02 5.350767e+03
7.583500e+02 5.350767e+03
7.583000e+02 5.408467e+03
7.582500e+02 5.408467e+03
7.582000e+02 5.371867e+03
7.581500e+02 5.371867e+03
7.581000e+02 5.425200e+03
7.580500e+02 5.425200e+03
7.580000e+02 5.488100e+03
7.579500e+02 5.488100e+03
7.579000e+02 5.539333e+03
7.578500e+02 5.539333e+03
7.578000e+02 5.461033e+03
7.577500e+02 5.461033e+03
7.577000e+02 5.433767e+03
7.576500e+02 5.433767e+03
7.576000e+02 5.426100e+03
7.575500e+02 5.426100e+03
7.575000e+02 5.422500e+03
7.574500e+02 5.422500e+03
7.574000e+02 5.425867e+03
7.573500e+02 5.425867e+03
7.573000e+02 5.460733e+03
7.572500e+02 5.460733e+03
7.572000e+02 5.458500e+03
7.571500e+02 5.458500e+03
7.571000e+02 5.500900e+03
7.570500e+02 5.500900e+03
7.570000e+02 5.483967e+03
7.569500e+02 5.483967e+03
7.569000e+02 5.546500e+03
7.568500e+02 5.546500e+03
7.568000e+02 5.464967e+03
7.567500e+02 5.464967e+03
7.567000e+02 5.477267e+03
7.566500e+02 5.477267e+03
7.566000e+02 5.496267e+03
7.565500e+02 5.496267e+03
7.565000e+02 5.441200e+03
7.564500e+02 5.441200e+03
7.564000e+02 5.460933e+03
7.563500e+02 5.460933e+03
7.563000e+02 5.464400e+03
7.562500e+02 5.464400e+03
7.562000e+02 5.473267e+03
7.561500e+02 5.473267e+03
7.561000e+02 5.482567e+03
7.560500e+02 5.482567e+03
7.560000e+02 5.444767e+03
7.559500e+02 5.444767e+03
7.559000e+02 5.521867e+03
7.558500e+02 5.521867e+03
7.558000e+02 5.493567e+03
7.557500e+02 5.493567e+03
7.557000e+02 5.561933e+03
7.556500e+02 5.561933e+03
7.556000e+02 5.491367e+03
7.555500e+02 5.491367e+03
7.555000e+02 5.534233e+03
7.554500e+02 5.534233e+03
7.554000e+02 5.585000e+03
7.553500e+02 5.585000e+03
7.553000e+02 5.515633e+03
7.552500e+02 5.515633e+03
7.552000e+02 5.502433e+03
7.551500e+02 5.502433e+03
7.551000e+02 5.490033e+03
7.550500e+02 5.490033e+03
7.550000e+02 5.536400e+03
7.549500e+02 5.536400e+03
7.549000e+02 5.534533e+03
7.548500e+02 5.534533e+03
7.548000e+02 5.491900e+03
7.547500e+02 5.491900e+03
7.547000e+02 5.497200e+03
7.546500e+02 5.497200e+03
7.546000e+02 5.551600e+03
7.545500e+02 5.551600e+03
7.545000e+02 5.445567e+03
7.544500e+02 5.445567e+03
7.544000e+02 5.486567e+03
7.543500e+02 5.486567e+03
7.543000e+02 5.545500e+03
7.542500e+02 5.545500e+03
7.542000e+02 5.478533e+03
7.541500e+02 5.478533e+03
7.541000e+02 5.479267e+03
7.540500e+02 5.479267e+03
7.540000e+02 5.543267e+03
7.539500e+02 5.543267e+03
7.539000e+02 5.591033e+03
7.538500e+02 5.591033e+03
7.538000e+02 5.565500e+03
7.537500e+02 5.565500e+03
7.537000e+02 5.548200e+03
7.536500e+02 5.548200e+03
7.536000e+02 5.502233e+03
7.535500e+02 5.502233e+03
7.535000e+02 5.556267e+03
7.534500e+02 5.556267e+03
7.534000e+02 5.551633e+03
7.533500e+02 5.551633e+03
7.533000e+02 5.586400e+03
7.532500e+02 5.586400e+03
7.532000e+02 5.545267e+03
7.531500e+02 5.545267e+03
7.531000e+02 5.572133e+03
7.530500e+02 5.572133e+03
7.530000e+02 5.566667e+03
7.529500e+02 5.566667e+03
7.529000e+02 5.564533e+03
7.528500e+02 5.564533e+03
7.528000e+02 5.555733e+03
7.527500e+02 5.555733e+03
7.527000e+02 5.623433e+03
7.526500e+02 5.623433e+03
7.526000e+02 5.601033e+03
7.525500e+02 5.601033e+03
7.525000e+02 5.689400e+03
7.524500e+02 5.689400e+03
7.524000e+02 5.635000e+03
7.523500e+02 5.635000e+03
7.523000e+02 5.571200e+03
7.522500e+02 5.571200e+03
7.522000e+02 5.619300e+03
7.521500e+02 5.619300e+03
7.521000e+02 5.623933e+03
7.520500e+02 5.623933e+03
7.520000e+02 5.579100e+03
7.519500e+02 5.579100e+03
7.519000e+02 5.600800e+03
7.518500e+02 5.600800e+03
7.518000e+02 5.655267e+03
7.517500e+02 5.655267e+03
7.517000e+02 5.650967e+03
7.516500e+02 5.650967e+03
7.516000e+02 5.577467e+03
7.515500e+02 5.577467e+03
7.515000e+02 5.619267e+03
7.514500e+02 5.619267e+03
7.514000e+02 5.636267e+03
7.513500e+02 5.636267e+03
7.513000e+02 5.551700e+03
7.512500e+02 5.551700e+03
7.512000e+02 5.655800e+03
7.511500e+02 5.655800e+03
7.511000e+02 5.601533e+03
7.510500e+02 5.601533e+03
7.510000e+02 5.586567e+03
7.509500e+02 5.586567e+03
7.509000e+02 5.596067e+03
7.508500e+02 5.596067e+03
7.508000e+02 5.703400e+03
7.507500e+02 5.703400e+03
7.507000e+02 5.648667e+03
7.506500e+02 5.648667e+03
7.506000e+02 5.667033e+03
7.505500e+02 5.667033e+03
7.505000e+02 5.671000e+03
7.504500e+02 5.671000e+03
7.504000e+02 5.632233e+03
7.503500e+02 5.632233e+03
7.503000e+02 5.657700e+03
7.502500e+02 5.657700e+03
7.502000e+02 5.706200e+03
7.501500e+02 5.706200e+03
7.501000e+02 5.679433e+03
7.500500e+02 5.679433e+03
7.500000e+02 5.648433e+03
7.499500e+02 5.648433e+03
7.499000e+02 5.586033e+03
7.498500e+02 5.586033e+03
7.498000e+02 5.593167e+03
7.497500e+02 5.593167e+03
7.497000e+02 5.663533e+03
7.496500e+02 5.663533e+03
7.496000e+02 5.647100e+03
7.495500e+02 5.647100e+03
7.495000e+02 5.651367e+03
7.494500e+02 5.651367e+03
7.494000e+02 5.704567e+03
7.493500e+02 5.704567e+03
7.493000e+02 5.674667e+03
7.492500e+02 5.674667e+03
7.492000e+02 5.654567e+03
7.491500e+02 5.654567e+03
7.491000e+02 5.707467e+03
7.490500e+02 5.707467e+03
7.490000e+02 5.657300e+03
7.489500e+02 5.657300e+03
7.489000e+02 5.687567e+03
7.488500e+02 5.687567e+03
7.488000e+02 5.688000e+03
7.487500e+02 5.688000e+03
7.487000e+02 5.739467e+03
7.486500e+02 5.739467e+03
7.486000e+02 5.771567e+03
7.485500e+02 5.771567e+03
7.485000e+02 5.731733e+03
7.484500e+02 5.731733e+03
7.484000e+02 5.724267e+03
7.483500e+02 5.724267e+03
7.483000e+02 5.760467e+03
7.482500e+02 5.760467e+03
7.482000e+02 5.751267e+03
7.481500e+02 5.751267e+03
7.481000e+02 5.779967e+03
7.480500e+02 5.779967e+03
7.480000e+02 5.777700e+03
7.479500e+02 5.777700e+03
7.479000e+02 5.761567e+03
7.478500e+02 5.761567e+03
7.478000e+02 5.717467e+03
7.477500e+02 5.717467e+03
7.477000e+02 5.773933e+03
7.476500e+02 5.773933e+03
7.476000e+02 5.808933e+03
7.475500e+02 5.808933e+03
7.475000e+02 5.767467e+03
7.474500e+02 5.767467e+03
7.474000e+02 5.788500e+03
7.473500e+02 5.788500e+03
7.473000e+02 5.757033e+03
7.472500e+02 5.757033e+03
7.472000e+02 5.832100e+03
7.471500e+02 5.832100e+03
7.471000e+02 5.767067e+03
7.470500e+02 5.767067e+03
7.470000e+02 5.746800e+03
7.469500e+02 5.746800e+03
7.469000e+02 5.705200e+03
7.468500e+02 5.705200e+03
7.468000e+02 5.705700e+03
7.467500e+02 5.705700e+03
7.467000e+02 5.732000e+03
7.466500e+02 5.732000e+03
7.466000e+02 5.763100e+03
7.465500e+02 5.763100e+03
7.465000e+02 5.834667e+03
7.464500e+02 5.834667e+03
7.464000e+02 5.830733e+03
7.463500e+02 5.830733e+03
7.463000e+02 5.832467e+03
7.462500e+02 5.832467e+03
7.462000e+02 5.820700e+03
7.461500e+02 5.820700e+03
7.461000e+02 5.776200e+03
7.460500e+02 5.776200e+03
7.460000e+02 5.740367e+03
7.459500e+02 5.740367e+03
7.459000e+02 5.761567e+03
7.458500e+02 5.761567e+03
7.458000e+02 5.812867e+03
7.457500e+02 5.812867e+03
7.457000e+02 5.776533e+03
7.456500e+02 5.776533e+03
7.456000e+02 5.773733e+03
7.455500e+02 5.773733e+03
7.455000e+02 5.770967e+03
7.454500e+02 5.770967e+03
7.454000e+02 5.836700e+03
7.453500e+02 5.836700e+03
7.453000e+02 5.823133e+03
7.452500e+02 5.823133e+03
7.452000e+02 5.826667e+03
7.451500e+02 5.826667e+03
7.451000e+02 5.881967e+03
7.450500e+02 5.881967e+03
7.450000e+02 5.867033e+03
7.449500e+02 5.867033e+03
7.449000e+02 5.936600e+03
7.448500e+02 5.936600e+03
7.448000e+02 5.938867e+03
7.447500e+02 5.938867e+03
7.447000e+02 5.971267e+03
7.446500e+02 5.971267e+03
7.446000e+02 5.942400e+03
7.445500e+02 5.942400e+03
7.445000e+02 5.954433e+03
7.444500e+02 5.954433e+03
7.444000e+02 5.935000e+03
7.443500e+02 5.935000e+03
7.443000e+02 5.996533e+03
7.442500e+02 5.996533e+03
7.442000e+02 5.987300e+03
7.441500e+02 5.987300e+03
7.441000e+02 6.041467e+03
7.440500e+02 6.041467e+03
7.440000e+02 6.079867e+03
7.439500e+02 6.079867e+03
7.439000e+02 6.136433e+03
7.438500e+02 6.136433e+03
7.438000e+02 6.140300e+03
7.437500e+02 6.140300e+03
7.437000e+02 6.166867e+03
7.436500e+02 6.166867e+03
7.436000e+02 6.203767e+03
7.435500e+02 6.203767e+03
7.435000e+02 6.256667e+03
7.434500e+02 6.256667e+03
7.434000e+02 6.196567e+03
7.433500e+02 6.196567e+03
7.433000e+02 6.270867e+03
7.432500e+02 6.270867e+03
7.432000e+02 6.260433e+03
7.431500e+02 6.260433e+03
7.431000e+02 6.282400e+03
7.430500e+02 6.282400e+03
7.430000e+02 6.279433e+03
7.429500e+02 6.279433e+03
7.429000e+02 6.277367e+03
7.428500e+02 6.277367e+03
7.428000e+02 6.325600e+03
7.427500e+02 6.325600e+03
7.427000e+02 6.290600e+03
7.426500e+02 6.290600e+03
7.426000e+02 6.307133e+03
7.425500e+02 6.307133e+03
7.425000e+02 6.303233e+03
7.424500e+02 6.303233e+03
7.424000e+02 6.314167e+03
7.423500e+02 6.314167e+03
7.423000e+02 6.327633e+03
7.422500e+02 6.327633e+03
7.422000e+02 6.295633e+03
7.421500e+02 6.295633e+03
7.421000e+02 6.352000e+03
7.420500e+02 6.352000e+03
7.420000e+02 6.389867e+03
7.419500e+02 6.389867e+03
7.419000e+02 6.327900e+03
7.418500e+02 6.327900e+03
7.418000e+02 6.326800e+03
7.417500e+02 6.326800e+03
7.417000e+02 6.313333e+03
7.416500e+02 6.313333e+03
7.416000e+02 6.305300e+03
7.415500e+02 6.305300e+03
7.415000e+02 6.236000e+03
7.414500e+02 6.236000e+03
7.414000e+02 6.246567e+03
7.413500e+02 6.246567e+03
7.413000e+02 6.242267e+03
7.412500e+02 6.242267e+03
7.412000e+02 6.253200e+03
7.411500e+02 6.253200e+03
7.411000e+02 6.180633e+03
7.410500e+02 6.180633e+03
7.410000e+02 6.250033e+03
7.409500e+02 6.250033e+03
7.409000e+02 6.254867e+03
7.408500e+02 6.254867e+03
7.408000e+02 6.136567e+03
7.407500e+02 6.136567e+03
7.407000e+02 6.104367e+03
7.406500e+02 6.104367e+03
7.406000e+02 6.175433e+03
7.405500e+02 6.175433e+03
7.405000e+02 6.149267e+03
7.404500e+02 6.149267e+03
7.404000e+02 6.130200e+03
7.403500e+02 6.130200e+03
7.403000e+02 6.098567e+03
7.402500e+02 6.098567e+03
7.402000e+02 6.093733e+03
7.401500e+02 6.093733e+03
7.401000e+02 6.066567e+03
7.400500e+02 6.066567e+03
7.400000e+02 6.028600e+03
7.399500e+02 6.028600e+03
7.399000e+02 6.125267e+03
7.398500e+02 6.125267e+03
7.398000e+02 6.150767e+03
7.397500e+02 6.150767e+03
7.397000e+02 6.106733e+03
7.396500e+02 6.106733e+03
7.396000e+02 6.090400e+03
7.395500e+02 6.090400e+03
7.395000e+02 6.141067e+03
7.394500e+02 6.141067e+03
7.394000e+02 6.024233e+03
7.393500e+02 6.024233e+03
7.393000e+02 6.027667e+03
7.392500e+02 6.027667e+03
7.392000e+02 6.112300e+03
7.391500e+02 6.112300e+03
7.391000e+02 6.061900e+03
7.390500e+02 6.061900e+03
7.390000e+02 6.044533e+03
7.389500e+02 6.044533e+03
7.389000e+02 5.958733e+03
7.388500e+02 5.958733e+03
7.388000e+02 6.011500e+03
7.387500e+02 6.011500e+03
7.387000e+02 6.074667e+03
7.386500e+02 6.074667e+03
7.386000e+02 6.039733e+03
7.385500e+02 6.039733e+03
7.385000e+02 6.123800e+03
7.384500e+02 6.123800e+03
7.384000e+02 6.045967e+03
7.383500e+02 6.045967e+03
7.383000e+02 6.097267e+03
7.382500e+02 6.097267e+03
7.382000e+02 6.205400e+03
7.381500e+02 6.205400e+03
7.381000e+02 6.111500e+03
7.380500e+02 6.111500e+03
7.380000e+02 6.109000e+03
7.379500e+02 6.109000e+03
7.379000e+02 6.094300e+03
7.378500e+02 6.094300e+03
7.378000e+02 6.153467e+03
7.377500e+02 6.153467e+03
7.377000e+02 6.183833e+03
7.376500e+02 6.183833e+03
7.376000e+02 6.199967e+03
7.375500e+02 6.199967e+03
7.375000e+02 6.270000e+03
7.374500e+02 6.270000e+03
7.374000e+02 6.256500e+03
7.373500e+02 6.256500e+03
7.373000e+02 6.245100e+03
7.372500e+02 6.245100e+03
7.372000e+02 6.308033e+03
7.371500e+02 6.308033e+03
7.371000e+02 6.260767e+03
7.370500e+02 6.260767e+03
7.370000e+02 6.275433e+03
7.369500e+02 6.275433e+03
7.369000e+02 6.299467e+03
7.368500e+02 6.299467e+03
7.368000e+02 6.374300e+03
7.367500e+02 6.374300e+03
7.367000e+02 6.387800e+03
7.366500e+02 6.387800e+03
7.366000e+02 6.381533e+03
7.365500e+02 6.381533e+03
7.365000e+02 6.381233e+03
7.364500e+02 6.381233e+03
7.364000e+02 6.455900e+03
7.363500e+02 6.455900e+03
7.363000e+02 6.411067e+03
7.362500e+02 6.411067e+03
7.362000e+02 6.448600e+03
7.361500e+02 6.448600e+03
7.361000e+02 6.467267e+03
7.360500e+02 6.467267e+03
7.360000e+02 6.461933e+03
7.359500e+02 6.461933e+03
7.359000e+02 6.464400e+03
7.358500e+02 6.464400e+03
7.358000e+02 6.460933e+03
7.357500e+02 6.460933e+03
7.357000e+02 6.481533e+03
7.356500e+02 6.481533e+03
7.356000e+02 6.513167e+03
7.355500e+02 6.513167e+03
7.355000e+02 6.528733e+03
7.354500e+02 6.528733e+03
7.354000e+02 6.605400e+03
7.353500e+02 6.605400e+03
7.353000e+02 6.623300e+03
7.352500e+02 6.623300e+03
7.352000e+02 6.705467e+03
7.351500e+02 6.705467e+03
7.351000e+02 6.655567e+03
7.350500e+02 6.655567e+03
7.350000e+02 6.745767e+03
7.349500e+02 6.745767e+03
7.349000e+02 6.711967e+03
7.348500e+02 6.711967e+03
7.348000e+02 6.716633e+03
7.347500e+02 6.716633e+03
7.347000e+02 6.719600e+03
7.346500e+02 6.719600e+03
7.346000e+02 6.823133e+03
7.345500e+02 6.823133e+03
7.345000e+02 6.892200e+03
7.344500e+02 6.892200e+03
7.344000e+02 6.840700e+03
7.343500e+02 6.840700e+03
7.343000e+02 6.915600e+03
7.342500e+02 6.915600e+03
7.342000e+02 6.945900e+03
7.341500e+02 6.945900e+03
7.341000e+02 7.008867e+03
7.340500e+02 7.008867e+03
7.340000e+02 6.956333e+03
7.339500e+02 6.956333e+03
7.339000e+02 6.966100e+03
7.338500e+02 6.966100e+03
7.338000e+02 6.994333e+03
7.337500e+02 6.994333e+03
7.337000e+02 7.053967e+03
7.336500e+02 7.053967e+03
7.336000e+02 7.075900e+03
7.335500e+02 7.075900e+03
7.335000e+02 7.032833e+03
7.334500e+02 7.032833e+03
7.334000e+02 7.165033e+03
7.333500e+02 7.165033e+03
7.333000e+02 7.123467e+03
7.332500e+02 7.123467e+03
7.332000e+02 7.108833e+03
7.331500e+02 7.108833e+03
7.331000e+02 7.077333e+03
7.330500e+02 7.077333e+03
7.330000e+02 7.146833e+03
7.329500e+02 7.146833e+03
7.329000e+02 7.141000e+03
7.328500e+02 7.141000e+03
7.328000e+02 7.130600e+03
7.327500e+02 7.130600e+03
7.327000e+02 7.120000e+03
7.326500e+02 7.120000e+03
7.326000e+02 7.133567e+03
7.325500e+02 7.133567e+03
7.325000e+02 7.207667e+03
7.324500e+02 7.207667e+03
7.324000e+02 7.155000e+03
7.323500e+02 7.155000e+03
7.323000e+02 7.206100e+03
7.322500e+02 7.206100e+03
7.322000e+02 7.249933e+03
7.321500e+02 7.249933e+03
7.321000e+02 7.169667e+03
7.320500e+02 7.169667e+03
7.320000e+02 7.177133e+03
7.319500e+02 7.177133e+03
7.319000e+02 7.180867e+03
7.318500e+02 7.180867e+03
7.318000e+02 7.178400e+03
7.317500e+02 7.178400e+03
7.317000e+02 7.166933e+03
7.316500e+02 7.166933e+03
7.316000e+02 7.127300e+03
7.315500e+02 7.127300e+03
7.315000e+02 7.113933e+03
7.314500e+02 7.113933e+03
7.314000e+02 7.026867e+03
7.313500e+02 7.026867e+03
7.313000e+02 7.084400e+03
7.312500e+02 7.084400e+03
7.312000e+02 7.088800e+03
7.311500e+02 7.088800e+03
7.311000e+02 7.066933e+03
7.310500e+02 7.066933e+03
7.310000e+02 7.021933e+03
7.309500e+02 7.021933e+03
7.309000e+02 7.021767e+03
7.308500e+02 7.021767e+03
7.308000e+02 6.999233e+03
7.307500e+02 6.999233e+03
7.307000e+02 7.058333e+03
7.306500e+02 7.058333e+03
7.306000e+02 7.004067e+03
7.305500e+02 7.004067e+03
7.305000e+02 6.934800e+03
7.304500e+02 6.934800e+03
7.304000e+02 6.973367e+03
7.303500e+02 6.973367e+03
7.303000e+02 6.982500e+03
7.302500e+02 6.982500e+03
7.302000e+02 6.934800e+03
7.301500e+02 6.934800e+03
7.301000e+02 7.037133e+03
7.300500e+02 7.037133e+03
7.300000e+02 6.963633e+03
7.299500e+02 6.963633e+03
7.299000e+02 6.992833e+03
7.298500e+02 6.992833e+03
7.298000e+02 7.076733e+03
7.297500e+02 7.076733e+03
7.297000e+02 7.005967e+03
7.296500e+02 7.005967e+03
7.296000e+02 7.073767e+03
7.295500e+02 7.073767e+03
7.295000e+02 7.015833e+03
7.294500e+02 7.015833e+03
7.294000e+02 7.026333e+03
7.293500e+02 7.026333e+03
7.293000e+02 7.023033e+03
7.292500e+02 7.023033e+03
7.292000e+02 7.044167e+03
7.291500e+02 7.044167e+03
7.291000e+02 7.073200e+03
7.290500e+02 7.073200e+03
7.290000e+02 7.119700e+03
7.289500e+02 7.119700e+03
7.289000e+02 7.154867e+03
7.288500e+02 7.154867e+03
7.288000e+02 7.210367e+03
7.287500e+02 7.210367e+03
7.287000e+02 7.252700e+03
7.286500e+02 7.252700e+03
7.286000e+02 7.263733e+03
7.285500e+02 7.263733e+03
7.285000e+02 7.303433e+03
7.284500e+02 7.303433e+03
7.284000e+02 7.307300e+03
7.283500e+02 7.307300e+03
7.283000e+02 7.391400e+03
7.282500e+02 7.391400e+03
7.282000e+02 7.488833e+03
7.281500e+02 7.488833e+03
7.281000e+02 7.490300e+03
7.280500e+02 7.490300e+03
7.280000e+02 7.574567e+03
7.279500e+02 7.574567e+03
7.279000e+02 7.543733e+03
7.278500e+02 7.543733e+03
7.278000e+02 7.622400e+03
7.277500e+02 7.622400e+03
7.277000e+02 7.678600e+03
7.276500e+02 7.678600e+03
7.276000e+02 7.717133e+03
7.275500e+02 7.717133e+03
7.275000e+02 7.767500e+03
7.274500e+02 7.767500e+03
7.274000e+02 7.872567e+03
7.273500e+02 7.872567e+03
7.273000e+02 7.838233e+03
7.272500e+02 7.838233e+03
7.272000e+02 7.907267e+03
7.271500e+02 7.907267e+03
7.271000e+02 8.103733e+03
7.270500e+02 8.103733e+03
7.270000e+02 8.152833e+03
7.269500e+02 8.152833e+03
7.269000e+02 8.180500e+03
7.268500e+02 8.180500e+03
7.268000e+02 8.246433e+03
7.267500e+02 8.246433e+03
7.267000e+02 8.324800e+03
7.266500e+02 8.324800e+03
7.266000e+02 8.305867e+03
7.265500e+02 8.305867e+03
7.265000e+02 8.382300e+03
7.264500e+02 8.382300e+03
7.264000e+02 8.430567e+03
7.263500e+02 8.430567e+03
7.263000e+02 8.432033e+03
7.262500e+02 8.432033e+03
7.262000e+02 8.599633e+03
7.261500e+02 8.599633e+03
7.261000e+02 8.639967e+03
7.260500e+02 8.639967e+03
7.260000e+02 8.767733e+03
7.259500e+02 8.767733e+03
7.259000e+02 8.838267e+03
7.258500e+02 8.838267e+03
7.258000e+02 8.909667e+03
7.257500e+02 8.909667e+03
7.257000e+02 8.903133e+03
7.256500e+02 8.903133e+03
7.256000e+02 9.054867e+03
7.255500e+02 9.054867e+03
7.255000e+02 9.077233e+03
7.254500e+02 9.077233e+03
7.254000e+02 9.220400e+03
7.253500e+02 9.220400e+03
7.253000e+02 9.237267e+03
7.252500e+02 9.237267e+03
7.252000e+02 9.315733e+03
7.251500e+02 9.315733e+03
7.251000e+02 9.390167e+03
7.250500e+02 9.390167e+03
7.250000e+02 9.410467e+03
7.249500e+02 9.410467e+03
7.249000e+02 9.444600e+03
7.248500e+02 9.444600e+03
7.248000e+02 9.600867e+03
7.247500e+02 9.600867e+03
7.247000e+02 9.670167e+03
7.246500e+02 9.670167e+03
7.246000e+02 9.665233e+03
7.245500e+02 9.665233e+03
7.245000e+02 9.732400e+03
7.244500e+02 9.732400e+03
7.244000e+02 9.764933e+03
7.243500e+02 9.764933e+03
7.243000e+02 9.780667e+03
7.242500e+02 9.780667e+03
7.242000e+02 9.809067e+03
7.241500e+02 9.809067e+03
7.241000e+02 9.731167e+03
7.240500e+02 9.731167e+03
7.240000e+02 9.689300e+03
7.239500e+02 9.689300e+03
7.239000e+02 9.677800e+03
7.238500e+02 9.677800e+03
7.238000e+02 9.672667e+03
7.237500e+02 9.672667e+03
7.237000e+02 9.540067e+03
7.236500e+02 9.540067e+03
7.236000e+02 9.450400e+03
7.235500e+02 9.450400e+03
7.235000e+02 9.325867e+03
7.234500e+02 9.325867e+03
7.234000e+02 9.184033e+03
7.233500e+02 9.184033e+03
7.233000e+02 9.111200e+03
7.232500e+02 9.111200e+03
7.232000e+02 9.023833e+03
7.231500e+02 9.023833e+03
7.231000e+02 8.878100e+03
7.230500e+02 8.878100e+03
7.230000e+02 8.795833e+03
7.229500e+02 8.795833e+03
7.229000e+02 8.602933e+03
7.228500e+02 8.602933e+03
7.228000e+02 8.445033e+03
7.227500e+02 8.445033e+03
7.227000e+02 8.237700e+03
7.226500e+02 8.237700e+03
7.226000e+02 7.938167e+03
7.225500e+02 7.938167e+03
7.225000e+02 7.626500e+03
7.224500e+02 7.626500e+03
7.224000e+02 7.372867e+03
7.223500e+02 7.372867e+03
7.223000e+02 7.231067e+03
7.222500e+02 7.231067e+03
7.222000e+02 7.037933e+03
7.221500e+02 7.037933e+03
7.221000e+02 7.005133e+03
7.220500e+02 7.005133e+03
7.220000e+02 6.908067e+03
7.219500e+02 6.908067e+03
7.219000e+02 6.786000e+03
7.218500e+02 6.786000e+03
7.218000e+02 6.714700e+03
7.217500e+02 6.714700e+03
7.217000e+02 6.697700e+03
7.216500e+02 6.697700e+03
7.216000e+02 6.677867e+03
7.215500e+02 6.677867e+03
7.215000e+02 6.622167e+03
7.214500e+02 6.622167e+03
7.214000e+02 6.589133e+03
7.213500e+02 6.589133e+03
7.213000e+02 6.617033e+03
7.212500e+02 6.617033e+03
7.212000e+02 6.597600e+03
7.211500e+02 6.597600e+03
7.211000e+02 6.568733e+03
7.210500e+02 6.568733e+03
7.210000e+02 6.594700e+03
7.209500e+02 6.594700e+03
7.209000e+02 6.632133e+03
7.208500e+02 6.632133e+03
7.208000e+02 6.642733e+03
7.207500e+02 6.642733e+03
7.207000e+02 6.729833e+03
7.206500e+02 6.729833e+03
7.206000e+02 6.657633e+03
7.205500e+02 6.657633e+03
7.205000e+02 6.693900e+03
7.204500e+02 6.693900e+03
7.204000e+02 6.766967e+03
7.203500e+02 6.766967e+03
7.203000e+02 6.787200e+03
7.202500e+02 6.787200e+03
7.202000e+02 6.826267e+03
7.201500e+02 6.826267e+03
7.201000e+02 6.869233e+03
7.200500e+02 6.869233e+03
7.200000e+02 6.875233e+03
7.199500e+02 6.875233e+03
7.199000e+02 6.894767e+03
7.198500e+02 6.894767e+03
7.198000e+02 6.883733e+03
7.197500e+02 6.883733e+03
7.197000e+02 6.939267e+03
7.196500e+02 6.939267e+03
7.196000e+02 6.877633e+03
7.195500e+02 6.877633e+03
7.195000e+02 6.906767e+03
7.194500e+02 6.906767e+03
7.194000e+02 6.996100e+03
7.193500e+02 6.996100e+03
7.193000e+02 6.939333e+03
7.192500e+02 6.939333e+03
7.192000e+02 6.865967e+03
7.191500e+02 6.865967e+03
7.191000e+02 6.922400e+03
7.190500e+02 6.922400e+03
7.190000e+02 6.892267e+03
7.189500e+02 6.892267e+03
7.189000e+02 6.944033e+03
7.188500e+02 6.944033e+03
7.188000e+02 6.946133e+03
7.187500e+02 6.946133e+03
7.187000e+02 6.899233e+03
7.186500e+02 6.899233e+03
7.186000e+02 6.947100e+03
7.185500e+02 6.947100e+03
7.185000e+02 6.880400e+03
7.184500e+02 6.880400e+03
7.184000e+02 6.785033e+03
7.183500e+02 6.785033e+03
7.183000e+02 6.688000e+03
7.182500e+02 6.688000e+03
7.182000e+02 6.746267e+03
7.181500e+02 6.746267e+03
7.181000e+02 6.697467e+03
7.180500e+02 6.697467e+03
7.180000e+02 6.718867e+03
7.179500e+02 6.718867e+03
7.179000e+02 6.633033e+03
7.178500e+02 6.633033e+03
7.178000e+02 6.585667e+03
7.177500e+02 6.585667e+03
7.177000e+02 6.482367e+03
7.176500e+02 6.482367e+03
7.176000e+02 6.487767e+03
7.175500e+02 6.487767e+03
7.175000e+02 6.396933e+03
7.174500e+02 6.396933e+03
7.174000e+02 6.394100e+03
7.173500e+02 6.394100e+03
7.173000e+02 6.328633e+03
7.172500e+02 6.328633e+03
7.172000e+02 6.355233e+03
7.171500e+02 6.355233e+03
7.171000e+02 6.257000e+03
7.170500e+02 6.257000e+03
7.170000e+02 6.159367e+03
7.169500e+02 6.159367e+03
7.169000e+02 6.176200e+03
7.168500e+02 6.176200e+03
7.168000e+02 6.110867e+03
7.167500e+02 6.110867e+03
7.167000e+02 6.048500e+03
7.166500e+02 6.048500e+03
7.166000e+02 6.090633e+03
7.165500e+02 6.090633e+03
7.165000e+02 6.011600e+03
7.164500e+02 6.011600e+03
7.164000e+02 6.016533e+03
7.163500e+02 6.016533e+03
7.163000e+02 5.999567e+03
7.162500e+02 5.999567e+03
7.162000e+02 6.025300e+03
7.161500e+02 6.025300e+03
7.161000e+02 5.997533e+03
7.160500e+02 5.997533e+03
7.160000e+02 5.971067e+03
7.159500e+02 5.971067e+03
7.159000e+02 6.086800e+03
7.158500e+02 6.086800e+03
7.158000e+02 5.970100e+03
7.157500e+02 5.970100e+03
7.157000e+02 5.971367e+03
7.156500e+02 5.971367e+03
7.156000e+02 5.973567e+03
7.155500e+02 5.973567e+03
7.155000e+02 5.983567e+03
7.154500e+02 5.983567e+03
7.154000e+02 5.943000e+03
7.153500e+02 5.943000e+03
7.153000e+02 5.976133e+03
7.152500e+02 5.976133e+03
7.152000e+02 6.052733e+03
7.151500e+02 6.052733e+03
7.151000e+02 6.165400e+03
7.150500e+02 6.165400e+03
7.150000e+02 6.261867e+03
7.149500e+02 6.261867e+03
7.149000e+02 6.227300e+03
7.148500e+02 6.227300e+03
7.148000e+02 6.185067e+03
7.147500e+02 6.185067e+03
7.147000e+02 6.290500e+03
7.146500e+02 6.290500e+03
7.146000e+02 6.374367e+03
7.145500e+02 6.374367e+03
7.145000e+02 6.470200e+03
7.144500e+02 6.470200e+03
7.144000e+02 6.574433e+03
7.143500e+02 6.574433e+03
7.143000e+02 6.607600e+03
7.142500e+02 6.607600e+03
7.142000e+02 6.700133e+03
7.141500e+02 6.700133e+03
7.141000e+02 6.729433e+03
7.140500e+02 6.729433e+03
7.140000e+02 6.858567e+03
7.139500e+02 6.858567e+03
7.139000e+02 7.012533e+03
7.138500e+02 7.012533e+03
7.138000e+02 7.161233e+03
7.137500e+02 7.161233e+03
7.137000e+02 7.208033e+03
7.136500e+02 7.208033e+03
7.136000e+02 7.342567e+03
7.135500e+02 7.342567e+03
7.135000e+02 7.470200e+03
7.134500e+02 7.470200e+03
7.134000e+02 7.540167e+03
7.133500e+02 7.540167e+03
7.133000e+02 7.627000e+03
7.132500e+02 7.627000e+03
7.132000e+02 7.842300e+03
7.131500e+02 7.842300e+03
7.131000e+02 7.944567e+03
7.130500e+02 7.944567e+03
7.130000e+02 8.075167e+03
7.129500e+02 8.075167e+03
7.129000e+02 8.137100e+03
7.128500e+02 8.137100e+03
7.128000e+02 8.217067e+03
7.127500e+02 8.217067e+03
7.127000e+02 8.422533e+03
7.126500e+02 8.422533e+03
7.126000e+02 8.634100e+03
7.125500e+02 8.634100e+03
7.125000e+02 8.655467e+03
7.124500e+02 8.655467e+03
7.124000e+02 8.787400e+03
7.123500e+02 8.787400e+03
7.123000e+02 8.878367e+03
7.122500e+02 8.878367e+03
7.122000e+02 9.008600e+03
7.121500e+02 9.008600e+03
7.121000e+02 9.142433e+03
7.120500e+02 9.142433e+03
7.120000e+02 9.341700e+03
7.119500e+02 9.341700e+03
7.119000e+02 9.490200e+03
7.118500e+02 9.490200e+03
7.118000e+02 9.757800e+03
7.117500e+02 9.757800e+03
7.117000e+02 9.931967e+03
7.116500e+02 9.931967e+03
7.116000e+02 1.015450e+04
7.115500e+02 1.015450e+04
7.115000e+02 1.040747e+04
7.114500e+02 1.040747e+04
7.114000e+02 1.055353e+04
7.113500e+02 1.055353e+04
7.113000e+02 1.080810e+04
7.112500e+02 1.080810e+04
7.112000e+02 1.091730e+04
7.111500e+02 1.091730e+04
7.111000e+02 1.097727e+04
7.110500e+02 1.097727e+04
7.110000e+02 1.113103e+04
7.109500e+02 1.113103e+04
7.109000e+02 1.122537e+04
7.108500e+02 1.122537e+04
7.108000e+02 1.115237e+04
7.107500e+02 1.115237e+04
7.107000e+02 1.094020e+04
7.106500e+02 1.094020e+04
7.106000e+02 1.084580e+04
7.105500e+02 1.084580e+04
7.105000e+02 1.072900e+04
7.104500e+02 1.072900e+04
7.104000e+02 1.056267e+04
7.103500e+02 1.056267e+04
7.103000e+02 1.041613e+04
7.102500e+02 1.041613e+04
7.102000e+02 1.041433e+04
7.101500e+02 1.041433e+04
7.101000e+02 1.045013e+04
7.100500e+02 1.045013e+04
7.100000e+02 1.052657e+04
7.099500e+02 1.052657e+04
7.099000e+02 1.050387e+04
7.098500e+02 1.050387e+04
7.098000e+02 1.044693e+04
7.097500e+02 1.044693e+04
7.097000e+02 1.014123e+04
7.096500e+02 1.014123e+04
7.096000e+02 9.622733e+03
7.095500e+02 9.622733e+03
7.095000e+02 8.922867e+03
7.094500e+02 8.922867e+03
7.094000e+02 8.083633e+03
7.093500e+02 8.083633e+03
7.093000e+02 7.023067e+03
7.092500e+02 7.023067e+03
7.092000e+02 5.926400e+03
7.091500e+02 5.926400e+03
7.091000e+02 4.910667e+03
7.090500e+02 4.910667e+03
7.090000e+02 4.126167e+03
7.089500e+02 4.126167e+03
7.089000e+02 3.421233e+03
7.088500e+02 3.421233e+03
7.088000e+02 2.920410e+03
7.087500e+02 2.920410e+03
7.087000e+02 2.637100e+03
7.086500e+02 2.637100e+03
7.086000e+02 2.473027e+03
7.085500e+02 2.473027e+03
7.085000e+02 2.293163e+03
7.084500e+02 2.293163e+03
7.084000e+02 2.149733e+03
7.083500e+02 2.149733e+03
7.083000e+02 2.040860e+03
7.082500e+02 2.040860e+03
7.082000e+02 1.979343e+03
7.081500e+02 1.979343e+03
7.081000e+02 1.899923e+03
7.080500e+02 1.899923e+03
7.080000e+02 1.883287e+03
7.079500e+02 1.883287e+03
7.079000e+02 1.860660e+03
7.078500e+02 1.860660e+03
7.078000e+02 1.815610e+03
7.077500e+02 1.815610e+03
7.077000e+02 1.777003e+03
7.076500e+02 1.777003e+03
7.076000e+02 1.731860e+03
7.075500e+02 1.731860e+03
7.075000e+02 1.720747e+03
7.074500e+02 1.720747e+03
7.074000e+02 1.705617e+03
7.073500e+02 1.705617e+03
7.073000e+02 1.731007e+03
7.072500e+02 1.731007e+03
7.072000e+02 1.707423e+03
7.071500e+02 1.707423e+03
7.071000e+02 1.683390e+03
7.070500e+02 1.683390e+03
7.070000e+02 1.644147e+03
7.069500e+02 1.644147e+03
7.069000e+02 1.607820e+03
7.068500e+02 1.607820e+03
7.068000e+02 1.595033e+03
7.067500e+02 1.595033e+03
7.067000e+02 1.619183e+03
7.066500e+02 1.619183e+03
7.066000e+02 1.601627e+03
7.065500e+02 1.601627e+03
7.065000e+02 1.633767e+03
7.064500e+02 1.633767e+03
7.064000e+02 1.604320e+03
7.063500e+02 1.604320e+03
7.063000e+02 1.648633e+03
7.062500e+02 1.648633e+03
7.062000e+02 1.600680e+03
7.061500e+02 1.600680e+03
7.061000e+02 1.565477e+03
7.060500e+02 1.565477e+03
7.060000e+02 1.573600e+03
7.059500e+02 1.573600e+03
7.059000e+02 1.526417e+03
7.058500e+02 1.526417e+03
7.058000e+02 1.556273e+03
7.057500e+02 1.556273e+03
7.057000e+02 1.559180e+03
7.056500e+02 1.559180e+03
7.056000e+02 1.577260e+03
7.055500e+02 1.577260e+03
7.055000e+02 1.579033e+03
7.054500e+02 1.579033e+03
7.054000e+02 1.523533e+03
7.053500e+02 1.523533e+03
7.053000e+02 1.549877e+03
7.052500e+02 1.549877e+03
7.052000e+02 1.561647e+03
7.051500e+02 1.561647e+03
7.051000e+02 1.532170e+03
7.050500e+02 1.532170e+03
7.050000e+02 1.576813e+03
7.049500e+02 1.576813e+03
7.049000e+02 1.525093e+03
7.048500e+02 1.525093e+03
7.048000e+02 1.519917e+03
7.047500e+02 1.519917e+03
7.047000e+02 1.540273e+03
7.046500e+02 1.540273e+03
7.046000e+02 1.486430e+03
7.045500e+02 1.486430e+03
7.045000e+02 1.511900e+03
7.044500e+02 1.511900e+03
7.044000e+02 1.509723e+03
7.043500e+02 1.509723e+03
7.043000e+02 1.547793e+03
7.042500e+02 1.547793e+03
7.042000e+02 1.507247e+03
7.041500e+02 1.507247e+03
7.041000e+02 1.488973e+03
7.040500e+02 1.488973e+03
7.040000e+02 1.490473e+03
7.039500e+02 1.490473e+03
7.039000e+02 1.498560e+03
7.038500e+02 1.498560e+03
7.038000e+02 1.501147e+03
7.037500e+02 1.501147e+03
7.037000e+02 1.479783e+03
7.036500e+02 1.479783e+03
7.036000e+02 1.466667e+03
7.035500e+02 1.466667e+03
7.035000e+02 1.474967e+03
7.034500e+02 1.474967e+03
7.034000e+02 1.504553e+03
7.033500e+02 1.504553e+03
7.033000e+02 1.529507e+03
7.032500e+02 1.529507e+03
7.032000e+02 1.535597e+03
7.031500e+02 1.535597e+03
7.031000e+02 1.526647e+03
7.030500e+02 1.526647e+03
7.030000e+02 1.508640e+03
7.029500e+02 1.508640e+03
7.029000e+02 1.511080e+03
7.028500e+02 1.511080e+03
7.028000e+02 1.478697e+03
7.027500e+02 1.478697e+03
7.027000e+02 1.495943e+03
7.026500e+02 1.495943e+03
7.026000e+02 1.485167e+03
7.025500e+02 1.485167e+03
7.025000e+02 1.488537e+03
7.024500e+02 1.488537e+03
7.024000e+02 1.503903e+03
7.023500e+02 1.503903e+03
7.023000e+02 1.453460e+03
7.022500e+02 1.453460e+03
7.022000e+02 1.497883e+03
7.021500e+02 1.497883e+03
7.021000e+02 1.485987e+03
7.020500e+02 1.485987e+03
7.020000e+02 1.497833e+03
7.019500e+02 1.497833e+03
7.019000e+02 1.500150e+03
7.018500e+02 1.500150e+03
7.018000e+02 1.486913e+03
7.017500e+02 1.486913e+03
7.017000e+02 1.494863e+03
7.016500e+02 1.494863e+03
7.016000e+02 1.473603e+03
7.015500e+02 1.473603e+03
7.015000e+02 1.481890e+03
7.014500e+02 1.481890e+03
7.014000e+02 1.510617e+03
7.013500e+02 1.510617e+03
7.013000e+02 1.488947e+03
7.012500e+02 1.488947e+03
7.012000e+02 1.460150e+03
7.011500e+02 1.460150e+03
7.011000e+02 1.476040e+03
7.010500e+02 1.476040e+03
7.010000e+02 1.467710e+03
7.009500e+02 1.467710e+03
7.009000e+02 1.457340e+03
7.008500e+02 1.457340e+03
7.008000e+02 1.488353e+03
7.007500e+02 1.488353e+03
7.007000e+02 1.490787e+03
7.006500e+02 1.490787e+03
7.006000e+02 1.475977e+03
7.005500e+02 1.475977e+03
7.005000e+02 1.436373e+03
7.004500e+02 1.436373e+03
7.004000e+02 1.473090e+03
7.003500e+02 1.473090e+03
7.003000e+02 1.478050e+03
7.002500e+02 1.478050e+03
7.002000e+02 1.476060e+03
7.001500e+02 1.476060e+03
7.001000e+02 1.467267e+03
7.000500e+02 1.467267e+03
7.000000e+02 1.467007e+03
6.999500e+02 1.467007e+03
6.999000e+02 1.461683e+03
6.998500e+02 1.461683e+03
6.998000e+02 1.486817e+03
6.997500e+02 1.486817e+03
6.997000e+02 1.505380e+03
6.996500e+02 1.505380e+03
6.996000e+02 1.472487e+03
6.995500e+02 1.472487e+03
6.995000e+02 1.455100e+03
6.994500e+02 1.455100e+03
6.994000e+02 1.467187e+03
6.993500e+02 1.467187e+03
6.993000e+02 1.453343e+03
6.992500e+02 1.453343e+03
6.992000e+02 1.441663e+03
6.991500e+02 1.441663e+03
6.991000e+02 1.461487e+03
6.990500e+02 1.461487e+03
6.990000e+02 1.450253e+03
6.989500e+02 1.450253e+03
6.989000e+02 1.460367e+03
6.988500e+02 1.460367e+03
6.988000e+02 1.480897e+03
6.987500e+02 1.480897e+03
6.987000e+02 1.457957e+03
6.986500e+02 1.457957e+03
6.986000e+02 1.463777e+03
6.985500e+02 1.463777e+03
6.985000e+02 1.462523e+03
6.984500e+02 1.462523e+03
6.984000e+02 1.467633e+03
6.983500e+02 1.467633e+03
6.983000e+02 1.468880e+03
6.982500e+02 1.468880e+03
6.982000e+02 1.450553e+03
6.981500e+02 1.450553e+03
6.981000e+02 1.489943e+03
6.980500e+02 1.489943e+03
6.980000e+02 1.466703e+03
6.979500e+02 1.466703e+03
6.979000e+02 1.454917e+03
6.978500e+02 1.454917e+03
6.978000e+02 1.476500e+03
6.977500e+02 1.476500e+03
6.977000e+02 1.472017e+03
6.976500e+02 1.472017e+03
6.976000e+02 1.457587e+03
6.975500e+02 1.457587e+03
6.975000e+02 1.468637e+03
6.974500e+02 1.468637e+03
6.974000e+02 1.443890e+03
6.973500e+02 1.443890e+03
6.973000e+02 1.459797e+03
6.972500e+02 1.459797e+03
6.972000e+02 1.458083e+03
6.971500e+02 1.458083e+03
6.971000e+02 1.493330e+03
6.970500e+02 1.493330e+03
6.970000e+02 1.473490e+03
6.969500e+02 1.473490e+03
6.969000e+02 1.456623e+03
6.968500e+02 1.456623e+03
6.968000e+02 1.439970e+03
6.967500e+02 1.439970e+03
6.967000e+02 1.458657e+03
6.966500e+02 1.458657e+03
6.966000e+02 1.446547e+03
6.965500e+02 1.446547e+03
6.965000e+02 1.448007e+03
6.964500e+02 1.448007e+03
6.964000e+02 1.480107e+03
6.963500e+02 1.480107e+03
6.963000e+02 1.491087e+03
6.962500e+02 1.491087e+03
6.962000e+02 1.448177e+03
6.961500e+02 1.448177e+03
6.961000e+02 1.481203e+03
6.960500e+02 1.481203e+03
6.960000e+02 1.497247e+03
6.959500e+02 1.497247e+03
6.959000e+02 1.483670e+03
6.958500e+02 1.483670e+03
6.958000e+02 1.486953e+03
6.957500e+02 1.486953e+03
6.957000e+02 1.482453e+03
6.956500e+02 1.482453e+03
6.956000e+02 1.487270e+03
6.955500e+02 1.487270e+03
6.955000e+02 1.501133e+03
6.954500e+02 1.501133e+03
6.954000e+02 1.462773e+03
6.953500e+02 1.462773e+03
6.953000e+02 1.477783e+03
6.952500e+02 1.477783e+03
6.952000e+02 1.483373e+03
6.951500e+02 1.483373e+03
6.951000e+02 1.469887e+03
6.950500e+02 1.469887e+03
6.950000e+02 1.480193e+03
6.949500e+02 1.480193e+03
6.949000e+02 1.464303e+03
6.948500e+02 1.464303e+03
6.948000e+02 1.471497e+03
6.947500e+02 1.471497e+03
6.947000e+02 1.476380e+03
6.946500e+02 1.476380e+03
6.946000e+02 1.487680e+03
6.945500e+02 1.487680e+03
6.945000e+02 1.467233e+03
6.944500e+02 1.467233e+03
6.944000e+02 1.527293e+03
6.943500e+02 1.527293e+03
6.943000e+02 1.495553e+03
6.942500e+02 1.495553e+03
6.942000e+02 1.458287e+03
6.941500e+02 1.458287e+03
6.941000e+02 1.444693e+03
6.940500e+02 1.444693e+03
6.940000e+02 1.451037e+03
