Fe2p Co metal
7.700000e+002	1.070265e+004		
7.699000e+002	1.065605e+004		
7.698000e+002	1.054770e+004		
7.697000e+002	1.048000e+004		
7.696000e+002	1.032565e+004		
7.695000e+002	1.026575e+004		
7.694000e+002	1.010600e+004		
7.693000e+002	1.008950e+004		
7.692000e+002	1.004865e+004		
7.691000e+002	1.001080e+004		
7.690000e+002	9.908150e+003		
7.689000e+002	9.780450e+003		
7.688000e+002	9.668750e+003		
7.687000e+002	9.644550e+003		
7.686000e+002	9.553700e+003		
7.685000e+002	9.527450e+003		
7.684000e+002	9.345150e+003		
7.683000e+002	9.189950e+003		
7.682000e+002	9.100450e+003		
7.681000e+002	9.030100e+003		
7.680000e+002	8.840950e+003		
7.679000e+002	8.630850e+003		
7.678000e+002	8.598800e+003		
7.677000e+002	8.412250e+003		
7.676000e+002	8.255600e+003		
7.675000e+002	8.079500e+003		
7.674000e+002	7.859900e+003		
7.673000e+002	7.647950e+003		
7.672000e+002	7.318900e+003		
7.671000e+002	7.134850e+003		
7.670000e+002	7.114900e+003		
7.669000e+002	6.898450e+003		
7.668000e+002	6.683100e+003		
7.667000e+002	6.622550e+003		
7.666000e+002	6.550650e+003		
7.665000e+002	6.443150e+003		
7.664000e+002	6.379350e+003		
7.663000e+002	6.301150e+003		
7.662000e+002	6.253850e+003		
7.661000e+002	6.250200e+003		
7.660000e+002	6.090300e+003		
7.659000e+002	6.031000e+003		
7.658000e+002	5.974000e+003		
7.657000e+002	5.985750e+003		
7.656000e+002	5.936800e+003		
7.655000e+002	5.947400e+003		
7.654000e+002	5.941300e+003		
7.653000e+002	5.860550e+003		
7.652000e+002	5.828500e+003		
7.651000e+002	5.864350e+003		
7.650000e+002	5.720850e+003		
7.649000e+002	5.735450e+003		
7.648000e+002	5.714850e+003		
7.647000e+002	5.723550e+003		
7.646000e+002	5.760100e+003		
7.645000e+002	5.709000e+003		
7.644000e+002	5.650650e+003		
7.643000e+002	5.672450e+003		
7.642000e+002	5.562650e+003		
7.641000e+002	5.514650e+003		
7.640000e+002	5.595050e+003		
7.639000e+002	5.574950e+003		
7.638000e+002	5.637800e+003		
7.637000e+002	5.581200e+003		
7.636000e+002	5.573400e+003		
7.635000e+002	5.579100e+003		
7.634000e+002	5.632700e+003		
7.633000e+002	5.526650e+003		
7.632000e+002	5.560350e+003		
7.631000e+002	5.616000e+003		
7.630000e+002	5.578100e+003		
7.629000e+002	5.510600e+003		
7.628000e+002	5.497850e+003		
7.627000e+002	5.491600e+003		
7.626000e+002	5.495150e+003		
7.625000e+002	5.557700e+003		
7.624000e+002	5.508800e+003		
7.623000e+002	5.435500e+003		
7.622000e+002	5.525700e+003		
7.621000e+002	5.499000e+003		
7.620000e+002	5.462400e+003		
7.619000e+002	5.533250e+003		
7.618000e+002	5.503350e+003		
7.617000e+002	5.445600e+003		
7.616000e+002	5.420300e+003		
7.615000e+002	5.453450e+003		
7.614000e+002	5.366600e+003		
7.613000e+002	5.386900e+003		
7.612000e+002	5.331650e+003		
7.611000e+002	5.310400e+003		
7.610000e+002	5.312700e+003		
7.609000e+002	5.351100e+003		
7.608000e+002	5.401750e+003		
7.607000e+002	5.314700e+003		
7.606000e+002	5.209750e+003		
7.605000e+002	5.224900e+003		
7.604000e+002	5.199200e+003		
7.603000e+002	5.291950e+003		
7.602000e+002	5.172200e+003		
7.601000e+002	5.207750e+003		
7.600000e+002	5.175700e+003		
7.599000e+002	5.148300e+003		
7.598000e+002	5.167050e+003		
7.597000e+002	5.132000e+003		
7.596000e+002	5.145800e+003		
7.595000e+002	5.118650e+003		
7.594000e+002	5.122350e+003		
7.593000e+002	5.082850e+003		
7.592000e+002	5.046300e+003		
7.591000e+002	5.114350e+003		
7.590000e+002	5.146400e+003		
7.589000e+002	5.059100e+003		
7.588000e+002	5.078350e+003		
7.587000e+002	5.056350e+003		
7.586000e+002	5.048050e+003		
7.585000e+002	5.072850e+003		
7.584000e+002	5.074600e+003		
7.583000e+002	5.061400e+003		
7.582000e+002	5.010000e+003		
7.581000e+002	5.084900e+003		
7.580000e+002	5.074000e+003		
7.579000e+002	5.039200e+003		
7.578000e+002	5.011300e+003		
7.577000e+002	5.022700e+003		
7.576000e+002	5.092050e+003		
7.575000e+002	5.012200e+003		
7.574000e+002	4.974700e+003		
7.573000e+002	4.996940e+003		
7.572000e+002	5.085800e+003		
7.571000e+002	4.996705e+003		
7.570000e+002	5.009150e+003		
7.569000e+002	5.027800e+003		
7.568000e+002	5.023250e+003		
7.567000e+002	5.004650e+003		
7.566000e+002	4.959560e+003		
7.565000e+002	4.899325e+003		
7.564000e+002	4.925640e+003		
7.563000e+002	4.962055e+003		
7.562000e+002	4.913285e+003		
7.561000e+002	4.895125e+003		
7.560000e+002	4.886395e+003		
7.559000e+002	4.851640e+003		
7.558000e+002	4.817520e+003		
7.557000e+002	4.818455e+003		
7.556000e+002	4.861840e+003		
7.555000e+002	4.892020e+003		
7.554000e+002	4.836240e+003		
7.553000e+002	4.797775e+003		
7.552000e+002	4.871350e+003		
7.551000e+002	4.854860e+003		
7.550000e+002	4.780130e+003		
7.549000e+002	4.742945e+003		
7.548000e+002	4.797095e+003		
7.547000e+002	4.778405e+003		
7.546000e+002	4.808475e+003		
7.545000e+002	4.834720e+003		
7.544000e+002	4.777745e+003		
7.543000e+002	4.781920e+003		
7.542000e+002	4.725410e+003		
7.541000e+002	4.733965e+003		
7.540000e+002	4.692135e+003		
7.539000e+002	4.771135e+003		
7.538000e+002	4.707230e+003		
7.537000e+002	4.726985e+003		
7.536000e+002	4.692415e+003		
7.535000e+002	4.638270e+003		
7.534000e+002	4.596425e+003		
7.533000e+002	4.629360e+003		
7.532000e+002	4.598785e+003		
7.531000e+002	4.641490e+003		
7.530000e+002	4.672760e+003		
7.529000e+002	4.673185e+003		
7.528000e+002	4.646200e+003		
7.527000e+002	4.655245e+003		
7.526000e+002	4.672550e+003		
7.525000e+002	4.563365e+003		
7.524000e+002	4.661180e+003		
7.523000e+002	4.652160e+003		
7.522000e+002	4.607170e+003		
7.521000e+002	4.565070e+003		
7.520000e+002	4.588185e+003		
7.519000e+002	4.572485e+003		
7.518000e+002	4.652045e+003		
7.517000e+002	4.572250e+003		
7.516000e+002	4.605605e+003		
7.515000e+002	4.584220e+003		
7.514000e+002	4.565170e+003		
7.513000e+002	4.594850e+003		
7.512000e+002	4.554680e+003		
7.511000e+002	4.617825e+003		
7.510000e+002	4.543810e+003		
7.509000e+002	4.553320e+003		
7.508000e+002	4.594900e+003		
7.507000e+002	4.614545e+003		
7.506000e+002	4.625070e+003		
7.505000e+002	4.635055e+003		
7.504000e+002	4.569875e+003		
7.503000e+002	4.538925e+003		
7.502000e+002	4.579765e+003		
7.501000e+002	4.616705e+003		
7.500000e+002	4.545295e+003		
7.499000e+002	4.547920e+003		
7.498000e+002	4.552200e+003		
7.497000e+002	4.561070e+003		
7.496000e+002	4.598200e+003		
7.495000e+002	4.674275e+003		
7.494000e+002	4.626970e+003		
7.493000e+002	4.575290e+003		
7.492000e+002	4.598095e+003		
7.491000e+002	4.607540e+003		
7.490000e+002	4.615090e+003		
7.489000e+002	4.636210e+003		
7.488000e+002	4.585280e+003		
7.487000e+002	4.584060e+003		
7.486000e+002	4.622175e+003		
7.485000e+002	4.626305e+003		
7.484000e+002	4.641000e+003		
7.483000e+002	4.663645e+003		
7.482000e+002	4.708170e+003		
7.481000e+002	4.704850e+003		
7.480000e+002	4.667610e+003		
7.479000e+002	4.619330e+003		
7.478000e+002	4.661325e+003		
7.477000e+002	4.655360e+003		
7.476000e+002	4.697770e+003		
7.475000e+002	4.652615e+003		
7.474000e+002	4.653495e+003		
7.473000e+002	4.689800e+003		
7.472000e+002	4.719115e+003		
7.471000e+002	4.723085e+003		
7.470000e+002	4.708200e+003		
7.469000e+002	4.687990e+003		
7.468000e+002	4.716415e+003		
7.467000e+002	4.729895e+003		
7.466000e+002	4.715810e+003		
7.465000e+002	4.771020e+003		
7.464000e+002	4.719315e+003		
7.463000e+002	4.773910e+003		
7.462000e+002	4.776465e+003		
7.461000e+002	4.743495e+003		
7.460000e+002	4.729665e+003		
7.459000e+002	4.759170e+003		
7.458000e+002	4.727720e+003		
7.457000e+002	4.699590e+003		
7.456000e+002	4.742825e+003		
7.455000e+002	4.751955e+003		
7.454000e+002	4.825030e+003		
7.453000e+002	4.766925e+003		
7.452000e+002	4.761540e+003		
7.451000e+002	4.805240e+003		
7.450000e+002	4.773795e+003		
7.449000e+002	4.803135e+003		
7.448000e+002	4.854430e+003		
7.447000e+002	4.792675e+003		
7.446000e+002	4.805800e+003		
7.445000e+002	4.788855e+003		
7.444000e+002	4.852010e+003		
7.443000e+002	4.822090e+003		
7.442000e+002	4.800690e+003		
7.441000e+002	4.941075e+003		
7.440000e+002	4.877845e+003		
7.439000e+002	4.801345e+003		
7.438000e+002	4.837710e+003		
7.437000e+002	4.835790e+003		
7.436000e+002	4.800110e+003		
7.435000e+002	4.905675e+003		
7.434000e+002	4.906135e+003		
7.433000e+002	4.813440e+003		
7.432000e+002	4.857760e+003		
7.431000e+002	4.951345e+003		
7.430000e+002	4.967510e+003		
7.429000e+002	4.931230e+003		
7.428000e+002	4.895420e+003		
7.427000e+002	4.870590e+003		
7.426000e+002	4.969665e+003		
7.425000e+002	5.004000e+003		
7.424000e+002	4.915060e+003		
7.423000e+002	4.974860e+003		
7.422000e+002	4.873285e+003		
7.421000e+002	4.893865e+003		
7.420000e+002	4.958815e+003		
7.419000e+002	4.905165e+003		
7.418000e+002	4.887255e+003		
7.417000e+002	4.958760e+003		
7.416000e+002	4.974365e+003		
7.415000e+002	5.011650e+003		
7.414000e+002	4.954615e+003		
7.413000e+002	4.987025e+003		
7.412000e+002	4.991600e+003		
7.411000e+002	5.033850e+003		
7.410000e+002	5.047600e+003		
7.409000e+002	5.069000e+003		
7.408000e+002	5.015150e+003		
7.407000e+002	5.023600e+003		
7.406000e+002	5.052000e+003		
7.405000e+002	5.006850e+003		
7.404000e+002	4.986985e+003		
7.403000e+002	5.038100e+003		
7.402000e+002	5.055600e+003		
7.401000e+002	5.056350e+003		
7.400000e+002	5.016600e+003		
7.399000e+002	5.044850e+003		
7.398000e+002	5.079700e+003		
7.397000e+002	5.065350e+003		
7.396000e+002	5.119700e+003		
7.395000e+002	5.061150e+003		
7.394000e+002	5.052550e+003		
7.393000e+002	5.083750e+003		
7.392000e+002	5.119000e+003		
7.391000e+002	5.117450e+003		
7.390000e+002	5.095800e+003		
7.389000e+002	5.137900e+003		
7.388000e+002	5.087600e+003		
7.387000e+002	5.073600e+003		
7.386000e+002	5.084700e+003		
7.385000e+002	5.043200e+003		
7.384000e+002	5.128300e+003		
7.383000e+002	5.133800e+003		
7.382000e+002	5.135600e+003		
7.381000e+002	5.079950e+003		
7.380000e+002	5.040300e+003		
7.379000e+002	5.095400e+003		
7.378000e+002	5.076950e+003		
7.377000e+002	5.094950e+003		
7.376000e+002	5.179050e+003		
7.375000e+002	5.194300e+003		
7.374000e+002	5.203900e+003		
7.373000e+002	5.117250e+003		
7.372000e+002	5.118150e+003		
7.371000e+002	5.144050e+003		
7.370000e+002	5.087850e+003		
7.369000e+002	5.190600e+003		
7.368000e+002	5.184150e+003		
7.367000e+002	5.206550e+003		
7.366000e+002	5.211050e+003		
7.365000e+002	5.132950e+003		
7.364000e+002	5.113500e+003		
7.363000e+002	5.207900e+003		
7.362000e+002	5.154900e+003		
7.361000e+002	5.104400e+003		
7.360000e+002	5.200700e+003		
7.359000e+002	5.241400e+003		
7.358000e+002	5.154950e+003		
7.357000e+002	5.166950e+003		
7.356000e+002	5.201650e+003		
7.355000e+002	5.214900e+003		
7.354000e+002	5.270250e+003		
7.353000e+002	5.203800e+003		
7.352000e+002	5.242450e+003		
7.351000e+002	5.113700e+003		
7.350000e+002	5.129200e+003		
7.349000e+002	5.196150e+003		
7.348000e+002	5.178200e+003		
7.347000e+002	5.204050e+003		
7.346000e+002	5.184750e+003		
7.345000e+002	5.176200e+003		
7.344000e+002	5.172150e+003		
7.343000e+002	5.196350e+003		
7.342000e+002	5.151350e+003		
7.341000e+002	5.155200e+003		
7.340000e+002	5.168300e+003		
7.339000e+002	5.162400e+003		
7.338000e+002	5.208100e+003		
7.337000e+002	5.185250e+003		
7.336000e+002	5.259050e+003		
7.335000e+002	5.245150e+003		
7.334000e+002	5.226700e+003		
7.333000e+002	5.254650e+003		
7.332000e+002	5.263150e+003		
7.331000e+002	5.129150e+003		
7.330000e+002	5.223950e+003		
7.329000e+002	5.206050e+003		
7.328000e+002	5.212200e+003		
7.327000e+002	5.194150e+003		
7.326000e+002	5.225150e+003		
7.325000e+002	5.207550e+003		
7.324000e+002	5.256900e+003		
7.323000e+002	5.244600e+003		
7.322000e+002	5.264800e+003		
7.321000e+002	5.256000e+003		
7.320000e+002	5.192650e+003		
7.319000e+002	5.204000e+003		
7.318000e+002	5.270900e+003		
7.317000e+002	5.199600e+003		
7.316000e+002	5.226600e+003		
7.315000e+002	5.276250e+003		
7.314000e+002	5.204500e+003		
7.313000e+002	5.224900e+003		
7.312000e+002	5.211600e+003		
7.311000e+002	5.229800e+003		
7.310000e+002	5.168500e+003		
7.309000e+002	5.254200e+003		
7.308000e+002	5.240200e+003		
7.307000e+002	5.226650e+003		
7.306000e+002	5.175100e+003		
7.305000e+002	5.290050e+003		
7.304000e+002	5.303550e+003		
7.303000e+002	5.283350e+003		
7.302000e+002	5.237650e+003		
7.301000e+002	5.260250e+003		
7.300000e+002	5.261000e+003		
7.299000e+002	5.288400e+003		
7.298000e+002	5.248550e+003		
7.297000e+002	5.244600e+003		
7.296000e+002	5.280250e+003		
7.295000e+002	5.196450e+003		
7.294000e+002	5.316400e+003		
7.293000e+002	5.314650e+003		
7.292000e+002	5.274200e+003		
7.291000e+002	5.300250e+003		
7.290000e+002	5.225900e+003		
7.289000e+002	5.281000e+003		
7.288000e+002	5.403300e+003		
7.287000e+002	5.305950e+003		
7.286000e+002	5.303250e+003		
7.285000e+002	5.334300e+003		
7.284000e+002	5.256900e+003		
7.283000e+002	5.321950e+003		
7.282000e+002	5.346600e+003		
7.281000e+002	5.360700e+003		
7.280000e+002	5.377450e+003		
7.279000e+002	5.350350e+003		
7.278000e+002	5.400000e+003		
7.277000e+002	5.382550e+003		
7.276000e+002	5.430650e+003		
7.275000e+002	5.389400e+003		
7.274000e+002	5.423050e+003		
7.273000e+002	5.354600e+003		
7.272000e+002	5.371600e+003		
7.271000e+002	5.403350e+003		
7.270000e+002	5.385400e+003		
7.269000e+002	5.407850e+003		
7.268000e+002	5.441350e+003		
7.267000e+002	5.454300e+003		
7.266000e+002	5.479300e+003		
7.265000e+002	5.432150e+003		
7.264000e+002	5.455450e+003		
7.263000e+002	5.396600e+003		
7.262000e+002	5.410550e+003		
7.261000e+002	5.468650e+003		
7.260000e+002	5.517650e+003		
7.259000e+002	5.491150e+003		
7.258000e+002	5.545550e+003		
7.257000e+002	5.518550e+003		
7.256000e+002	5.511100e+003		
7.255000e+002	5.525800e+003		
7.254000e+002	5.545950e+003		
7.253000e+002	5.521050e+003		
7.252000e+002	5.531700e+003		
7.251000e+002	5.529000e+003		
7.250000e+002	5.473350e+003		
7.249000e+002	5.548650e+003		
7.248000e+002	5.618050e+003		
7.247000e+002	5.574400e+003		
7.246000e+002	5.525350e+003		
7.245000e+002	5.535150e+003		
7.244000e+002	5.645900e+003		
7.243000e+002	5.686700e+003		
7.242000e+002	5.658800e+003		
7.241000e+002	5.661700e+003		
7.240000e+002	5.695200e+003		
7.239000e+002	5.692150e+003		
7.238000e+002	5.658650e+003		
7.237000e+002	5.665700e+003		
7.236000e+002	5.761850e+003		
7.235000e+002	5.707900e+003		
7.234000e+002	5.786300e+003		
7.233000e+002	5.743000e+003		
7.232000e+002	5.797300e+003		
7.231000e+002	5.901650e+003		
7.230000e+002	5.900250e+003		
7.229000e+002	5.894300e+003		
7.228000e+002	5.907650e+003		
7.227000e+002	5.953850e+003		
7.226000e+002	5.935800e+003		
7.225000e+002	5.984550e+003		
7.224000e+002	6.007100e+003		
7.223000e+002	6.030550e+003		
7.222000e+002	6.078150e+003		
7.221000e+002	6.049850e+003		
7.220000e+002	6.085200e+003		
7.219000e+002	6.145300e+003		
7.218000e+002	6.153550e+003		
7.217000e+002	6.223200e+003		
7.216000e+002	6.260950e+003		
7.215000e+002	6.334700e+003		
7.214000e+002	6.360600e+003		
7.213000e+002	6.300450e+003		
7.212000e+002	6.297300e+003		
7.211000e+002	6.408150e+003		
7.210000e+002	6.457000e+003		
7.209000e+002	6.466850e+003		
7.208000e+002	6.516500e+003		
7.207000e+002	6.478550e+003		
7.206000e+002	6.604500e+003		
7.205000e+002	6.549500e+003		
7.204000e+002	6.583900e+003		
7.203000e+002	6.619550e+003		
7.202000e+002	6.743300e+003		
7.201000e+002	6.768050e+003		
7.200000e+002	6.796850e+003		
7.199000e+002	6.847900e+003		
7.198000e+002	6.893050e+003		
7.197000e+002	6.856950e+003		
7.196000e+002	6.906600e+003		
7.195000e+002	6.945250e+003		
7.194000e+002	6.998100e+003		
7.193000e+002	7.031350e+003		
7.192000e+002	7.033600e+003		
7.191000e+002	6.995850e+003		
7.190000e+002	7.133650e+003		
7.189000e+002	7.124000e+003		
7.188000e+002	7.240850e+003		
7.187000e+002	7.280000e+003		
7.186000e+002	7.326100e+003		
7.185000e+002	7.288850e+003		
7.184000e+002	7.311700e+003		
7.183000e+002	7.438800e+003		
7.182000e+002	7.500650e+003		
7.181000e+002	7.551600e+003		
7.180000e+002	7.549400e+003		
7.179000e+002	7.643250e+003		
7.178000e+002	7.768500e+003		
7.177000e+002	7.753550e+003		
7.176000e+002	7.752800e+003		
7.175000e+002	7.863550e+003		
7.174000e+002	7.939300e+003		
7.173000e+002	7.987600e+003		
7.172000e+002	8.124500e+003		
7.171000e+002	8.044300e+003		
7.170000e+002	8.113200e+003		
7.169000e+002	8.301800e+003		
7.168000e+002	8.357100e+003		
7.167000e+002	8.473650e+003		
7.166000e+002	8.691100e+003		
7.165000e+002	8.641950e+003		
7.164000e+002	8.708900e+003		
7.163000e+002	8.805950e+003		
7.162000e+002	8.911250e+003		
7.161000e+002	8.987950e+003		
7.160000e+002	9.132400e+003		
7.159000e+002	9.326100e+003		
7.158000e+002	9.410800e+003		
7.157000e+002	9.490900e+003		
7.156000e+002	9.593300e+003		
7.155000e+002	9.707450e+003		
7.154000e+002	9.876950e+003		
7.153000e+002	1.003725e+004		
7.152000e+002	1.014250e+004		
7.151000e+002	1.024935e+004		
7.150000e+002	1.033430e+004		
7.149000e+002	1.054280e+004		
7.148000e+002	1.079665e+004		
7.147000e+002	1.074895e+004		
7.146000e+002	1.103200e+004		
7.145000e+002	1.117220e+004		
7.144000e+002	1.126775e+004		
7.143000e+002	1.149210e+004		
7.142000e+002	1.170765e+004		
7.141000e+002	1.184170e+004		
7.140000e+002	1.193575e+004		
7.139000e+002	1.218305e+004		
7.138000e+002	1.231240e+004		
7.137000e+002	1.235745e+004		
7.136000e+002	1.250260e+004		
7.135000e+002	1.261920e+004		
7.134000e+002	1.278660e+004		
7.133000e+002	1.292710e+004		
7.132000e+002	1.279545e+004		
7.131000e+002	1.288895e+004		
7.130000e+002	1.302520e+004		
7.129000e+002	1.301955e+004		
7.128000e+002	1.300000e+004		
7.127000e+002	1.309005e+004		
7.126000e+002	1.299945e+004		
7.125000e+002	1.280985e+004		
7.124000e+002	1.274855e+004		
7.123000e+002	1.271050e+004		
7.122000e+002	1.254170e+004		
7.121000e+002	1.253375e+004		
7.120000e+002	1.240460e+004		
7.119000e+002	1.223795e+004		
7.118000e+002	1.198890e+004		
7.117000e+002	1.189150e+004		
7.116000e+002	1.174485e+004		
7.115000e+002	1.153345e+004		
7.114000e+002	1.126485e+004		
7.113000e+002	1.111655e+004		
7.112000e+002	1.090980e+004		
7.111000e+002	1.069785e+004		
7.110000e+002	1.051175e+004		
7.109000e+002	1.034700e+004		
7.108000e+002	1.018490e+004		
7.107000e+002	9.912750e+003		
7.106000e+002	9.752800e+003		
7.105000e+002	9.502600e+003		
7.104000e+002	9.271550e+003		
7.103000e+002	9.071550e+003		
7.102000e+002	8.905850e+003		
7.101000e+002	8.793850e+003		
7.100000e+002	8.611050e+003		
7.099000e+002	8.281300e+003		
7.098000e+002	8.020050e+003		
7.097000e+002	7.767800e+003		
7.096000e+002	7.576000e+003		
7.095000e+002	7.318950e+003		
7.094000e+002	6.983500e+003		
7.093000e+002	6.738900e+003		
7.092000e+002	6.420300e+003		
7.091000e+002	6.143800e+003		
7.090000e+002	5.891250e+003		
7.089000e+002	5.562850e+003		
7.088000e+002	5.279700e+003		
7.087000e+002	4.996640e+003		
7.086000e+002	4.733505e+003		
7.085000e+002	4.490505e+003		
7.084000e+002	4.261760e+003		
7.083000e+002	4.086430e+003		
7.082000e+002	3.952230e+003		
7.081000e+002	3.810140e+003		
7.080000e+002	3.647335e+003		
7.079000e+002	3.553545e+003		
7.078000e+002	3.456110e+003		
7.077000e+002	3.314635e+003		
7.076000e+002	3.285815e+003		
7.075000e+002	3.297600e+003		
7.074000e+002	3.167790e+003		
7.073000e+002	3.103285e+003		
7.072000e+002	3.040755e+003		
7.071000e+002	3.077875e+003		
7.070000e+002	3.000965e+003		
7.069000e+002	2.917900e+003		
7.068000e+002	2.894240e+003		
7.067000e+002	2.865360e+003		
7.066000e+002	2.844655e+003		
7.065000e+002	2.738710e+003		
7.064000e+002	2.727785e+003		
7.063000e+002	2.757575e+003		
7.062000e+002	2.708645e+003		
7.061000e+002	2.649835e+003		
7.060000e+002	2.634215e+003		
7.059000e+002	2.598555e+003		
7.058000e+002	2.577905e+003		
7.057000e+002	2.577030e+003		
7.056000e+002	2.535180e+003		
7.055000e+002	2.533035e+003		
7.054000e+002	2.506390e+003		
7.053000e+002	2.505260e+003		
7.052000e+002	2.504790e+003		
7.051000e+002	2.436250e+003		
7.050000e+002	2.470980e+003		
7.049000e+002	2.473640e+003		
7.048000e+002	2.450400e+003		
7.047000e+002	2.460335e+003		
7.046000e+002	2.488540e+003		
7.045000e+002	2.433320e+003		
7.044000e+002	2.383320e+003		
7.043000e+002	2.461170e+003		
7.042000e+002	2.391525e+003		
7.041000e+002	2.406895e+003		
7.040000e+002	2.408965e+003		
7.039000e+002	2.389060e+003		
7.038000e+002	2.411320e+003		
7.037000e+002	2.409830e+003		
7.036000e+002	2.360920e+003		
7.035000e+002	2.371230e+003		
7.034000e+002	2.357020e+003		
7.033000e+002	2.391880e+003		
7.032000e+002	2.387020e+003		
7.031000e+002	2.415770e+003		
7.030000e+002	2.462565e+003		
7.029000e+002	2.398845e+003		
7.028000e+002	2.434875e+003		
7.027000e+002	2.391670e+003		
7.026000e+002	2.404700e+003		
7.025000e+002	2.348350e+003		
7.024000e+002	2.368225e+003		
7.023000e+002	2.402510e+003		
7.022000e+002	2.401835e+003		
7.021000e+002	2.336160e+003		
7.020000e+002	2.392560e+003		
7.019000e+002	2.428690e+003		
7.018000e+002	2.444735e+003		
7.017000e+002	2.434690e+003		
7.016000e+002	2.397295e+003		
7.015000e+002	2.435440e+003		
7.014000e+002	2.386560e+003		
7.013000e+002	2.368740e+003		
7.012000e+002	2.368795e+003		
7.011000e+002	2.422325e+003		
7.010000e+002	2.465295e+003		
7.009000e+002	2.481875e+003		
7.008000e+002	2.458905e+003		
7.007000e+002	2.490950e+003		
7.006000e+002	2.522195e+003		
7.005000e+002	2.474435e+003		
7.004000e+002	2.521300e+003		
7.003000e+002	2.469935e+003		
7.002000e+002	2.523305e+003		
7.001000e+002	2.498685e+003		
7.000000e+002	2.589485e+003		