Ni2pCo2pFe2p Fe metal
8.900000e+02 2.255577e+04
8.899000e+02 2.264837e+04
8.898000e+02 2.282587e+04
8.897000e+02 2.280553e+04
8.896000e+02 2.290020e+04
8.895000e+02 2.302700e+04
8.894000e+02 2.309643e+04
8.893000e+02 2.308887e+04
8.892000e+02 2.318280e+04
8.891000e+02 2.332880e+04
8.890000e+02 2.342577e+04
8.889000e+02 2.357403e+04
8.888000e+02 2.353513e+04
8.887000e+02 2.365117e+04
8.886000e+02 2.376373e+04
8.885000e+02 2.393940e+04
8.884000e+02 2.399847e+04
8.883000e+02 2.399510e+04
8.882000e+02 2.406567e+04
8.881000e+02 2.417327e+04
8.880000e+02 2.419610e+04
8.879000e+02 2.416480e+04
8.878000e+02 2.410093e+04
8.877000e+02 2.421810e+04
8.876000e+02 2.399813e+04
8.875000e+02 2.390343e+04
8.874000e+02 2.389367e+04
8.873000e+02 2.368327e+04
8.872000e+02 2.346080e+04
8.871000e+02 2.311910e+04
8.870000e+02 2.299530e+04
8.869000e+02 2.267027e+04
8.868000e+02 2.246677e+04
8.867000e+02 2.219373e+04
8.866000e+02 2.189100e+04
8.865000e+02 2.174087e+04
8.864000e+02 2.135477e+04
8.863000e+02 2.116477e+04
8.862000e+02 2.103120e+04
8.861000e+02 2.074077e+04
8.860000e+02 2.057007e+04
8.859000e+02 2.039203e+04
8.858000e+02 2.019343e+04
8.857000e+02 2.008240e+04
8.856000e+02 1.995500e+04
8.855000e+02 1.976417e+04
8.854000e+02 1.972480e+04
8.853000e+02 1.961603e+04
8.852000e+02 1.955690e+04
8.851000e+02 1.944907e+04
8.850000e+02 1.940897e+04
8.849000e+02 1.929013e+04
8.848000e+02 1.911790e+04
8.847000e+02 1.904613e+04
8.846000e+02 1.901873e+04
8.845000e+02 1.897590e+04
8.844000e+02 1.893423e+04
8.843000e+02 1.888983e+04
8.842000e+02 1.882090e+04
8.841000e+02 1.881157e+04
8.840000e+02 1.876203e+04
8.839000e+02 1.879793e+04
8.838000e+02 1.873740e+04
8.837000e+02 1.865017e+04
8.836000e+02 1.865517e+04
8.835000e+02 1.864050e+04
8.834000e+02 1.869120e+04
8.833000e+02 1.867477e+04
8.832000e+02 1.866643e+04
8.831000e+02 1.858523e+04
8.830000e+02 1.856387e+04
8.829000e+02 1.850287e+04
8.828000e+02 1.851520e+04
8.827000e+02 1.845447e+04
8.826000e+02 1.840493e+04
8.825000e+02 1.853977e+04
8.824000e+02 1.841313e+04
8.823000e+02 1.835877e+04
8.822000e+02 1.843687e+04
8.821000e+02 1.843557e+04
8.820000e+02 1.847323e+04
8.819000e+02 1.847513e+04
8.818000e+02 1.843980e+04
8.817000e+02 1.847027e+04
8.816000e+02 1.844260e+04
8.815000e+02 1.838320e+04
8.814000e+02 1.849513e+04
8.813000e+02 1.844717e+04
8.812000e+02 1.841327e+04
8.811000e+02 1.839357e+04
8.810000e+02 1.836760e+04
8.809000e+02 1.840373e+04
8.808000e+02 1.847017e+04
8.807000e+02 1.842480e+04
8.806000e+02 1.842963e+04
8.805000e+02 1.831983e+04
8.804000e+02 1.822070e+04
8.803000e+02 1.832347e+04
8.802000e+02 1.835540e+04
8.801000e+02 1.832973e+04
8.800000e+02 1.841813e+04
8.799000e+02 1.838097e+04
8.798000e+02 1.840543e+04
8.797000e+02 1.833187e+04
8.796000e+02 1.838953e+04
8.795000e+02 1.840113e+04
8.794000e+02 1.837167e+04
8.793000e+02 1.845857e+04
8.792000e+02 1.845173e+04
8.791000e+02 1.841033e+04
8.790000e+02 1.845093e+04
8.789000e+02 1.844690e+04
8.788000e+02 1.840830e+04
8.787000e+02 1.845390e+04
8.786000e+02 1.848747e+04
8.785000e+02 1.848023e+04
8.784000e+02 1.845190e+04
8.783000e+02 1.855153e+04
8.782000e+02 1.852570e+04
8.781000e+02 1.854140e+04
8.780000e+02 1.851103e+04
8.779000e+02 1.849200e+04
8.778000e+02 1.862043e+04
8.777000e+02 1.864417e+04
8.776000e+02 1.862307e+04
8.775000e+02 1.870070e+04
8.774000e+02 1.860977e+04
8.773000e+02 1.863017e+04
8.772000e+02 1.867027e+04
8.771000e+02 1.872463e+04
8.770000e+02 1.873643e+04
8.769000e+02 1.875453e+04
8.768000e+02 1.874933e+04
8.767000e+02 1.877210e+04
8.766000e+02 1.880990e+04
8.765000e+02 1.879727e+04
8.764000e+02 1.889650e+04
8.763000e+02 1.887883e+04
8.762000e+02 1.897217e+04
8.761000e+02 1.890610e+04
8.760000e+02 1.894237e+04
8.759000e+02 1.889213e+04
8.758000e+02 1.888910e+04
8.757000e+02 1.883433e+04
8.756000e+02 1.886780e+04
8.755000e+02 1.884657e+04
8.754000e+02 1.889767e+04
8.753000e+02 1.886970e+04
8.752000e+02 1.890203e+04
8.751000e+02 1.880563e+04
8.750000e+02 1.885297e+04
8.749000e+02 1.881690e+04
8.748000e+02 1.875330e+04
8.747000e+02 1.881247e+04
8.746000e+02 1.862937e+04
8.745000e+02 1.867030e+04
8.744000e+02 1.867443e+04
8.743000e+02 1.865663e+04
8.742000e+02 1.865197e+04
8.741000e+02 1.855117e+04
8.740000e+02 1.852237e+04
8.739000e+02 1.859283e+04
8.738000e+02 1.856363e+04
8.737000e+02 1.847723e+04
8.736000e+02 1.850357e+04
8.735000e+02 1.838673e+04
8.734000e+02 1.831603e+04
8.733000e+02 1.828680e+04
8.732000e+02 1.836057e+04
8.731000e+02 1.833943e+04
8.730000e+02 1.831417e+04
8.729000e+02 1.839367e+04
8.728000e+02 1.844373e+04
8.727000e+02 1.834570e+04
8.726000e+02 1.831063e+04
8.725000e+02 1.835780e+04
8.724000e+02 1.836470e+04
8.723000e+02 1.833517e+04
8.722000e+02 1.832650e+04
8.721000e+02 1.837333e+04
8.720000e+02 1.835933e+04
8.719000e+02 1.827347e+04
8.718000e+02 1.824667e+04
8.717000e+02 1.827293e+04
8.716000e+02 1.823120e+04
8.715000e+02 1.827500e+04
8.714000e+02 1.820840e+04
8.713000e+02 1.821737e+04
8.712000e+02 1.823220e+04
8.711000e+02 1.824243e+04
8.710000e+02 1.826387e+04
8.709000e+02 1.823427e+04
8.708000e+02 1.821850e+04
8.707000e+02 1.838040e+04
8.706000e+02 1.831437e+04
8.705000e+02 1.821610e+04
8.704000e+02 1.827667e+04
8.703000e+02 1.824530e+04
8.702000e+02 1.820177e+04
8.701000e+02 1.821433e+04
8.700000e+02 1.815123e+04
8.699000e+02 1.831007e+04
8.698000e+02 1.825380e+04
8.697000e+02 1.820903e+04
8.696000e+02 1.825563e+04
8.695000e+02 1.828433e+04
8.694000e+02 1.832920e+04
8.693000e+02 1.828667e+04
8.692000e+02 1.831647e+04
8.691000e+02 1.832743e+04
8.690000e+02 1.837387e+04
8.689000e+02 1.837870e+04
8.688000e+02 1.838050e+04
8.687000e+02 1.842693e+04
8.686000e+02 1.838717e+04
8.685000e+02 1.832773e+04
8.684000e+02 1.836187e+04
8.683000e+02 1.832473e+04
8.682000e+02 1.841600e+04
8.681000e+02 1.827007e+04
8.680000e+02 1.836420e+04
8.679000e+02 1.834367e+04
8.678000e+02 1.831707e+04
8.677000e+02 1.830533e+04
8.676000e+02 1.843910e+04
8.675000e+02 1.845337e+04
8.674000e+02 1.844037e+04
8.673000e+02 1.840800e+04
8.672000e+02 1.846357e+04
8.671000e+02 1.846737e+04
8.670000e+02 1.855293e+04
8.669000e+02 1.845483e+04
8.668000e+02 1.853580e+04
8.667000e+02 1.846047e+04
8.666000e+02 1.849040e+04
8.665000e+02 1.854203e+04
8.664000e+02 1.855947e+04
8.663000e+02 1.850467e+04
8.662000e+02 1.856370e+04
8.661000e+02 1.859617e+04
8.660000e+02 1.858210e+04
8.659000e+02 1.855663e+04
8.658000e+02 1.859667e+04
8.657000e+02 1.861767e+04
8.656000e+02 1.861487e+04
8.655000e+02 1.862823e+04
8.654000e+02 1.865780e+04
8.653000e+02 1.868397e+04
8.652000e+02 1.861810e+04
8.651000e+02 1.860163e+04
8.650000e+02 1.863613e+04
8.649000e+02 1.869940e+04
8.648000e+02 1.867823e+04
8.647000e+02 1.873053e+04
8.646000e+02 1.863820e+04
8.645000e+02 1.878553e+04
8.644000e+02 1.876437e+04
8.643000e+02 1.874410e+04
8.642000e+02 1.879250e+04
8.641000e+02 1.873923e+04
8.640000e+02 1.876720e+04
8.639000e+02 1.878287e+04
8.638000e+02 1.877023e+04
8.637000e+02 1.877463e+04
8.636000e+02 1.868373e+04
8.635000e+02 1.880913e+04
8.634000e+02 1.879553e+04
8.633000e+02 1.879550e+04
8.632000e+02 1.883350e+04
8.631000e+02 1.890520e+04
8.630000e+02 1.891037e+04
8.629000e+02 1.884103e+04
8.628000e+02 1.892180e+04
8.627000e+02 1.892890e+04
8.626000e+02 1.894820e+04
8.625000e+02 1.898203e+04
8.624000e+02 1.889197e+04
8.623000e+02 1.889693e+04
8.622000e+02 1.893250e+04
8.621000e+02 1.905923e+04
8.620000e+02 1.896147e+04
8.619000e+02 1.893650e+04
8.618000e+02 1.892723e+04
8.617000e+02 1.902827e+04
8.616000e+02 1.894607e+04
8.615000e+02 1.891133e+04
8.614000e+02 1.894343e+04
8.613000e+02 1.900293e+04
8.612000e+02 1.903287e+04
8.611000e+02 1.900397e+04
8.610000e+02 1.908307e+04
8.609000e+02 1.904820e+04
8.608000e+02 1.909187e+04
8.607000e+02 1.900357e+04
8.606000e+02 1.901673e+04
8.605000e+02 1.898633e+04
8.604000e+02 1.899380e+04
8.603000e+02 1.905290e+04
8.602000e+02 1.898280e+04
8.601000e+02 1.904970e+04
8.600000e+02 1.908740e+04
8.599000e+02 1.911500e+04
8.598000e+02 1.908197e+04
8.597000e+02 1.897313e+04
8.596000e+02 1.900723e+04
8.595000e+02 1.907840e+04
8.594000e+02 1.913993e+04
8.593000e+02 1.918250e+04
8.592000e+02 1.911557e+04
8.591000e+02 1.916973e+04
8.590000e+02 1.917563e+04
8.589000e+02 1.914610e+04
8.588000e+02 1.924690e+04
8.587000e+02 1.923883e+04
8.586000e+02 1.917953e+04
8.585000e+02 1.918707e+04
8.584000e+02 1.915883e+04
8.583000e+02 1.921567e+04
8.582000e+02 1.918670e+04
8.581000e+02 1.912843e+04
8.580000e+02 1.915117e+04
8.579000e+02 1.918833e+04
8.578000e+02 1.915990e+04
8.577000e+02 1.917990e+04
8.576000e+02 1.923680e+04
8.575000e+02 1.927333e+04
8.574000e+02 1.927657e+04
8.573000e+02 1.924280e+04
8.572000e+02 1.931333e+04
8.571000e+02 1.931193e+04
8.570000e+02 1.923120e+04
8.569000e+02 1.929197e+04
8.568000e+02 1.933657e+04
8.567000e+02 1.925030e+04
8.566000e+02 1.920037e+04
8.565000e+02 1.932260e+04
8.564000e+02 1.939060e+04
8.563000e+02 1.928297e+04
8.562000e+02 1.927067e+04
8.561000e+02 1.930247e+04
8.560000e+02 1.930833e+04
8.559000e+02 1.934950e+04
8.558000e+02 1.929040e+04
8.557000e+02 1.921693e+04
8.556000e+02 1.931100e+04
8.555000e+02 1.936063e+04
8.554000e+02 1.939240e+04
8.553000e+02 1.939663e+04
8.552000e+02 1.952803e+04
8.551000e+02 1.946473e+04
8.550000e+02 1.936403e+04
8.549000e+02 1.940730e+04
8.548000e+02 1.933720e+04
8.547000e+02 1.945290e+04
8.546000e+02 1.945673e+04
8.545000e+02 1.953033e+04
8.544000e+02 1.951387e+04
8.543000e+02 1.950213e+04
8.542000e+02 1.963647e+04
8.541000e+02 1.959583e+04
8.540000e+02 1.958047e+04
8.539000e+02 1.953613e+04
8.538000e+02 1.961703e+04
8.537000e+02 1.961397e+04
8.536000e+02 1.958780e+04
8.535000e+02 1.958943e+04
8.534000e+02 1.961837e+04
8.533000e+02 1.967167e+04
8.532000e+02 1.962990e+04
8.531000e+02 1.972343e+04
8.530000e+02 1.969363e+04
8.529000e+02 1.978927e+04
8.528000e+02 1.979690e+04
8.527000e+02 1.973940e+04
8.526000e+02 1.988507e+04
8.525000e+02 1.990573e+04
8.524000e+02 1.995103e+04
8.523000e+02 2.000247e+04
8.522000e+02 1.993010e+04
8.521000e+02 1.994877e+04
8.520000e+02 1.999653e+04
8.519000e+02 1.993187e+04
8.518000e+02 1.994743e+04
8.517000e+02 2.004843e+04
8.516000e+02 2.000707e+04
8.515000e+02 2.004743e+04
8.514000e+02 2.009000e+04
8.513000e+02 2.011990e+04
8.512000e+02 2.005367e+04
8.511000e+02 2.008603e+04
8.510000e+02 2.020627e+04
8.509000e+02 2.021250e+04
8.508000e+02 2.011350e+04
8.507000e+02 2.026150e+04
8.506000e+02 2.036220e+04
8.505000e+02 2.039920e+04
8.504000e+02 2.043467e+04
8.503000e+02 2.043260e+04
8.502000e+02 2.049870e+04
8.501000e+02 2.056757e+04
8.500000e+02 2.060473e+04
8.499000e+02 2.055957e+04
8.498000e+02 2.059340e+04
8.497000e+02 2.058977e+04
8.496000e+02 2.058107e+04
8.495000e+02 2.068593e+04
8.494000e+02 2.075430e+04
8.493000e+02 2.074677e+04
8.492000e+02 2.077333e+04
8.491000e+02 2.081200e+04
8.490000e+02 2.089087e+04
8.489000e+02 2.095613e+04
8.488000e+02 2.088933e+04
8.487000e+02 2.098617e+04
8.486000e+02 2.110640e+04
8.485000e+02 2.105010e+04
8.484000e+02 2.114553e+04
8.483000e+02 2.124663e+04
8.482000e+02 2.124610e+04
8.481000e+02 2.123180e+04
8.480000e+02 2.130040e+04
8.479000e+02 2.134683e+04
8.478000e+02 2.132260e+04
8.477000e+02 2.149407e+04
8.476000e+02 2.153743e+04
8.475000e+02 2.152497e+04
8.474000e+02 2.158483e+04
8.473000e+02 2.161910e+04
8.472000e+02 2.166620e+04
8.471000e+02 2.171250e+04
8.470000e+02 2.177580e+04
8.469000e+02 2.170873e+04
8.468000e+02 2.171500e+04
8.467000e+02 2.179240e+04
8.466000e+02 2.189190e+04
8.465000e+02 2.193340e+04
8.464000e+02 2.192953e+04
8.463000e+02 2.195293e+04
8.462000e+02 2.193887e+04
8.461000e+02 2.206417e+04
8.460000e+02 2.219337e+04
8.459000e+02 2.215473e+04
8.458000e+02 2.224927e+04
8.457000e+02 2.229907e+04
8.456000e+02 2.227667e+04
8.455000e+02 2.233607e+04
8.454000e+02 2.230840e+04
8.453000e+02 2.241393e+04
8.452000e+02 2.232630e+04
8.451000e+02 2.240817e+04
8.450000e+02 2.248540e+04
8.449000e+02 2.253590e+04
8.448000e+02 2.254697e+04
8.447000e+02 2.250403e+04
8.446000e+02 2.246853e+04
8.445000e+02 2.251543e+04
8.444000e+02 2.259810e+04
8.443000e+02 2.250873e+04
8.442000e+02 2.254070e+04
8.441000e+02 2.251140e+04
8.440000e+02 2.262477e+04
8.439000e+02 2.252113e+04
8.438000e+02 2.241580e+04
8.437000e+02 2.240553e+04
8.436000e+02 2.238320e+04
8.435000e+02 2.242710e+04
8.434000e+02 2.232243e+04
8.433000e+02 2.242817e+04
8.432000e+02 2.241343e+04
8.431000e+02 2.240890e+04
8.430000e+02 2.243163e+04
8.429000e+02 2.236683e+04
8.428000e+02 2.225723e+04
8.427000e+02 2.225350e+04
8.426000e+02 2.230840e+04
8.425000e+02 2.231500e+04
8.424000e+02 2.227620e+04
8.423000e+02 2.214153e+04
8.422000e+02 2.218513e+04
8.421000e+02 2.218863e+04
8.420000e+02 2.206413e+04
8.419000e+02 2.200207e+04
8.418000e+02 2.207000e+04
8.417000e+02 2.213910e+04
8.416000e+02 2.209023e+04
8.415000e+02 2.197663e+04
8.414000e+02 2.196463e+04
8.413000e+02 2.194667e+04
8.412000e+02 2.194907e+04
8.411000e+02 2.193083e+04
8.410000e+02 2.199857e+04
8.409000e+02 2.185793e+04
8.408000e+02 2.187560e+04
8.407000e+02 2.200207e+04
8.406000e+02 2.189097e+04
8.405000e+02 2.190200e+04
8.404000e+02 2.199423e+04
8.403000e+02 2.195767e+04
8.402000e+02 2.201843e+04
8.401000e+02 2.197110e+04
8.400000e+02 2.199483e+04
8.399000e+02 2.205187e+04
8.398000e+02 2.213937e+04
8.397000e+02 2.213117e+04
8.396000e+02 2.224053e+04
8.395000e+02 2.226743e+04
8.394000e+02 2.235747e+04
8.393000e+02 2.235503e+04
8.392000e+02 2.240200e+04
8.391000e+02 2.242397e+04
8.390000e+02 2.238833e+04
8.389000e+02 2.239460e+04
8.388000e+02 2.231930e+04
8.387000e+02 2.221323e+04
8.386000e+02 2.225397e+04
8.385000e+02 2.215937e+04
8.384000e+02 2.212767e+04
8.383000e+02 2.190617e+04
8.382000e+02 2.179953e+04
8.381000e+02 2.167473e+04
8.380000e+02 2.162680e+04
8.379000e+02 2.140617e+04
8.378000e+02 2.124857e+04
8.377000e+02 2.109030e+04
8.376000e+02 2.101267e+04
8.375000e+02 2.087793e+04
8.374000e+02 2.071727e+04
8.373000e+02 2.063720e+04
8.372000e+02 2.058993e+04
8.371000e+02 2.050987e+04
8.370000e+02 2.050013e+04
8.369000e+02 2.049137e+04
8.368000e+02 2.053760e+04
8.367000e+02 2.042063e+04
8.366000e+02 2.037933e+04
8.365000e+02 2.022977e+04
8.364000e+02 2.027457e+04
8.363000e+02 2.028920e+04
8.362000e+02 2.022763e+04
8.361000e+02 2.028137e+04
8.360000e+02 2.023357e+04
8.359000e+02 2.028513e+04
8.358000e+02 2.020407e+04
8.357000e+02 2.028083e+04
8.356000e+02 2.041033e+04
8.355000e+02 2.040627e+04
8.354000e+02 2.032503e+04
8.353000e+02 2.048640e+04
8.352000e+02 2.048570e+04
8.351000e+02 2.041590e+04
8.350000e+02 2.033253e+04
8.349000e+02 2.044053e+04
8.348000e+02 2.046030e+04
8.347000e+02 2.036747e+04
8.346000e+02 2.042367e+04
8.345000e+02 2.042913e+04
8.344000e+02 2.032730e+04
8.343000e+02 2.030233e+04
8.342000e+02 2.021933e+04
8.341000e+02 2.004793e+04
8.340000e+02 2.003567e+04
8.339000e+02 2.006247e+04
8.338000e+02 2.004167e+04
8.337000e+02 1.979393e+04
8.336000e+02 1.966683e+04
8.335000e+02 1.964957e+04
8.334000e+02 1.935427e+04
8.333000e+02 1.907887e+04
8.332000e+02 1.904420e+04
8.331000e+02 1.881560e+04
8.330000e+02 1.856567e+04
8.329000e+02 1.831377e+04
8.328000e+02 1.802073e+04
8.327000e+02 1.774447e+04
8.326000e+02 1.734203e+04
8.325000e+02 1.716177e+04
8.324000e+02 1.682677e+04
8.323000e+02 1.651447e+04
8.322000e+02 1.615903e+04
8.321000e+02 1.595367e+04
8.320000e+02 1.561767e+04
8.319000e+02 1.523673e+04
8.318000e+02 1.508780e+04
8.317000e+02 1.496650e+04
8.316000e+02 1.484010e+04
8.315000e+02 1.463320e+04
8.314000e+02 1.446370e+04
8.313000e+02 1.437960e+04
8.312000e+02 1.426363e+04
8.311000e+02 1.417530e+04
8.310000e+02 1.404920e+04
8.309000e+02 1.405187e+04
8.308000e+02 1.398293e+04
8.307000e+02 1.387950e+04
8.306000e+02 1.376577e+04
8.305000e+02 1.380320e+04
8.304000e+02 1.379130e+04
8.303000e+02 1.376907e+04
8.302000e+02 1.370110e+04
8.301000e+02 1.377393e+04
8.300000e+02 1.365570e+04
8.299000e+02 1.376670e+04
8.298000e+02 1.377513e+04
8.297000e+02 1.364007e+04
8.296000e+02 1.364317e+04
8.295000e+02 1.358947e+04
8.294000e+02 1.354947e+04
8.293000e+02 1.364970e+04
8.292000e+02 1.360623e+04
8.291000e+02 1.351023e+04
8.290000e+02 1.354813e+04
8.289000e+02 1.342673e+04
8.288000e+02 1.355060e+04
8.287000e+02 1.345957e+04
8.286000e+02 1.354527e+04
8.285000e+02 1.352720e+04
8.284000e+02 1.343220e+04
8.283000e+02 1.344380e+04
8.282000e+02 1.340783e+04
8.281000e+02 1.334357e+04
8.280000e+02 1.333900e+04
8.279000e+02 1.339473e+04
8.278000e+02 1.339337e+04
8.277000e+02 1.339173e+04
8.276000e+02 1.336460e+04
8.275000e+02 1.331167e+04
8.274000e+02 1.327663e+04
8.273000e+02 1.334927e+04
8.272000e+02 1.339193e+04
8.271000e+02 1.331980e+04
8.270000e+02 1.332803e+04
8.269000e+02 1.339103e+04
8.268000e+02 1.331900e+04
8.267000e+02 1.339430e+04
8.266000e+02 1.323977e+04
8.265000e+02 1.329200e+04
8.264000e+02 1.325040e+04
8.263000e+02 1.330373e+04
8.262000e+02 1.332947e+04
8.261000e+02 1.320580e+04
8.260000e+02 1.326123e+04
8.259000e+02 1.326843e+04
8.258000e+02 1.325193e+04
8.257000e+02 1.331497e+04
8.256000e+02 1.320990e+04
8.255000e+02 1.315340e+04
8.254000e+02 1.315200e+04
8.253000e+02 1.324460e+04
8.252000e+02 1.321177e+04
8.251000e+02 1.316067e+04
8.250000e+02 1.317643e+04
8.249000e+02 1.315477e+04
8.248000e+02 1.309157e+04
8.247000e+02 1.313390e+04
8.246000e+02 1.305190e+04
8.245000e+02 1.306373e+04
8.244000e+02 1.307943e+04
8.243000e+02 1.302030e+04
8.242000e+02 1.312320e+04
8.241000e+02 1.312067e+04
8.240000e+02 1.307643e+04
8.239000e+02 1.303097e+04
8.238000e+02 1.296873e+04
8.237000e+02 1.297570e+04
8.236000e+02 1.306300e+04
8.235000e+02 1.297123e+04
8.234000e+02 1.306170e+04
8.233000e+02 1.304597e+04
8.232000e+02 1.300897e+04
8.231000e+02 1.295167e+04
8.230000e+02 1.289380e+04
8.229000e+02 1.295203e+04
8.228000e+02 1.299527e+04
8.227000e+02 1.295317e+04
8.226000e+02 1.295807e+04
8.225000e+02 1.296603e+04
8.224000e+02 1.292103e+04
8.223000e+02 1.298417e+04
8.222000e+02 1.288890e+04
8.221000e+02 1.288053e+04
8.220000e+02 1.297207e+04
8.219000e+02 1.290563e+04
8.218000e+02 1.283480e+04
8.217000e+02 1.282313e+04
8.216000e+02 1.279667e+04
8.215000e+02 1.290083e+04
8.214000e+02 1.284850e+04
8.213000e+02 1.287623e+04
8.212000e+02 1.279580e+04
8.211000e+02 1.284810e+04
8.210000e+02 1.276090e+04
8.209000e+02 1.273320e+04
8.208000e+02 1.283057e+04
8.207000e+02 1.283160e+04
8.206000e+02 1.265870e+04
8.205000e+02 1.261297e+04
8.204000e+02 1.268603e+04
8.203000e+02 1.269203e+04
8.202000e+02 1.271943e+04
8.201000e+02 1.260513e+04
8.200000e+02 1.264493e+04
8.199000e+02 1.276290e+04
8.198000e+02 1.270040e+04
8.197000e+02 1.257933e+04
8.196000e+02 1.262447e+04
8.195000e+02 1.264523e+04
8.194000e+02 1.263500e+04
8.193000e+02 1.260733e+04
8.192000e+02 1.257227e+04
8.191000e+02 1.253020e+04
8.190000e+02 1.257110e+04
8.189000e+02 1.260093e+04
8.188000e+02 1.260340e+04
8.187000e+02 1.266710e+04
8.186000e+02 1.261803e+04
8.185000e+02 1.261790e+04
8.184000e+02 1.258690e+04
8.183000e+02 1.258397e+04
8.182000e+02 1.258140e+04
8.181000e+02 1.263860e+04
8.180000e+02 1.265713e+04
8.179000e+02 1.258363e+04
8.178000e+02 1.258947e+04
8.177000e+02 1.259277e+04
8.176000e+02 1.260360e+04
8.175000e+02 1.261027e+04
8.174000e+02 1.264453e+04
8.173000e+02 1.265623e+04
8.172000e+02 1.268230e+04
8.171000e+02 1.259420e+04
8.170000e+02 1.257917e+04
8.169000e+02 1.254320e+04
8.168000e+02 1.252970e+04
8.167000e+02 1.263393e+04
8.166000e+02 1.263763e+04
8.165000e+02 1.265687e+04
8.164000e+02 1.269100e+04
8.163000e+02 1.269287e+04
8.162000e+02 1.260117e+04
8.161000e+02 1.265457e+04
8.160000e+02 1.257263e+04
8.159000e+02 1.256333e+04
8.158000e+02 1.268980e+04
8.157000e+02 1.264550e+04
8.156000e+02 1.266737e+04
8.155000e+02 1.268797e+04
8.154000e+02 1.274657e+04
8.153000e+02 1.270500e+04
8.152000e+02 1.259337e+04
8.151000e+02 1.269103e+04
8.150000e+02 1.269437e+04
8.149000e+02 1.263730e+04
8.148000e+02 1.273397e+04
8.147000e+02 1.275013e+04
8.146000e+02 1.271127e+04
8.145000e+02 1.275017e+04
8.144000e+02 1.273653e+04
8.143000e+02 1.272820e+04
8.142000e+02 1.274187e+04
8.141000e+02 1.269200e+04
8.140000e+02 1.273097e+04
8.139000e+02 1.276493e+04
8.138000e+02 1.278147e+04
8.137000e+02 1.285200e+04
8.136000e+02 1.283960e+04
8.135000e+02 1.273993e+04
8.134000e+02 1.275380e+04
8.133000e+02 1.281913e+04
8.132000e+02 1.284503e+04
8.131000e+02 1.284840e+04
8.130000e+02 1.279143e+04
8.129000e+02 1.283310e+04
8.128000e+02 1.284177e+04
8.127000e+02 1.279997e+04
8.126000e+02 1.279960e+04
8.125000e+02 1.285327e+04
8.124000e+02 1.291427e+04
8.123000e+02 1.289020e+04
8.122000e+02 1.293633e+04
8.121000e+02 1.291930e+04
8.120000e+02 1.283893e+04
8.119000e+02 1.291967e+04
8.118000e+02 1.288350e+04
8.117000e+02 1.300463e+04
8.116000e+02 1.293647e+04
8.115000e+02 1.288600e+04
8.114000e+02 1.289757e+04
8.113000e+02 1.287857e+04
8.112000e+02 1.288943e+04
8.111000e+02 1.292110e+04
8.110000e+02 1.288920e+04
8.109000e+02 1.299700e+04
8.108000e+02 1.302450e+04
8.107000e+02 1.306270e+04
8.106000e+02 1.302410e+04
8.105000e+02 1.297187e+04
8.104000e+02 1.289680e+04
8.103000e+02 1.295047e+04
8.102000e+02 1.298730e+04
8.101000e+02 1.303560e+04
8.100000e+02 1.302127e+04
8.099000e+02 1.300317e+04
8.098000e+02 1.294430e+04
8.097000e+02 1.305347e+04
8.096000e+02 1.309867e+04
8.095000e+02 1.307830e+04
8.094000e+02 1.313830e+04
8.093000e+02 1.306507e+04
8.092000e+02 1.307937e+04
8.091000e+02 1.304137e+04
8.090000e+02 1.307840e+04
8.089000e+02 1.329793e+04
8.088000e+02 1.314420e+04
8.087000e+02 1.311047e+04
8.086000e+02 1.316377e+04
8.085000e+02 1.316577e+04
8.084000e+02 1.314460e+04
8.083000e+02 1.317183e+04
8.082000e+02 1.315127e+04
8.081000e+02 1.315073e+04
8.080000e+02 1.315850e+04
8.079000e+02 1.317633e+04
8.078000e+02 1.305830e+04
8.077000e+02 1.311823e+04
8.076000e+02 1.314980e+04
8.075000e+02 1.318470e+04
8.074000e+02 1.320737e+04
8.073000e+02 1.321800e+04
8.072000e+02 1.320910e+04
8.071000e+02 1.314723e+04
8.070000e+02 1.313930e+04
8.069000e+02 1.315797e+04
8.068000e+02 1.318787e+04
8.067000e+02 1.323770e+04
8.066000e+02 1.316143e+04
8.065000e+02 1.316863e+04
8.064000e+02 1.329023e+04
8.063000e+02 1.326267e+04
8.062000e+02 1.326237e+04
8.061000e+02 1.325873e+04
8.060000e+02 1.323050e+04
8.059000e+02 1.324153e+04
8.058000e+02 1.324217e+04
8.057000e+02 1.328367e+04
8.056000e+02 1.323250e+04
8.055000e+02 1.330150e+04
8.054000e+02 1.332540e+04
8.053000e+02 1.323073e+04
8.052000e+02 1.326933e+04
8.051000e+02 1.330857e+04
8.050000e+02 1.329213e+04
8.049000e+02 1.329733e+04
8.048000e+02 1.332283e+04
8.047000e+02 1.319300e+04
8.046000e+02 1.328483e+04
8.045000e+02 1.323017e+04
8.044000e+02 1.329250e+04
8.043000e+02 1.328857e+04
8.042000e+02 1.326730e+04
8.041000e+02 1.326547e+04
8.040000e+02 1.335970e+04
8.039000e+02 1.337647e+04
8.038000e+02 1.326857e+04
8.037000e+02 1.328947e+04
8.036000e+02 1.325363e+04
8.035000e+02 1.326707e+04
8.034000e+02 1.325607e+04
8.033000e+02 1.324343e+04
8.032000e+02 1.321377e+04
8.031000e+02 1.333763e+04
8.030000e+02 1.328840e+04
8.029000e+02 1.334423e+04
8.028000e+02 1.326400e+04
8.027000e+02 1.328410e+04
8.026000e+02 1.330207e+04
8.025000e+02 1.324703e+04
8.024000e+02 1.320200e+04
8.023000e+02 1.327303e+04
8.022000e+02 1.326080e+04
8.021000e+02 1.332027e+04
8.020000e+02 1.336233e+04
8.019000e+02 1.327123e+04
8.018000e+02 1.333897e+04
8.017000e+02 1.331943e+04
8.016000e+02 1.330037e+04
8.015000e+02 1.321880e+04
8.014000e+02 1.333360e+04
8.013000e+02 1.327730e+04
8.012000e+02 1.327140e+04
8.011000e+02 1.325337e+04
8.010000e+02 1.329303e+04
8.009000e+02 1.325050e+04
8.008000e+02 1.320833e+04
8.007000e+02 1.330303e+04
8.006000e+02 1.323807e+04
8.005000e+02 1.322130e+04
8.004000e+02 1.319397e+04
8.003000e+02 1.323393e+04
8.002000e+02 1.324987e+04
8.001000e+02 1.331130e+04
8.000000e+02 1.331813e+04
7.999000e+02 1.327717e+04
7.998000e+02 1.326180e+04
7.997000e+02 1.325967e+04
7.996000e+02 1.328273e+04
7.995000e+02 1.324727e+04
7.994000e+02 1.315527e+04
7.993000e+02 1.312643e+04
7.992000e+02 1.321877e+04
7.991000e+02 1.318867e+04
7.990000e+02 1.315933e+04
7.989000e+02 1.327430e+04
7.988000e+02 1.329857e+04
7.987000e+02 1.331350e+04
7.986000e+02 1.330170e+04
7.985000e+02 1.336710e+04
7.984000e+02 1.331233e+04
7.983000e+02 1.325897e+04
7.982000e+02 1.337250e+04
7.981000e+02 1.340307e+04
7.980000e+02 1.325933e+04
7.979000e+02 1.325727e+04
7.978000e+02 1.326523e+04
7.977000e+02 1.330570e+04
7.976000e+02 1.331447e+04
7.975000e+02 1.316683e+04
7.974000e+02 1.317140e+04
7.973000e+02 1.322833e+04
7.972000e+02 1.331303e+04
7.971000e+02 1.320807e+04
7.970000e+02 1.319537e+04
7.969000e+02 1.324897e+04
7.968000e+02 1.320590e+04
7.967000e+02 1.327487e+04
7.966000e+02 1.328207e+04
7.965000e+02 1.335607e+04
7.964000e+02 1.331963e+04
7.963000e+02 1.331420e+04
7.962000e+02 1.331357e+04
7.961000e+02 1.320723e+04
7.960000e+02 1.337373e+04
7.959000e+02 1.335917e+04
7.958000e+02 1.337387e+04
7.957000e+02 1.335470e+04
7.956000e+02 1.330743e+04
7.955000e+02 1.336583e+04
7.954000e+02 1.335733e+04
7.953000e+02 1.332403e+04
7.952000e+02 1.334847e+04
7.951000e+02 1.339883e+04
7.950000e+02 1.338147e+04
7.949000e+02 1.336307e+04
7.948000e+02 1.339350e+04
7.947000e+02 1.340780e+04
7.946000e+02 1.342607e+04
7.945000e+02 1.336553e+04
7.944000e+02 1.339420e+04
7.943000e+02 1.341863e+04
7.942000e+02 1.342023e+04
7.941000e+02 1.341090e+04
7.940000e+02 1.344083e+04
7.939000e+02 1.352590e+04
7.938000e+02 1.357730e+04
7.937000e+02 1.356407e+04
7.936000e+02 1.342417e+04
7.935000e+02 1.354110e+04
7.934000e+02 1.354680e+04
7.933000e+02 1.355463e+04
7.932000e+02 1.356993e+04
7.931000e+02 1.356580e+04
7.930000e+02 1.354893e+04
7.929000e+02 1.352237e+04
7.928000e+02 1.352707e+04
7.927000e+02 1.355170e+04
7.926000e+02 1.354480e+04
7.925000e+02 1.369157e+04
7.924000e+02 1.351853e+04
7.923000e+02 1.366857e+04
7.922000e+02 1.365883e+04
7.921000e+02 1.373963e+04
7.920000e+02 1.372353e+04
7.919000e+02 1.381933e+04
7.918000e+02 1.377490e+04
7.917000e+02 1.379887e+04
7.916000e+02 1.393527e+04
7.915000e+02 1.387790e+04
7.914000e+02 1.390080e+04
7.913000e+02 1.390610e+04
7.912000e+02 1.396727e+04
7.911000e+02 1.410180e+04
7.910000e+02 1.403630e+04
7.909000e+02 1.404627e+04
7.908000e+02 1.407660e+04
7.907000e+02 1.417137e+04
7.906000e+02 1.416837e+04
7.905000e+02 1.415563e+04
7.904000e+02 1.418750e+04
7.903000e+02 1.427023e+04
7.902000e+02 1.423573e+04
7.901000e+02 1.428217e+04
7.900000e+02 1.425783e+04
7.899000e+02 1.428870e+04
7.898000e+02 1.434883e+04
7.897000e+02 1.433053e+04
7.896000e+02 1.443167e+04
7.895000e+02 1.449420e+04
7.894000e+02 1.458427e+04
7.893000e+02 1.460697e+04
7.892000e+02 1.460373e+04
7.891000e+02 1.466807e+04
7.890000e+02 1.471883e+04
7.889000e+02 1.480210e+04
7.888000e+02 1.491227e+04
7.887000e+02 1.489510e+04
7.886000e+02 1.488003e+04
7.885000e+02 1.487333e+04
7.884000e+02 1.500240e+04
7.883000e+02 1.513350e+04
7.882000e+02 1.519807e+04
7.881000e+02 1.524927e+04
7.880000e+02 1.526290e+04
7.879000e+02 1.527737e+04
7.878000e+02 1.532447e+04
7.877000e+02 1.550680e+04
7.876000e+02 1.558333e+04
7.875000e+02 1.561917e+04
7.874000e+02 1.566980e+04
7.873000e+02 1.567867e+04
7.872000e+02 1.578033e+04
7.871000e+02 1.585417e+04
7.870000e+02 1.586587e+04
7.869000e+02 1.598147e+04
7.868000e+02 1.614213e+04
7.867000e+02 1.621113e+04
7.866000e+02 1.634027e+04
7.865000e+02 1.642330e+04
7.864000e+02 1.649590e+04
7.863000e+02 1.663760e+04
7.862000e+02 1.670373e+04
7.861000e+02 1.678383e+04
7.860000e+02 1.702413e+04
7.859000e+02 1.714727e+04
7.858000e+02 1.728017e+04
7.857000e+02 1.728657e+04
7.856000e+02 1.743817e+04
7.855000e+02 1.760353e+04
7.854000e+02 1.770157e+04
7.853000e+02 1.783420e+04
7.852000e+02 1.806657e+04
7.851000e+02 1.818273e+04
7.850000e+02 1.835230e+04
7.849000e+02 1.832780e+04
7.848000e+02 1.865170e+04
7.847000e+02 1.875273e+04
7.846000e+02 1.888383e+04
7.845000e+02 1.894797e+04
7.844000e+02 1.914487e+04
7.843000e+02 1.924320e+04
7.842000e+02 1.937047e+04
7.841000e+02 1.946657e+04
7.840000e+02 1.959153e+04
7.839000e+02 1.962723e+04
7.838000e+02 1.967310e+04
7.837000e+02 1.960860e+04
7.836000e+02 1.960923e+04
7.835000e+02 1.957250e+04
7.834000e+02 1.952710e+04
7.833000e+02 1.956763e+04
7.832000e+02 1.945663e+04
7.831000e+02 1.939967e+04
7.830000e+02 1.926527e+04
7.829000e+02 1.912447e+04
7.828000e+02 1.899710e+04
7.827000e+02 1.898933e+04
7.826000e+02 1.883930e+04
7.825000e+02 1.860500e+04
7.824000e+02 1.852927e+04
7.823000e+02 1.832617e+04
7.822000e+02 1.813903e+04
7.821000e+02 1.800097e+04
7.820000e+02 1.774730e+04
7.819000e+02 1.758843e+04
7.818000e+02 1.753750e+04
7.817000e+02 1.735467e+04
7.816000e+02 1.711353e+04
7.815000e+02 1.687703e+04
7.814000e+02 1.678667e+04
7.813000e+02 1.654727e+04
7.812000e+02 1.632123e+04
7.811000e+02 1.612153e+04
7.810000e+02 1.601067e+04
7.809000e+02 1.583603e+04
7.808000e+02 1.569153e+04
7.807000e+02 1.539773e+04
7.806000e+02 1.526270e+04
7.805000e+02 1.511960e+04
7.804000e+02 1.493013e+04
7.803000e+02 1.468577e+04
7.802000e+02 1.462830e+04
7.801000e+02 1.456130e+04
7.800000e+02 1.433870e+04
7.799000e+02 1.425900e+04
7.798000e+02 1.408923e+04
7.797000e+02 1.402560e+04
7.796000e+02 1.391627e+04
7.795000e+02 1.374707e+04
7.794000e+02 1.358487e+04
7.793000e+02 1.359330e+04
7.792000e+02 1.350517e+04
7.791000e+02 1.344150e+04
7.790000e+02 1.331193e+04
7.789000e+02 1.327327e+04
7.788000e+02 1.319563e+04
7.787000e+02 1.301527e+04
7.786000e+02 1.300677e+04
7.785000e+02 1.297547e+04
7.784000e+02 1.284420e+04
7.783000e+02 1.282450e+04
7.782000e+02 1.276037e+04
7.781000e+02 1.271757e+04
7.780000e+02 1.273813e+04
7.779000e+02 1.261417e+04
7.778000e+02 1.260547e+04
7.777000e+02 1.258867e+04
7.776000e+02 1.264663e+04
7.775000e+02 1.245237e+04
7.774000e+02 1.247947e+04
7.773000e+02 1.245857e+04
7.772000e+02 1.246423e+04
7.771000e+02 1.246427e+04
7.770000e+02 1.256533e+04
7.769000e+02 1.250950e+04
7.768000e+02 1.243407e+04
7.767000e+02 1.239107e+04
7.766000e+02 1.239260e+04
7.765000e+02 1.229333e+04
7.764000e+02 1.235893e+04
7.763000e+02 1.225570e+04
7.762000e+02 1.235953e+04
7.761000e+02 1.240110e+04
7.760000e+02 1.238160e+04
7.759000e+02 1.222120e+04
7.758000e+02 1.229143e+04
7.757000e+02 1.232070e+04
7.756000e+02 1.227730e+04
7.755000e+02 1.232050e+04
7.754000e+02 1.230887e+04
7.753000e+02 1.222780e+04
7.752000e+02 1.221990e+04
7.751000e+02 1.221053e+04
7.750000e+02 1.232223e+04
7.749000e+02 1.225627e+04
7.748000e+02 1.226510e+04
7.747000e+02 1.225943e+04
7.746000e+02 1.230543e+04
7.745000e+02 1.228860e+04
7.744000e+02 1.226417e+04
7.743000e+02 1.231193e+04
7.742000e+02 1.228550e+04
7.741000e+02 1.228807e+04
7.740000e+02 1.226220e+04
7.739000e+02 1.225540e+04
7.738000e+02 1.225827e+04
7.737000e+02 1.235967e+04
7.736000e+02 1.235553e+04
7.735000e+02 1.235633e+04
7.734000e+02 1.245013e+04
7.733000e+02 1.241320e+04
7.732000e+02 1.235783e+04
7.731000e+02 1.237317e+04
7.730000e+02 1.240170e+04
7.729000e+02 1.242090e+04
7.728000e+02 1.246460e+04
7.727000e+02 1.244793e+04
7.726000e+02 1.238167e+04
7.725000e+02 1.248827e+04
7.724000e+02 1.249427e+04
7.723000e+02 1.258477e+04
7.722000e+02 1.251180e+04
7.721000e+02 1.257623e+04
7.720000e+02 1.255843e+04
7.719000e+02 1.251143e+04
7.718000e+02 1.258267e+04
7.717000e+02 1.266060e+04
7.716000e+02 1.263583e+04
7.715000e+02 1.272277e+04
7.714000e+02 1.272013e+04
7.713000e+02 1.275507e+04
7.712000e+02 1.270343e+04
7.711000e+02 1.279613e+04
7.710000e+02 1.275703e+04
7.709000e+02 1.271980e+04
7.708000e+02 1.277603e+04
7.707000e+02 1.279320e+04
7.706000e+02 1.275100e+04
7.705000e+02 1.281183e+04
7.704000e+02 1.278773e+04
7.703000e+02 1.289853e+04
7.702000e+02 1.282087e+04
7.701000e+02 1.276187e+04
7.700000e+02 1.271530e+04
7.699000e+02 1.275040e+04
7.698000e+02 1.274703e+04
7.697000e+02 1.267643e+04
7.696000e+02 1.270030e+04
7.695000e+02 1.265630e+04
7.694000e+02 1.264647e+04
7.693000e+02 1.268750e+04
7.692000e+02 1.266227e+04
7.691000e+02 1.261413e+04
7.690000e+02 1.263573e+04
7.689000e+02 1.257803e+04
7.688000e+02 1.259350e+04
7.687000e+02 1.260850e+04
7.686000e+02 1.251627e+04
7.685000e+02 1.243707e+04
7.684000e+02 1.250850e+04
7.683000e+02 1.249407e+04
7.682000e+02 1.241647e+04
7.681000e+02 1.242397e+04
7.680000e+02 1.244067e+04
7.679000e+02 1.235783e+04
7.678000e+02 1.232223e+04
7.677000e+02 1.226930e+04
7.676000e+02 1.228057e+04
7.675000e+02 1.227547e+04
7.674000e+02 1.228203e+04
7.673000e+02 1.217167e+04
7.672000e+02 1.219343e+04
7.671000e+02 1.217217e+04
7.670000e+02 1.220833e+04
7.669000e+02 1.216823e+04
7.668000e+02 1.217883e+04
7.667000e+02 1.215050e+04
7.666000e+02 1.214550e+04
7.665000e+02 1.208947e+04
7.664000e+02 1.209080e+04
7.663000e+02 1.210400e+04
7.662000e+02 1.205203e+04
7.661000e+02 1.208413e+04
7.660000e+02 1.205983e+04
7.659000e+02 1.201577e+04
7.658000e+02 1.211623e+04
7.657000e+02 1.203503e+04
7.656000e+02 1.204027e+04
7.655000e+02 1.204640e+04
7.654000e+02 1.205240e+04
7.653000e+02 1.204033e+04
7.652000e+02 1.206450e+04
7.651000e+02 1.208907e+04
7.650000e+02 1.206347e+04
7.649000e+02 1.200643e+04
7.648000e+02 1.200193e+04
7.647000e+02 1.198157e+04
7.646000e+02 1.202983e+04
7.645000e+02 1.205987e+04
7.644000e+02 1.199247e+04
7.643000e+02 1.204173e+04
7.642000e+02 1.197743e+04
7.641000e+02 1.200790e+04
7.640000e+02 1.192613e+04
7.639000e+02 1.204527e+04
7.638000e+02 1.204063e+04
7.637000e+02 1.202180e+04
7.636000e+02 1.194487e+04
7.635000e+02 1.193387e+04
7.634000e+02 1.197630e+04
7.633000e+02 1.200587e+04
7.632000e+02 1.198810e+04
7.631000e+02 1.194070e+04
7.630000e+02 1.196533e+04
7.629000e+02 1.199783e+04
7.628000e+02 1.199293e+04
7.627000e+02 1.195787e+04
7.626000e+02 1.191593e+04
7.625000e+02 1.196613e+04
7.624000e+02 1.190710e+04
7.623000e+02 1.184143e+04
7.622000e+02 1.194490e+04
7.621000e+02 1.196843e+04
7.620000e+02 1.190047e+04
7.619000e+02 1.187037e+04
7.618000e+02 1.188017e+04
7.617000e+02 1.192827e+04
7.616000e+02 1.190573e+04
7.615000e+02 1.185710e+04
7.614000e+02 1.188530e+04
7.613000e+02 1.184503e+04
7.612000e+02 1.191323e+04
7.611000e+02 1.190413e+04
7.610000e+02 1.188820e+04
7.609000e+02 1.188250e+04
7.608000e+02 1.196090e+04
7.607000e+02 1.187453e+04
7.606000e+02 1.185647e+04
7.605000e+02 1.186047e+04
7.604000e+02 1.190313e+04
7.603000e+02 1.191363e+04
7.602000e+02 1.193403e+04
7.601000e+02 1.201623e+04
7.600000e+02 1.194003e+04
7.599000e+02 1.191370e+04
7.598000e+02 1.189137e+04
7.597000e+02 1.192703e+04
7.596000e+02 1.191327e+04
7.595000e+02 1.186363e+04
7.594000e+02 1.196920e+04
7.593000e+02 1.189050e+04
7.592000e+02 1.197160e+04
7.591000e+02 1.199770e+04
7.590000e+02 1.195550e+04
7.589000e+02 1.194043e+04
7.588000e+02 1.191203e+04
7.587000e+02 1.198707e+04
7.586000e+02 1.196603e+04
7.585000e+02 1.201617e+04
7.584000e+02 1.207980e+04
7.583000e+02 1.208527e+04
7.582000e+02 1.208117e+04
7.581000e+02 1.208753e+04
7.580000e+02 1.208407e+04
7.579000e+02 1.214540e+04
7.578000e+02 1.217993e+04
7.577000e+02 1.209083e+04
7.576000e+02 1.222933e+04
7.575000e+02 1.221093e+04
7.574000e+02 1.215723e+04
7.573000e+02 1.219220e+04
7.572000e+02 1.218740e+04
7.571000e+02 1.220737e+04
7.570000e+02 1.223510e+04
7.569000e+02 1.217427e+04
7.568000e+02 1.227530e+04
7.567000e+02 1.232970e+04
7.566000e+02 1.226217e+04
7.565000e+02 1.231540e+04
7.564000e+02 1.234867e+04
7.563000e+02 1.233093e+04
7.562000e+02 1.232857e+04
7.561000e+02 1.236970e+04
7.560000e+02 1.236817e+04
7.559000e+02 1.233017e+04
7.558000e+02 1.237623e+04
7.557000e+02 1.237253e+04
7.556000e+02 1.236927e+04
7.555000e+02 1.236127e+04
7.554000e+02 1.244207e+04
7.553000e+02 1.246643e+04
7.552000e+02 1.248683e+04
7.551000e+02 1.244923e+04
7.550000e+02 1.248517e+04
7.549000e+02 1.247813e+04
7.548000e+02 1.257093e+04
7.547000e+02 1.257767e+04
7.546000e+02 1.253243e+04
7.545000e+02 1.258187e+04
7.544000e+02 1.256120e+04
7.543000e+02 1.268237e+04
7.542000e+02 1.266967e+04
7.541000e+02 1.255130e+04
7.540000e+02 1.255530e+04
7.539000e+02 1.262367e+04
7.538000e+02 1.264303e+04
7.537000e+02 1.262950e+04
7.536000e+02 1.266947e+04
7.535000e+02 1.274930e+04
7.534000e+02 1.271293e+04
7.533000e+02 1.272210e+04
7.532000e+02 1.272157e+04
7.531000e+02 1.283100e+04
7.530000e+02 1.278940e+04
7.529000e+02 1.280703e+04
7.528000e+02 1.278340e+04
7.527000e+02 1.282317e+04
7.526000e+02 1.284070e+04
7.525000e+02 1.286980e+04
7.524000e+02 1.283363e+04
7.523000e+02 1.288180e+04
7.522000e+02 1.288413e+04
7.521000e+02 1.288983e+04
7.520000e+02 1.288623e+04
7.519000e+02 1.290480e+04
7.518000e+02 1.296320e+04
7.517000e+02 1.295567e+04
7.516000e+02 1.298090e+04
7.515000e+02 1.302207e+04
7.514000e+02 1.297357e+04
7.513000e+02 1.295533e+04
7.512000e+02 1.298557e+04
7.511000e+02 1.303660e+04
7.510000e+02 1.303170e+04
7.509000e+02 1.312063e+04
7.508000e+02 1.311847e+04
7.507000e+02 1.306673e+04
7.506000e+02 1.305830e+04
7.505000e+02 1.309940e+04
7.504000e+02 1.311410e+04
7.503000e+02 1.315703e+04
7.502000e+02 1.308140e+04
7.501000e+02 1.316143e+04
7.500000e+02 1.324677e+04
7.499000e+02 1.317187e+04
7.498000e+02 1.321997e+04
7.497000e+02 1.329893e+04
7.496000e+02 1.336533e+04
7.495000e+02 1.326133e+04
7.494000e+02 1.328577e+04
7.493000e+02 1.334297e+04
7.492000e+02 1.345107e+04
7.491000e+02 1.337627e+04
7.490000e+02 1.337410e+04
7.489000e+02 1.334210e+04
7.488000e+02 1.336313e+04
7.487000e+02 1.345737e+04
7.486000e+02 1.341447e+04
7.485000e+02 1.350077e+04
7.484000e+02 1.351487e+04
7.483000e+02 1.349397e+04
7.482000e+02 1.348407e+04
7.481000e+02 1.354430e+04
7.480000e+02 1.359947e+04
7.479000e+02 1.355407e+04
7.478000e+02 1.358257e+04
7.477000e+02 1.364553e+04
7.476000e+02 1.364313e+04
7.475000e+02 1.364393e+04
7.474000e+02 1.359817e+04
7.473000e+02 1.359340e+04
7.472000e+02 1.369087e+04
7.471000e+02 1.375780e+04
7.470000e+02 1.373070e+04
7.469000e+02 1.372240e+04
7.468000e+02 1.375830e+04
7.467000e+02 1.372483e+04
7.466000e+02 1.374627e+04
7.465000e+02 1.376543e+04
7.464000e+02 1.385883e+04
7.463000e+02 1.385627e+04
7.462000e+02 1.386097e+04
7.461000e+02 1.388883e+04
7.460000e+02 1.388343e+04
7.459000e+02 1.390447e+04
7.458000e+02 1.390343e+04
7.457000e+02 1.393710e+04
7.456000e+02 1.393147e+04
7.455000e+02 1.391910e+04
7.454000e+02 1.399593e+04
7.453000e+02 1.402333e+04
7.452000e+02 1.400953e+04
7.451000e+02 1.405153e+04
7.450000e+02 1.401547e+04
7.449000e+02 1.401063e+04
7.448000e+02 1.405650e+04
7.447000e+02 1.411007e+04
7.446000e+02 1.412723e+04
7.445000e+02 1.422480e+04
7.444000e+02 1.418370e+04
7.443000e+02 1.411857e+04
7.442000e+02 1.413873e+04
7.441000e+02 1.411677e+04
7.440000e+02 1.412273e+04
7.439000e+02 1.416383e+04
7.438000e+02 1.415327e+04
7.437000e+02 1.420503e+04
7.436000e+02 1.419133e+04
7.435000e+02 1.413930e+04
7.434000e+02 1.422660e+04
7.433000e+02 1.422207e+04
7.432000e+02 1.425563e+04
7.431000e+02 1.428723e+04
7.430000e+02 1.421627e+04
7.429000e+02 1.422033e+04
7.428000e+02 1.425153e+04
7.427000e+02 1.434230e+04
7.426000e+02 1.423863e+04
7.425000e+02 1.423237e+04
7.424000e+02 1.428410e+04
7.423000e+02 1.426150e+04
7.422000e+02 1.426310e+04
7.421000e+02 1.428687e+04
7.420000e+02 1.441090e+04
7.419000e+02 1.433647e+04
7.418000e+02 1.430843e+04
7.417000e+02 1.427850e+04
7.416000e+02 1.429033e+04
7.415000e+02 1.435857e+04
7.414000e+02 1.436707e+04
7.413000e+02 1.430773e+04
7.412000e+02 1.434100e+04
7.411000e+02 1.434077e+04
7.410000e+02 1.429837e+04
7.409000e+02 1.429573e+04
7.408000e+02 1.434133e+04
7.407000e+02 1.433987e+04
7.406000e+02 1.432850e+04
7.405000e+02 1.429143e+04
7.404000e+02 1.438773e+04
7.403000e+02 1.434050e+04
7.402000e+02 1.439210e+04
7.401000e+02 1.436557e+04
7.400000e+02 1.441750e+04
7.399000e+02 1.437497e+04
7.398000e+02 1.439050e+04
7.397000e+02 1.439277e+04
7.396000e+02 1.439097e+04
7.395000e+02 1.439470e+04
7.394000e+02 1.452573e+04
7.393000e+02 1.440453e+04
7.392000e+02 1.440227e+04
7.391000e+02 1.440110e+04
7.390000e+02 1.448957e+04
7.389000e+02 1.450877e+04
7.388000e+02 1.449423e+04
7.387000e+02 1.453037e+04
7.386000e+02 1.457167e+04
7.385000e+02 1.455507e+04
7.384000e+02 1.457567e+04
7.383000e+02 1.455387e+04
7.382000e+02 1.459193e+04
7.381000e+02 1.469097e+04
7.380000e+02 1.464123e+04
7.379000e+02 1.465177e+04
7.378000e+02 1.464733e+04
7.377000e+02 1.469097e+04
7.376000e+02 1.466470e+04
7.375000e+02 1.479020e+04
7.374000e+02 1.478587e+04
7.373000e+02 1.481040e+04
7.372000e+02 1.474767e+04
7.371000e+02 1.479023e+04
7.370000e+02 1.477117e+04
7.369000e+02 1.476937e+04
7.368000e+02 1.483770e+04
7.367000e+02 1.479587e+04
7.366000e+02 1.487193e+04
7.365000e+02 1.483470e+04
7.364000e+02 1.485287e+04
7.363000e+02 1.490203e+04
7.362000e+02 1.492643e+04
7.361000e+02 1.498197e+04
7.360000e+02 1.495187e+04
7.359000e+02 1.495633e+04
7.358000e+02 1.492393e+04
7.357000e+02 1.498253e+04
7.356000e+02 1.509967e+04
7.355000e+02 1.510963e+04
7.354000e+02 1.504880e+04
7.353000e+02 1.505090e+04
7.352000e+02 1.514153e+04
7.351000e+02 1.517663e+04
7.350000e+02 1.514247e+04
7.349000e+02 1.509117e+04
7.348000e+02 1.508847e+04
7.347000e+02 1.520053e+04
7.346000e+02 1.518907e+04
7.345000e+02 1.522070e+04
7.344000e+02 1.526753e+04
7.343000e+02 1.525953e+04
7.342000e+02 1.527367e+04
7.341000e+02 1.528960e+04
7.340000e+02 1.535217e+04
7.339000e+02 1.537437e+04
7.338000e+02 1.536957e+04
7.337000e+02 1.537413e+04
7.336000e+02 1.542303e+04
7.335000e+02 1.542733e+04
7.334000e+02 1.540250e+04
7.333000e+02 1.544210e+04
7.332000e+02 1.543200e+04
7.331000e+02 1.548823e+04
7.330000e+02 1.560800e+04
7.329000e+02 1.562057e+04
7.328000e+02 1.551113e+04
7.327000e+02 1.551093e+04
7.326000e+02 1.559353e+04
7.325000e+02 1.555480e+04
7.324000e+02 1.562943e+04
7.323000e+02 1.569650e+04
7.322000e+02 1.566513e+04
7.321000e+02 1.558600e+04
7.320000e+02 1.571230e+04
7.319000e+02 1.574540e+04
7.318000e+02 1.572787e+04
7.317000e+02 1.573627e+04
7.316000e+02 1.573810e+04
7.315000e+02 1.574857e+04
7.314000e+02 1.574203e+04
7.313000e+02 1.583550e+04
7.312000e+02 1.575993e+04
7.311000e+02 1.573980e+04
7.310000e+02 1.579743e+04
7.309000e+02 1.576150e+04
7.308000e+02 1.578410e+04
7.307000e+02 1.581400e+04
7.306000e+02 1.576683e+04
7.305000e+02 1.581920e+04
7.304000e+02 1.574977e+04
7.303000e+02 1.574993e+04
7.302000e+02 1.573827e+04
7.301000e+02 1.580390e+04
7.300000e+02 1.584917e+04
7.299000e+02 1.587577e+04
7.298000e+02 1.577283e+04
7.297000e+02 1.584083e+04
7.296000e+02 1.584450e+04
7.295000e+02 1.585133e+04
7.294000e+02 1.582407e+04
7.293000e+02 1.580363e+04
7.292000e+02 1.589553e+04
7.291000e+02 1.584107e+04
7.290000e+02 1.590310e+04
7.289000e+02 1.578553e+04
7.288000e+02 1.584870e+04
7.287000e+02 1.579573e+04
7.286000e+02 1.579290e+04
7.285000e+02 1.583960e+04
7.284000e+02 1.581560e+04
7.283000e+02 1.583033e+04
7.282000e+02 1.580673e+04
7.281000e+02 1.584537e+04
7.280000e+02 1.588380e+04
7.279000e+02 1.592573e+04
7.278000e+02 1.591767e+04
7.277000e+02 1.579683e+04
7.276000e+02 1.587710e+04
7.275000e+02 1.593630e+04
7.274000e+02 1.597240e+04
7.273000e+02 1.601060e+04
7.272000e+02 1.599407e+04
7.271000e+02 1.595693e+04
7.270000e+02 1.592970e+04
7.269000e+02 1.598090e+04
7.268000e+02 1.600347e+04
7.267000e+02 1.600003e+04
7.266000e+02 1.597160e+04
7.265000e+02 1.610290e+04
7.264000e+02 1.600083e+04
7.263000e+02 1.600587e+04
7.262000e+02 1.611270e+04
7.261000e+02 1.604760e+04
7.260000e+02 1.611650e+04
7.259000e+02 1.616870e+04
7.258000e+02 1.613510e+04
7.257000e+02 1.615733e+04
7.256000e+02 1.628780e+04
7.255000e+02 1.627140e+04
7.254000e+02 1.628600e+04
7.253000e+02 1.621187e+04
7.252000e+02 1.627030e+04
7.251000e+02 1.630847e+04
7.250000e+02 1.628827e+04
7.249000e+02 1.630660e+04
7.248000e+02 1.635783e+04
7.247000e+02 1.638243e+04
7.246000e+02 1.641273e+04
7.245000e+02 1.650950e+04
7.244000e+02 1.647247e+04
7.243000e+02 1.651133e+04
7.242000e+02 1.655367e+04
7.241000e+02 1.656293e+04
7.240000e+02 1.662130e+04
7.239000e+02 1.661983e+04
7.238000e+02 1.671023e+04
7.237000e+02 1.686617e+04
7.236000e+02 1.687830e+04
7.235000e+02 1.701897e+04
7.234000e+02 1.714290e+04
7.233000e+02 1.723110e+04
7.232000e+02 1.723833e+04
7.231000e+02 1.735580e+04
7.230000e+02 1.745743e+04
7.229000e+02 1.763090e+04
7.228000e+02 1.778003e+04
7.227000e+02 1.791320e+04
7.226000e+02 1.803683e+04
7.225000e+02 1.824220e+04
7.224000e+02 1.843373e+04
7.223000e+02 1.863720e+04
7.222000e+02 1.877087e+04
7.221000e+02 1.905300e+04
7.220000e+02 1.920140e+04
7.219000e+02 1.943720e+04
7.218000e+02 1.978467e+04
7.217000e+02 2.006970e+04
7.216000e+02 2.051003e+04
7.215000e+02 2.071327e+04
7.214000e+02 2.098340e+04
7.213000e+02 2.155557e+04
7.212000e+02 2.200147e+04
7.211000e+02 2.253907e+04
7.210000e+02 2.299323e+04
7.209000e+02 2.347660e+04
7.208000e+02 2.414387e+04
7.207000e+02 2.484067e+04
7.206000e+02 2.561653e+04
7.205000e+02 2.651737e+04
7.204000e+02 2.715170e+04
7.203000e+02 2.801513e+04
7.202000e+02 2.886797e+04
7.201000e+02 2.954987e+04
7.200000e+02 3.001853e+04
7.199000e+02 3.029127e+04
7.198000e+02 3.016463e+04
7.197000e+02 2.988390e+04
7.196000e+02 2.917377e+04
7.195000e+02 2.830437e+04
7.194000e+02 2.697530e+04
7.193000e+02 2.554547e+04
7.192000e+02 2.380377e+04
7.191000e+02 2.210697e+04
7.190000e+02 2.054580e+04
7.189000e+02 1.913943e+04
7.188000e+02 1.796653e+04
7.187000e+02 1.703470e+04
7.186000e+02 1.623470e+04
7.185000e+02 1.553020e+04
7.184000e+02 1.494723e+04
7.183000e+02 1.448043e+04
7.182000e+02 1.416327e+04
7.181000e+02 1.387010e+04
7.180000e+02 1.349060e+04
7.179000e+02 1.334963e+04
7.178000e+02 1.318033e+04
7.177000e+02 1.296993e+04
7.176000e+02 1.283520e+04
7.175000e+02 1.268153e+04
7.174000e+02 1.264530e+04
7.173000e+02 1.256367e+04
7.172000e+02 1.247667e+04
7.171000e+02 1.241990e+04
7.170000e+02 1.231143e+04
7.169000e+02 1.227200e+04
7.168000e+02 1.225247e+04
7.167000e+02 1.218837e+04
7.166000e+02 1.220390e+04
7.165000e+02 1.218017e+04
7.164000e+02 1.214343e+04
7.163000e+02 1.211683e+04
7.162000e+02 1.217807e+04
7.161000e+02 1.219520e+04
7.160000e+02 1.215423e+04
7.159000e+02 1.219080e+04
7.158000e+02 1.218723e+04
7.157000e+02 1.223710e+04
7.156000e+02 1.223553e+04
7.155000e+02 1.228597e+04
7.154000e+02 1.224827e+04
7.153000e+02 1.223740e+04
7.152000e+02 1.230367e+04
7.151000e+02 1.229807e+04
7.150000e+02 1.243123e+04
7.149000e+02 1.244200e+04
7.148000e+02 1.252347e+04
7.147000e+02 1.253003e+04
7.146000e+02 1.254350e+04
7.145000e+02 1.255893e+04
7.144000e+02 1.260687e+04
7.143000e+02 1.265230e+04
7.142000e+02 1.273337e+04
7.141000e+02 1.268763e+04
7.140000e+02 1.277510e+04
7.139000e+02 1.283420e+04
7.138000e+02 1.286200e+04
7.137000e+02 1.294317e+04
7.136000e+02 1.301090e+04
7.135000e+02 1.303573e+04
7.134000e+02 1.302490e+04
7.133000e+02 1.303520e+04
7.132000e+02 1.317643e+04
7.131000e+02 1.316137e+04
7.130000e+02 1.319357e+04
7.129000e+02 1.323173e+04
7.128000e+02 1.328497e+04
7.127000e+02 1.329760e+04
7.126000e+02 1.323597e+04
7.125000e+02 1.336137e+04
7.124000e+02 1.342340e+04
7.123000e+02 1.353197e+04
7.122000e+02 1.359620e+04
7.121000e+02 1.356523e+04
7.120000e+02 1.362623e+04
7.119000e+02 1.381080e+04
7.118000e+02 1.390190e+04
7.117000e+02 1.392100e+04
7.116000e+02 1.400667e+04
7.115000e+02 1.417183e+04
7.114000e+02 1.424513e+04
7.113000e+02 1.434007e+04
7.112000e+02 1.447380e+04
7.111000e+02 1.461950e+04
7.110000e+02 1.481250e+04
7.109000e+02 1.492323e+04
7.108000e+02 1.501293e+04
7.107000e+02 1.523677e+04
7.106000e+02 1.535517e+04
7.105000e+02 1.544843e+04
7.104000e+02 1.554237e+04
7.103000e+02 1.576620e+04
7.102000e+02 1.583847e+04
7.101000e+02 1.606287e+04
7.100000e+02 1.619443e+04
7.099000e+02 1.636793e+04
7.098000e+02 1.658953e+04
7.097000e+02 1.670607e+04
7.096000e+02 1.691077e+04
7.095000e+02 1.716780e+04
7.094000e+02 1.742053e+04
7.093000e+02 1.758837e+04
7.092000e+02 1.792643e+04
7.091000e+02 1.837023e+04
7.090000e+02 1.867743e+04
7.089000e+02 1.902057e+04
7.088000e+02 1.952217e+04
7.087000e+02 2.009560e+04
7.086000e+02 2.065010e+04
7.085000e+02 2.127270e+04
7.084000e+02 2.205103e+04
7.083000e+02 2.308727e+04
7.082000e+02 2.416107e+04
7.081000e+02 2.533107e+04
7.080000e+02 2.669173e+04
7.079000e+02 2.857163e+04
7.078000e+02 3.039197e+04
7.077000e+02 3.234240e+04
7.076000e+02 3.443967e+04
7.075000e+02 3.636933e+04
7.074000e+02 3.813367e+04
7.073000e+02 3.976033e+04
7.072000e+02 4.163033e+04
7.071000e+02 4.407833e+04
7.070000e+02 4.692367e+04
7.069000e+02 5.021800e+04
7.068000e+02 5.320933e+04
7.067000e+02 5.485033e+04
7.066000e+02 5.413000e+04
7.065000e+02 5.024800e+04
7.064000e+02 4.361400e+04
7.063000e+02 3.516700e+04
7.062000e+02 2.672047e+04
7.061000e+02 1.951670e+04
7.060000e+02 1.424440e+04
7.059000e+02 1.065797e+04
7.058000e+02 8.352367e+03
7.057000e+02 6.853267e+03
7.056000e+02 5.783200e+03
7.055000e+02 5.015800e+03
7.054000e+02 4.427133e+03
7.053000e+02 4.015733e+03
7.052000e+02 3.682033e+03
7.051000e+02 3.439767e+03
7.050000e+02 3.221873e+03
7.049000e+02 3.029637e+03
7.048000e+02 2.864947e+03
7.047000e+02 2.695263e+03
7.046000e+02 2.541727e+03
7.045000e+02 2.435330e+03
7.044000e+02 2.375573e+03
7.043000e+02 2.308283e+03
7.042000e+02 2.216300e+03
7.041000e+02 2.158980e+03
7.040000e+02 2.074823e+03
7.039000e+02 2.022230e+03
7.038000e+02 1.995260e+03
7.037000e+02 1.950510e+03
7.036000e+02 1.896397e+03
7.035000e+02 1.834487e+03
7.034000e+02 1.782963e+03
7.033000e+02 1.774073e+03
7.032000e+02 1.732453e+03
7.031000e+02 1.703070e+03
7.030000e+02 1.713040e+03
7.029000e+02 1.655590e+03
7.028000e+02 1.656197e+03
7.027000e+02 1.633673e+03
7.026000e+02 1.603027e+03
7.025000e+02 1.603283e+03
7.024000e+02 1.578747e+03
7.023000e+02 1.570627e+03
7.022000e+02 1.547140e+03
7.021000e+02 1.516600e+03
7.020000e+02 1.508973e+03
7.019000e+02 1.495770e+03
7.018000e+02 1.474473e+03
7.017000e+02 1.463280e+03
7.016000e+02 1.446327e+03
7.015000e+02 1.456023e+03
7.014000e+02 1.425110e+03
7.013000e+02 1.394570e+03
7.012000e+02 1.405323e+03
7.011000e+02 1.385343e+03
7.010000e+02 1.396943e+03
7.009000e+02 1.398830e+03
7.008000e+02 1.394027e+03
7.007000e+02 1.381977e+03
7.006000e+02 1.369710e+03
7.005000e+02 1.353727e+03
7.004000e+02 1.336587e+03
7.003000e+02 1.331057e+03
7.002000e+02 1.352020e+03
7.001000e+02 1.330413e+03
7.000000e+02 1.317973e+03
