Ni2pCo2pFe2p FeO
8.900000e+02 9.094000e+03
8.899000e+02 9.099900e+03
8.898000e+02 9.021167e+03
8.897000e+02 9.026633e+03
8.896000e+02 8.904500e+03
8.895000e+02 8.848033e+03
8.894000e+02 8.882633e+03
8.893000e+02 8.925733e+03
8.892000e+02 8.977400e+03
8.891000e+02 8.896533e+03
8.890000e+02 8.762767e+03
8.889000e+02 8.819233e+03
8.888000e+02 8.829900e+03
8.887000e+02 8.752733e+03
8.886000e+02 8.688600e+03
8.885000e+02 8.651133e+03
8.884000e+02 8.547667e+03
8.883000e+02 8.489267e+03
8.882000e+02 8.553133e+03
8.881000e+02 8.459667e+03
8.880000e+02 8.420233e+03
8.879000e+02 8.361533e+03
8.878000e+02 8.307733e+03
8.877000e+02 8.248067e+03
8.876000e+02 8.272233e+03
8.875000e+02 8.164900e+03
8.874000e+02 8.167833e+03
8.873000e+02 8.148433e+03
8.872000e+02 8.169600e+03
8.871000e+02 7.994467e+03
8.870000e+02 7.897733e+03
8.869000e+02 7.890833e+03
8.868000e+02 7.909133e+03
8.867000e+02 7.914167e+03
8.866000e+02 7.797100e+03
8.865000e+02 7.758300e+03
8.864000e+02 7.792667e+03
8.863000e+02 7.764900e+03
8.862000e+02 7.769000e+03
8.861000e+02 7.750267e+03
8.860000e+02 7.696667e+03
8.859000e+02 7.662600e+03
8.858000e+02 7.646733e+03
8.857000e+02 7.659300e+03
8.856000e+02 7.652667e+03
8.855000e+02 7.645033e+03
8.854000e+02 7.572833e+03
8.853000e+02 7.503267e+03
8.852000e+02 7.430333e+03
8.851000e+02 7.554733e+03
8.850000e+02 7.556167e+03
8.849000e+02 7.520100e+03
8.848000e+02 7.480900e+03
8.847000e+02 7.475000e+03
8.846000e+02 7.440100e+03
8.845000e+02 7.425167e+03
8.844000e+02 7.500800e+03
8.843000e+02 7.529900e+03
8.842000e+02 7.485033e+03
8.841000e+02 7.454567e+03
8.840000e+02 7.441667e+03
8.839000e+02 7.395467e+03
8.838000e+02 7.457933e+03
8.837000e+02 7.456267e+03
8.836000e+02 7.429467e+03
8.835000e+02 7.390900e+03
8.834000e+02 7.418300e+03
8.833000e+02 7.402100e+03
8.832000e+02 7.468067e+03
8.831000e+02 7.396833e+03
8.830000e+02 7.397133e+03
8.829000e+02 7.364467e+03
8.828000e+02 7.375500e+03
8.827000e+02 7.391167e+03
8.826000e+02 7.360600e+03
8.825000e+02 7.412400e+03
8.824000e+02 7.398033e+03
8.823000e+02 7.445667e+03
8.822000e+02 7.375567e+03
8.821000e+02 7.352500e+03
8.820000e+02 7.333900e+03
8.819000e+02 7.347633e+03
8.818000e+02 7.333733e+03
8.817000e+02 7.292133e+03
8.816000e+02 7.371167e+03
8.815000e+02 7.384400e+03
8.814000e+02 7.351733e+03
8.813000e+02 7.363633e+03
8.812000e+02 7.359067e+03
8.811000e+02 7.406300e+03
8.810000e+02 7.371467e+03
8.809000e+02 7.315900e+03
8.808000e+02 7.424467e+03
8.807000e+02 7.355600e+03
8.806000e+02 7.343133e+03
8.805000e+02 7.393833e+03
8.804000e+02 7.351200e+03
8.803000e+02 7.399133e+03
8.802000e+02 7.367200e+03
8.801000e+02 7.455500e+03
8.800000e+02 7.378567e+03
8.799000e+02 7.345933e+03
8.798000e+02 7.354400e+03
8.797000e+02 7.343100e+03
8.796000e+02 7.381800e+03
8.795000e+02 7.377000e+03
8.794000e+02 7.404800e+03
8.793000e+02 7.376500e+03
8.792000e+02 7.315467e+03
8.791000e+02 7.336333e+03
8.790000e+02 7.340833e+03
8.789000e+02 7.354467e+03
8.788000e+02 7.373967e+03
8.787000e+02 7.310033e+03
8.786000e+02 7.394367e+03
8.785000e+02 7.363300e+03
8.784000e+02 7.325967e+03
8.783000e+02 7.309400e+03
8.782000e+02 7.254367e+03
8.781000e+02 7.353367e+03
8.780000e+02 7.354833e+03
8.779000e+02 7.307067e+03
8.778000e+02 7.323467e+03
8.777000e+02 7.376133e+03
8.776000e+02 7.368133e+03
8.775000e+02 7.295433e+03
8.774000e+02 7.269033e+03
8.773000e+02 7.210767e+03
8.772000e+02 7.254967e+03
8.771000e+02 7.304100e+03
8.770000e+02 7.310633e+03
8.769000e+02 7.368233e+03
8.768000e+02 7.402000e+03
8.767000e+02 7.360667e+03
8.766000e+02 7.303333e+03
8.765000e+02 7.342633e+03
8.764000e+02 7.338800e+03
8.763000e+02 7.295600e+03
8.762000e+02 7.244533e+03
8.761000e+02 7.356867e+03
8.760000e+02 7.255833e+03
8.759000e+02 7.303067e+03
8.758000e+02 7.256833e+03
8.757000e+02 7.272000e+03
8.756000e+02 7.284933e+03
8.755000e+02 7.236667e+03
8.754000e+02 7.169233e+03
8.753000e+02 7.184933e+03
8.752000e+02 7.246667e+03
8.751000e+02 7.254233e+03
8.750000e+02 7.228067e+03
8.749000e+02 7.221233e+03
8.748000e+02 7.173167e+03
8.747000e+02 7.189367e+03
8.746000e+02 7.200733e+03
8.745000e+02 7.183867e+03
8.744000e+02 7.177133e+03
8.743000e+02 7.214033e+03
8.742000e+02 7.224533e+03
8.741000e+02 7.222633e+03
8.740000e+02 7.178833e+03
8.739000e+02 7.177767e+03
8.738000e+02 7.229000e+03
8.737000e+02 7.192800e+03
8.736000e+02 7.194800e+03
8.735000e+02 7.241033e+03
8.734000e+02 7.173900e+03
8.733000e+02 7.111433e+03
8.732000e+02 7.092433e+03
8.731000e+02 7.167833e+03
8.730000e+02 7.233033e+03
8.729000e+02 7.134467e+03
8.728000e+02 7.111333e+03
8.727000e+02 7.085633e+03
8.726000e+02 7.084800e+03
8.725000e+02 7.109767e+03
8.724000e+02 7.147733e+03
8.723000e+02 7.118833e+03
8.722000e+02 7.125000e+03
8.721000e+02 7.076467e+03
8.720000e+02 7.102633e+03
8.719000e+02 7.191567e+03
8.718000e+02 7.096600e+03
8.717000e+02 7.016733e+03
8.716000e+02 7.088533e+03
8.715000e+02 7.076700e+03
8.714000e+02 7.065800e+03
8.713000e+02 7.080433e+03
8.712000e+02 7.045367e+03
8.711000e+02 7.064033e+03
8.710000e+02 7.072333e+03
8.709000e+02 7.111267e+03
8.708000e+02 7.121167e+03
8.707000e+02 7.061533e+03
8.706000e+02 7.096500e+03
8.705000e+02 7.156600e+03
8.704000e+02 7.111867e+03
8.703000e+02 7.042667e+03
8.702000e+02 7.078400e+03
8.701000e+02 7.100900e+03
8.700000e+02 7.100733e+03
8.699000e+02 7.141800e+03
8.698000e+02 7.181900e+03
8.697000e+02 7.145533e+03
8.696000e+02 7.114367e+03
8.695000e+02 7.018600e+03
8.694000e+02 7.034300e+03
8.693000e+02 7.131567e+03
8.692000e+02 7.081000e+03
8.691000e+02 7.056533e+03
8.690000e+02 7.146467e+03
8.689000e+02 7.210033e+03
8.688000e+02 7.174567e+03
8.687000e+02 7.131833e+03
8.686000e+02 7.117200e+03
8.685000e+02 7.148300e+03
8.684000e+02 7.179267e+03
8.683000e+02 7.110967e+03
8.682000e+02 7.128500e+03
8.681000e+02 7.133800e+03
8.680000e+02 7.094400e+03
8.679000e+02 7.145033e+03
8.678000e+02 7.104033e+03
8.677000e+02 7.117667e+03
8.676000e+02 7.210667e+03
8.675000e+02 7.145567e+03
8.674000e+02 7.084200e+03
8.673000e+02 7.139600e+03
8.672000e+02 7.205933e+03
8.671000e+02 7.127167e+03
8.670000e+02 7.146033e+03
8.669000e+02 7.122200e+03
8.668000e+02 7.169767e+03
8.667000e+02 7.224967e+03
8.666000e+02 7.100033e+03
8.665000e+02 7.147200e+03
8.664000e+02 7.207033e+03
8.663000e+02 7.267567e+03
8.662000e+02 7.224600e+03
8.661000e+02 7.126933e+03
8.660000e+02 7.233733e+03
8.659000e+02 7.254667e+03
8.658000e+02 7.195200e+03
8.657000e+02 7.210133e+03
8.656000e+02 7.256767e+03
8.655000e+02 7.237567e+03
8.654000e+02 7.205933e+03
8.653000e+02 7.254000e+03
8.652000e+02 7.254467e+03
8.651000e+02 7.230167e+03
8.650000e+02 7.222633e+03
8.649000e+02 7.253967e+03
8.648000e+02 7.222333e+03
8.647000e+02 7.340300e+03
8.646000e+02 7.242833e+03
8.645000e+02 7.227667e+03
8.644000e+02 7.243400e+03
8.643000e+02 7.317333e+03
8.642000e+02 7.290133e+03
8.641000e+02 7.281033e+03
8.640000e+02 7.346133e+03
8.639000e+02 7.269733e+03
8.638000e+02 7.257700e+03
8.637000e+02 7.242500e+03
8.636000e+02 7.328267e+03
8.635000e+02 7.265567e+03
8.634000e+02 7.281800e+03
8.633000e+02 7.316400e+03
8.632000e+02 7.359167e+03
8.631000e+02 7.301567e+03
8.630000e+02 7.310067e+03
8.629000e+02 7.328633e+03
8.628000e+02 7.325233e+03
8.627000e+02 7.299333e+03
8.626000e+02 7.332700e+03
8.625000e+02 7.403633e+03
8.624000e+02 7.328567e+03
8.623000e+02 7.394233e+03
8.622000e+02 7.367267e+03
8.621000e+02 7.380200e+03
8.620000e+02 7.336633e+03
8.619000e+02 7.407167e+03
8.618000e+02 7.436900e+03
8.617000e+02 7.432733e+03
8.616000e+02 7.358933e+03
8.615000e+02 7.346967e+03
8.614000e+02 7.422767e+03
8.613000e+02 7.435033e+03
8.612000e+02 7.447300e+03
8.611000e+02 7.450767e+03
8.610000e+02 7.508467e+03
8.609000e+02 7.485400e+03
8.608000e+02 7.488000e+03
8.607000e+02 7.533700e+03
8.606000e+02 7.460600e+03
8.605000e+02 7.506733e+03
8.604000e+02 7.446067e+03
8.603000e+02 7.458200e+03
8.602000e+02 7.460533e+03
8.601000e+02 7.559067e+03
8.600000e+02 7.613767e+03
8.599000e+02 7.627167e+03
8.598000e+02 7.610433e+03
8.597000e+02 7.568033e+03
8.596000e+02 7.634700e+03
8.595000e+02 7.554333e+03
8.594000e+02 7.626200e+03
8.593000e+02 7.623767e+03
8.592000e+02 7.637133e+03
8.591000e+02 7.659500e+03
8.590000e+02 7.708200e+03
8.589000e+02 7.661667e+03
8.588000e+02 7.696133e+03
8.587000e+02 7.729500e+03
8.586000e+02 7.659733e+03
8.585000e+02 7.696100e+03
8.584000e+02 7.735400e+03
8.583000e+02 7.733067e+03
8.582000e+02 7.734233e+03
8.581000e+02 7.670067e+03
8.580000e+02 7.790467e+03
8.579000e+02 7.742400e+03
8.578000e+02 7.767500e+03
8.577000e+02 7.779533e+03
8.576000e+02 7.766400e+03
8.575000e+02 7.798333e+03
8.574000e+02 7.755200e+03
8.573000e+02 7.806533e+03
8.572000e+02 7.812600e+03
8.571000e+02 7.883133e+03
8.570000e+02 7.912267e+03
8.569000e+02 7.948900e+03
8.568000e+02 7.959267e+03
8.567000e+02 7.884267e+03
8.566000e+02 7.877733e+03
8.565000e+02 7.858600e+03
8.564000e+02 7.926600e+03
8.563000e+02 7.938233e+03
8.562000e+02 8.065167e+03
8.561000e+02 7.965500e+03
8.560000e+02 8.002433e+03
8.559000e+02 8.054233e+03
8.558000e+02 8.032667e+03
8.557000e+02 8.025100e+03
8.556000e+02 8.103667e+03
8.555000e+02 8.088400e+03
8.554000e+02 8.010300e+03
8.553000e+02 8.048367e+03
8.552000e+02 8.070933e+03
8.551000e+02 8.088167e+03
8.550000e+02 8.159600e+03
8.549000e+02 8.118433e+03
8.548000e+02 8.180433e+03
8.547000e+02 8.187633e+03
8.546000e+02 8.081267e+03
8.545000e+02 8.129833e+03
8.544000e+02 8.130300e+03
8.543000e+02 8.158000e+03
8.542000e+02 8.133300e+03
8.541000e+02 8.154067e+03
8.540000e+02 8.179767e+03
8.539000e+02 8.194933e+03
8.538000e+02 8.207233e+03
8.537000e+02 8.184667e+03
8.536000e+02 8.295167e+03
8.535000e+02 8.267500e+03
8.534000e+02 8.268000e+03
8.533000e+02 8.338967e+03
8.532000e+02 8.295033e+03
8.531000e+02 8.347867e+03
8.530000e+02 8.365067e+03
8.529000e+02 8.282067e+03
8.528000e+02 8.253433e+03
8.527000e+02 8.337067e+03
8.526000e+02 8.363633e+03
8.525000e+02 8.382933e+03
8.524000e+02 8.384567e+03
8.523000e+02 8.430733e+03
8.522000e+02 8.411767e+03
8.521000e+02 8.453933e+03
8.520000e+02 8.471167e+03
8.519000e+02 8.474700e+03
8.518000e+02 8.507000e+03
8.517000e+02 8.517433e+03
8.516000e+02 8.513500e+03
8.515000e+02 8.511333e+03
8.514000e+02 8.532100e+03
8.513000e+02 8.490667e+03
8.512000e+02 8.540767e+03
8.511000e+02 8.550867e+03
8.510000e+02 8.631067e+03
8.509000e+02 8.631967e+03
8.508000e+02 8.527567e+03
8.507000e+02 8.510700e+03
8.506000e+02 8.631000e+03
8.505000e+02 8.700733e+03
8.504000e+02 8.650767e+03
8.503000e+02 8.587933e+03
8.502000e+02 8.606200e+03
8.501000e+02 8.693200e+03
8.500000e+02 8.729433e+03
8.499000e+02 8.681433e+03
8.498000e+02 8.699067e+03
8.497000e+02 8.709733e+03
8.496000e+02 8.741533e+03
8.495000e+02 8.864700e+03
8.494000e+02 8.717967e+03
8.493000e+02 8.719600e+03
8.492000e+02 8.801500e+03
8.491000e+02 8.761133e+03
8.490000e+02 8.691967e+03
8.489000e+02 8.795633e+03
8.488000e+02 8.784500e+03
8.487000e+02 8.893633e+03
8.486000e+02 8.902467e+03
8.485000e+02 8.776033e+03
8.484000e+02 8.758767e+03
8.483000e+02 8.796367e+03
8.482000e+02 8.877633e+03
8.481000e+02 8.798733e+03
8.480000e+02 8.821600e+03
8.479000e+02 8.927167e+03
8.478000e+02 8.900733e+03
8.477000e+02 8.965800e+03
8.476000e+02 8.954867e+03
8.475000e+02 8.893733e+03
8.474000e+02 8.939400e+03
8.473000e+02 8.867733e+03
8.472000e+02 8.964100e+03
8.471000e+02 9.015900e+03
8.470000e+02 9.001533e+03
8.469000e+02 8.975767e+03
8.468000e+02 8.896800e+03
8.467000e+02 8.952767e+03
8.466000e+02 8.894433e+03
8.465000e+02 8.970500e+03
8.464000e+02 8.988367e+03
8.463000e+02 8.978467e+03
8.462000e+02 8.993200e+03
8.461000e+02 8.938300e+03
8.460000e+02 8.967100e+03
8.459000e+02 8.962667e+03
8.458000e+02 8.924500e+03
8.457000e+02 8.997667e+03
8.456000e+02 8.963967e+03
8.455000e+02 8.968433e+03
8.454000e+02 9.020067e+03
8.453000e+02 8.896367e+03
8.452000e+02 9.001367e+03
8.451000e+02 9.056833e+03
8.450000e+02 8.959633e+03
8.449000e+02 8.908167e+03
8.448000e+02 8.924300e+03
8.447000e+02 8.876433e+03
8.446000e+02 8.981267e+03
8.445000e+02 8.911000e+03
8.444000e+02 8.858500e+03
8.443000e+02 8.808933e+03
8.442000e+02 8.852567e+03
8.441000e+02 8.891267e+03
8.440000e+02 8.856367e+03
8.439000e+02 8.851333e+03
8.438000e+02 8.938200e+03
8.437000e+02 8.898500e+03
8.436000e+02 8.875067e+03
8.435000e+02 8.839200e+03
8.434000e+02 8.771667e+03
8.433000e+02 8.742067e+03
8.432000e+02 8.765733e+03
8.431000e+02 8.791133e+03
8.430000e+02 8.805200e+03
8.429000e+02 8.752133e+03
8.428000e+02 8.677600e+03
8.427000e+02 8.689800e+03
8.426000e+02 8.694533e+03
8.425000e+02 8.637433e+03
8.424000e+02 8.646900e+03
8.423000e+02 8.679800e+03
8.422000e+02 8.576567e+03
8.421000e+02 8.630067e+03
8.420000e+02 8.593667e+03
8.419000e+02 8.585133e+03
8.418000e+02 8.637933e+03
8.417000e+02 8.611900e+03
8.416000e+02 8.611267e+03
8.415000e+02 8.625267e+03
8.414000e+02 8.532900e+03
8.413000e+02 8.524567e+03
8.412000e+02 8.532067e+03
8.411000e+02 8.463900e+03
8.410000e+02 8.433567e+03
8.409000e+02 8.381033e+03
8.408000e+02 8.398533e+03
8.407000e+02 8.410200e+03
8.406000e+02 8.388267e+03
8.405000e+02 8.432033e+03
8.404000e+02 8.296867e+03
8.403000e+02 8.274200e+03
8.402000e+02 8.268267e+03
8.401000e+02 8.308400e+03
8.400000e+02 8.363167e+03
8.399000e+02 8.185767e+03
8.398000e+02 8.174700e+03
8.397000e+02 8.153933e+03
8.396000e+02 8.185500e+03
8.395000e+02 8.155600e+03
8.394000e+02 8.136667e+03
8.393000e+02 8.086200e+03
8.392000e+02 8.123233e+03
8.391000e+02 8.111333e+03
8.390000e+02 8.091433e+03
8.389000e+02 8.064800e+03
8.388000e+02 7.996800e+03
8.387000e+02 8.025367e+03
8.386000e+02 7.975633e+03
8.385000e+02 7.964533e+03
8.384000e+02 7.999233e+03
8.383000e+02 7.940500e+03
8.382000e+02 7.914333e+03
8.381000e+02 7.912867e+03
8.380000e+02 7.971000e+03
8.379000e+02 7.936967e+03
8.378000e+02 7.893267e+03
8.377000e+02 7.976733e+03
8.376000e+02 7.898333e+03
8.375000e+02 7.913267e+03
8.374000e+02 7.884333e+03
8.373000e+02 7.851933e+03
8.372000e+02 7.856367e+03
8.371000e+02 7.859600e+03
8.370000e+02 7.797867e+03
8.369000e+02 7.778167e+03
8.368000e+02 7.765933e+03
8.367000e+02 7.807600e+03
8.366000e+02 7.756533e+03
8.365000e+02 7.798033e+03
8.364000e+02 7.805667e+03
8.363000e+02 7.721700e+03
8.362000e+02 7.699267e+03
8.361000e+02 7.724500e+03
8.360000e+02 7.712667e+03
8.359000e+02 7.719400e+03
8.358000e+02 7.706167e+03
8.357000e+02 7.679667e+03
8.356000e+02 7.609167e+03
8.355000e+02 7.568000e+03
8.354000e+02 7.595867e+03
8.353000e+02 7.516333e+03
8.352000e+02 7.528300e+03
8.351000e+02 7.545733e+03
8.350000e+02 7.475000e+03
8.349000e+02 7.404633e+03
8.348000e+02 7.420267e+03
8.347000e+02 7.350667e+03
8.346000e+02 7.275133e+03
8.345000e+02 7.252633e+03
8.344000e+02 7.217200e+03
8.343000e+02 7.129433e+03
8.342000e+02 7.069700e+03
8.341000e+02 7.027733e+03
8.340000e+02 6.950233e+03
8.339000e+02 6.944800e+03
8.338000e+02 6.895667e+03
8.337000e+02 6.802567e+03
8.336000e+02 6.756833e+03
8.335000e+02 6.725800e+03
8.334000e+02 6.661900e+03
8.333000e+02 6.598867e+03
8.332000e+02 6.522600e+03
8.331000e+02 6.484700e+03
8.330000e+02 6.473133e+03
8.329000e+02 6.400433e+03
8.328000e+02 6.339267e+03
8.327000e+02 6.329067e+03
8.326000e+02 6.264867e+03
8.325000e+02 6.220333e+03
8.324000e+02 6.118700e+03
8.323000e+02 6.140200e+03
8.322000e+02 6.091033e+03
8.321000e+02 6.103067e+03
8.320000e+02 6.060633e+03
8.319000e+02 5.996767e+03
8.318000e+02 5.959633e+03
8.317000e+02 5.946833e+03
8.316000e+02 5.946800e+03
8.315000e+02 5.920100e+03
8.314000e+02 5.916200e+03
8.313000e+02 5.900300e+03
8.312000e+02 5.833300e+03
8.311000e+02 5.831833e+03
8.310000e+02 5.808467e+03
8.309000e+02 5.778400e+03
8.308000e+02 5.761633e+03
8.307000e+02 5.776000e+03
8.306000e+02 5.732300e+03
8.305000e+02 5.722767e+03
8.304000e+02 5.764800e+03
8.303000e+02 5.713433e+03
8.302000e+02 5.709967e+03
8.301000e+02 5.704533e+03
8.300000e+02 5.681600e+03
8.299000e+02 5.690200e+03
8.298000e+02 5.640233e+03
8.297000e+02 5.671367e+03
8.296000e+02 5.646067e+03
8.295000e+02 5.667733e+03
8.294000e+02 5.687800e+03
8.293000e+02 5.665933e+03
8.292000e+02 5.651500e+03
8.291000e+02 5.593967e+03
8.290000e+02 5.589433e+03
8.289000e+02 5.566400e+03
8.288000e+02 5.617633e+03
8.287000e+02 5.616833e+03
8.286000e+02 5.594567e+03
8.285000e+02 5.598367e+03
8.284000e+02 5.592700e+03
8.283000e+02 5.623867e+03
8.282000e+02 5.614833e+03
8.281000e+02 5.592300e+03
8.280000e+02 5.573033e+03
8.279000e+02 5.564033e+03
8.278000e+02 5.555900e+03
8.277000e+02 5.606100e+03
8.276000e+02 5.590800e+03
8.275000e+02 5.516800e+03
8.274000e+02 5.530267e+03
8.273000e+02 5.544033e+03
8.272000e+02 5.530400e+03
8.271000e+02 5.515700e+03
8.270000e+02 5.510900e+03
8.269000e+02 5.542100e+03
8.268000e+02 5.514433e+03
8.267000e+02 5.528367e+03
8.266000e+02 5.491300e+03
8.265000e+02 5.478667e+03
8.264000e+02 5.483533e+03
8.263000e+02 5.494833e+03
8.262000e+02 5.471967e+03
8.261000e+02 5.484133e+03
8.260000e+02 5.508100e+03
8.259000e+02 5.484700e+03
8.258000e+02 5.496067e+03
8.257000e+02 5.489100e+03
8.256000e+02 5.523133e+03
8.255000e+02 5.511067e+03
8.254000e+02 5.486767e+03
8.253000e+02 5.505800e+03
8.252000e+02 5.500100e+03
8.251000e+02 5.454800e+03
8.250000e+02 5.434467e+03
8.249000e+02 5.441300e+03
8.248000e+02 5.447433e+03
8.247000e+02 5.431267e+03
8.246000e+02 5.459467e+03
8.245000e+02 5.433500e+03
8.244000e+02 5.440633e+03
8.243000e+02 5.430467e+03
8.242000e+02 5.432033e+03
8.241000e+02 5.413533e+03
8.240000e+02 5.396833e+03
8.239000e+02 5.396767e+03
8.238000e+02 5.410200e+03
8.237000e+02 5.389633e+03
8.236000e+02 5.437600e+03
8.235000e+02 5.395500e+03
8.234000e+02 5.395200e+03
8.233000e+02 5.377133e+03
8.232000e+02 5.372633e+03
8.231000e+02 5.355833e+03
8.230000e+02 5.375167e+03
8.229000e+02 5.336367e+03
8.228000e+02 5.334933e+03
8.227000e+02 5.368433e+03
8.226000e+02 5.361700e+03
8.225000e+02 5.362833e+03
8.224000e+02 5.355833e+03
8.223000e+02 5.352733e+03
8.222000e+02 5.314567e+03
8.221000e+02 5.340167e+03
8.220000e+02 5.303567e+03
8.219000e+02 5.298733e+03
8.218000e+02 5.330567e+03
8.217000e+02 5.303967e+03
8.216000e+02 5.299767e+03
8.215000e+02 5.244867e+03
8.214000e+02 5.266933e+03
8.213000e+02 5.273467e+03
8.212000e+02 5.265800e+03
8.211000e+02 5.290533e+03
8.210000e+02 5.217767e+03
8.209000e+02 5.242633e+03
8.208000e+02 5.245567e+03
8.207000e+02 5.258567e+03
8.206000e+02 5.248433e+03
8.205000e+02 5.241667e+03
8.204000e+02 5.227300e+03
8.203000e+02 5.269200e+03
8.202000e+02 5.212833e+03
8.201000e+02 5.237433e+03
8.200000e+02 5.242333e+03
8.199000e+02 5.227233e+03
8.198000e+02 5.231533e+03
8.197000e+02 5.236200e+03
8.196000e+02 5.232900e+03
8.195000e+02 5.209933e+03
8.194000e+02 5.211633e+03
8.193000e+02 5.206000e+03
8.192000e+02 5.143300e+03
8.191000e+02 5.206833e+03
8.190000e+02 5.227867e+03
8.189000e+02 5.229933e+03
8.188000e+02 5.231233e+03
8.187000e+02 5.209867e+03
8.186000e+02 5.183233e+03
8.185000e+02 5.186267e+03
8.184000e+02 5.229233e+03
8.183000e+02 5.193300e+03
8.182000e+02 5.171967e+03
8.181000e+02 5.170467e+03
8.180000e+02 5.209467e+03
8.179000e+02 5.198633e+03
8.178000e+02 5.228000e+03
8.177000e+02 5.199333e+03
8.176000e+02 5.211700e+03
8.175000e+02 5.253567e+03
8.174000e+02 5.233633e+03
8.173000e+02 5.193333e+03
8.172000e+02 5.176767e+03
8.171000e+02 5.188400e+03
8.170000e+02 5.219833e+03
8.169000e+02 5.213767e+03
8.168000e+02 5.171667e+03
8.167000e+02 5.204033e+03
8.166000e+02 5.227300e+03
8.165000e+02 5.230167e+03
8.164000e+02 5.224767e+03
8.163000e+02 5.175433e+03
8.162000e+02 5.189967e+03
8.161000e+02 5.212867e+03
8.160000e+02 5.177700e+03
8.159000e+02 5.215133e+03
8.158000e+02 5.228367e+03
8.157000e+02 5.219733e+03
8.156000e+02 5.211000e+03
8.155000e+02 5.230100e+03
8.154000e+02 5.254000e+03
8.153000e+02 5.241433e+03
8.152000e+02 5.215833e+03
8.151000e+02 5.204800e+03
8.150000e+02 5.234033e+03
8.149000e+02 5.216133e+03
8.148000e+02 5.234967e+03
8.147000e+02 5.265533e+03
8.146000e+02 5.242267e+03
8.145000e+02 5.250833e+03
8.144000e+02 5.225233e+03
8.143000e+02 5.277533e+03
8.142000e+02 5.261167e+03
8.141000e+02 5.210267e+03
8.140000e+02 5.213200e+03
8.139000e+02 5.251433e+03
8.138000e+02 5.257133e+03
8.137000e+02 5.260367e+03
8.136000e+02 5.196233e+03
8.135000e+02 5.205767e+03
8.134000e+02 5.244400e+03
8.133000e+02 5.246200e+03
8.132000e+02 5.270300e+03
8.131000e+02 5.239600e+03
8.130000e+02 5.242200e+03
8.129000e+02 5.231800e+03
8.128000e+02 5.267900e+03
8.127000e+02 5.264200e+03
8.126000e+02 5.283167e+03
8.125000e+02 5.256367e+03
8.124000e+02 5.264733e+03
8.123000e+02 5.302300e+03
8.122000e+02 5.249667e+03
8.121000e+02 5.273367e+03
8.120000e+02 5.256100e+03
8.119000e+02 5.255600e+03
8.118000e+02 5.259700e+03
8.117000e+02 5.287233e+03
8.116000e+02 5.285100e+03
8.115000e+02 5.294000e+03
8.114000e+02 5.269033e+03
8.113000e+02 5.227533e+03
8.112000e+02 5.261700e+03
8.111000e+02 5.272067e+03
8.110000e+02 5.295833e+03
8.109000e+02 5.280267e+03
8.108000e+02 5.288600e+03
8.107000e+02 5.309767e+03
8.106000e+02 5.275333e+03
8.105000e+02 5.327867e+03
8.104000e+02 5.303033e+03
8.103000e+02 5.306033e+03
8.102000e+02 5.308833e+03
8.101000e+02 5.289433e+03
8.100000e+02 5.317800e+03
8.099000e+02 5.323233e+03
8.098000e+02 5.304833e+03
8.097000e+02 5.284633e+03
8.096000e+02 5.307300e+03
8.095000e+02 5.304133e+03
8.094000e+02 5.337100e+03
8.093000e+02 5.339267e+03
8.092000e+02 5.339967e+03
8.091000e+02 5.302033e+03
8.090000e+02 5.315433e+03
8.089000e+02 5.308967e+03
8.088000e+02 5.306700e+03
8.087000e+02 5.331133e+03
8.086000e+02 5.322833e+03
8.085000e+02 5.317500e+03
8.084000e+02 5.325467e+03
8.083000e+02 5.325200e+03
8.082000e+02 5.334800e+03
8.081000e+02 5.347767e+03
8.080000e+02 5.348300e+03
8.079000e+02 5.337100e+03
8.078000e+02 5.308067e+03
8.077000e+02 5.296467e+03
8.076000e+02 5.325833e+03
8.075000e+02 5.324133e+03
8.074000e+02 5.381667e+03
8.073000e+02 5.368600e+03
8.072000e+02 5.330533e+03
8.071000e+02 5.344833e+03
8.070000e+02 5.375400e+03
8.069000e+02 5.380467e+03
8.068000e+02 5.359600e+03
8.067000e+02 5.363767e+03
8.066000e+02 5.363000e+03
8.065000e+02 5.369467e+03
8.064000e+02 5.406067e+03
8.063000e+02 5.354567e+03
8.062000e+02 5.323067e+03
8.061000e+02 5.324633e+03
8.060000e+02 5.372400e+03
8.059000e+02 5.405400e+03
8.058000e+02 5.378733e+03
8.057000e+02 5.379533e+03
8.056000e+02 5.396233e+03
8.055000e+02 5.363833e+03
8.054000e+02 5.357000e+03
8.053000e+02 5.357200e+03
8.052000e+02 5.363500e+03
8.051000e+02 5.370167e+03
8.050000e+02 5.373033e+03
8.049000e+02 5.404100e+03
8.048000e+02 5.357300e+03
8.047000e+02 5.411167e+03
8.046000e+02 5.397900e+03
8.045000e+02 5.387200e+03
8.044000e+02 5.397967e+03
8.043000e+02 5.381967e+03
8.042000e+02 5.413700e+03
8.041000e+02 5.420800e+03
8.040000e+02 5.397967e+03
8.039000e+02 5.404133e+03
8.038000e+02 5.360533e+03
8.037000e+02 5.401467e+03
8.036000e+02 5.397933e+03
8.035000e+02 5.416533e+03
8.034000e+02 5.384200e+03
8.033000e+02 5.400933e+03
8.032000e+02 5.424367e+03
8.031000e+02 5.368100e+03
8.030000e+02 5.391000e+03
8.029000e+02 5.405400e+03
8.028000e+02 5.399600e+03
8.027000e+02 5.445333e+03
8.026000e+02 5.415700e+03
8.025000e+02 5.426533e+03
8.024000e+02 5.417200e+03
8.023000e+02 5.410067e+03
8.022000e+02 5.401000e+03
8.021000e+02 5.334900e+03
8.020000e+02 5.373133e+03
8.019000e+02 5.392433e+03
8.018000e+02 5.385467e+03
8.017000e+02 5.385700e+03
8.016000e+02 5.407233e+03
8.015000e+02 5.411000e+03
8.014000e+02 5.390500e+03
8.013000e+02 5.414767e+03
8.012000e+02 5.391267e+03
8.011000e+02 5.406133e+03
8.010000e+02 5.437767e+03
8.009000e+02 5.417667e+03
8.008000e+02 5.405133e+03
8.007000e+02 5.446600e+03
8.006000e+02 5.417067e+03
8.005000e+02 5.400200e+03
8.004000e+02 5.445500e+03
8.003000e+02 5.413267e+03
8.002000e+02 5.480300e+03
8.001000e+02 5.454967e+03
8.000000e+02 5.428000e+03
7.999000e+02 5.389767e+03
7.998000e+02 5.418500e+03
7.997000e+02 5.431833e+03
7.996000e+02 5.434800e+03
7.995000e+02 5.411400e+03
7.994000e+02 5.414400e+03
7.993000e+02 5.401767e+03
7.992000e+02 5.415833e+03
7.991000e+02 5.431833e+03
7.990000e+02 5.435933e+03
7.989000e+02 5.434833e+03
7.988000e+02 5.431967e+03
7.987000e+02 5.455800e+03
7.986000e+02 5.436000e+03
7.985000e+02 5.456367e+03
7.984000e+02 5.395267e+03
7.983000e+02 5.427067e+03
7.982000e+02 5.430500e+03
7.981000e+02 5.425167e+03
7.980000e+02 5.439133e+03
7.979000e+02 5.471333e+03
7.978000e+02 5.459400e+03
7.977000e+02 5.466000e+03
7.976000e+02 5.463267e+03
7.975000e+02 5.471867e+03
7.974000e+02 5.469000e+03
7.973000e+02 5.487200e+03
7.972000e+02 5.481300e+03
7.971000e+02 5.504800e+03
7.970000e+02 5.476500e+03
7.969000e+02 5.470033e+03
7.968000e+02 5.506767e+03
7.967000e+02 5.515633e+03
7.966000e+02 5.484867e+03
7.965000e+02 5.489533e+03
7.964000e+02 5.532733e+03
7.963000e+02 5.547000e+03
7.962000e+02 5.569533e+03
7.961000e+02 5.524400e+03
7.960000e+02 5.539333e+03
7.959000e+02 5.508833e+03
7.958000e+02 5.546867e+03
7.957000e+02 5.542300e+03
7.956000e+02 5.556767e+03
7.955000e+02 5.572733e+03
7.954000e+02 5.587100e+03
7.953000e+02 5.558367e+03
7.952000e+02 5.536933e+03
7.951000e+02 5.573200e+03
7.950000e+02 5.571200e+03
7.949000e+02 5.657200e+03
7.948000e+02 5.647200e+03
7.947000e+02 5.620300e+03
7.946000e+02 5.637100e+03
7.945000e+02 5.652900e+03
7.944000e+02 5.674533e+03
7.943000e+02 5.681133e+03
7.942000e+02 5.636333e+03
7.941000e+02 5.670467e+03
7.940000e+02 5.694667e+03
7.939000e+02 5.683767e+03
7.938000e+02 5.728900e+03
7.937000e+02 5.746600e+03
7.936000e+02 5.741867e+03
7.935000e+02 5.761900e+03
7.934000e+02 5.757300e+03
7.933000e+02 5.792133e+03
7.932000e+02 5.827400e+03
7.931000e+02 5.824700e+03
7.930000e+02 5.860833e+03
7.929000e+02 5.847600e+03
7.928000e+02 5.883467e+03
7.927000e+02 5.908367e+03
7.926000e+02 5.890200e+03
7.925000e+02 5.918200e+03
7.924000e+02 5.982100e+03
7.923000e+02 5.995333e+03
7.922000e+02 6.030833e+03
7.921000e+02 5.999100e+03
7.920000e+02 6.059067e+03
7.919000e+02 6.093367e+03
7.918000e+02 6.044467e+03
7.917000e+02 6.061600e+03
7.916000e+02 6.122900e+03
7.915000e+02 6.129433e+03
7.914000e+02 6.126333e+03
7.913000e+02 6.158633e+03
7.912000e+02 6.197533e+03
7.911000e+02 6.189233e+03
7.910000e+02 6.182233e+03
7.909000e+02 6.258200e+03
7.908000e+02 6.278200e+03
7.907000e+02 6.287333e+03
7.906000e+02 6.342267e+03
7.905000e+02 6.322567e+03
7.904000e+02 6.364233e+03
7.903000e+02 6.324733e+03
7.902000e+02 6.398533e+03
7.901000e+02 6.405433e+03
7.900000e+02 6.378433e+03
7.899000e+02 6.445033e+03
7.898000e+02 6.396767e+03
7.897000e+02 6.418333e+03
7.896000e+02 6.457867e+03
7.895000e+02 6.470100e+03
7.894000e+02 6.482800e+03
7.893000e+02 6.506767e+03
7.892000e+02 6.535233e+03
7.891000e+02 6.533300e+03
7.890000e+02 6.514133e+03
7.889000e+02 6.573700e+03
7.888000e+02 6.511900e+03
7.887000e+02 6.557400e+03
7.886000e+02 6.590000e+03
7.885000e+02 6.628233e+03
7.884000e+02 6.606267e+03
7.883000e+02 6.579233e+03
7.882000e+02 6.611233e+03
7.881000e+02 6.630933e+03
7.880000e+02 6.701533e+03
7.879000e+02 6.668633e+03
7.878000e+02 6.695267e+03
7.877000e+02 6.701733e+03
7.876000e+02 6.679667e+03
7.875000e+02 6.663433e+03
7.874000e+02 6.684767e+03
7.873000e+02 6.728700e+03
7.872000e+02 6.708100e+03
7.871000e+02 6.697067e+03
7.870000e+02 6.719567e+03
7.869000e+02 6.756433e+03
7.868000e+02 6.724667e+03
7.867000e+02 6.728267e+03
7.866000e+02 6.797367e+03
7.865000e+02 6.764267e+03
7.864000e+02 6.796400e+03
7.863000e+02 6.832433e+03
7.862000e+02 6.754600e+03
7.861000e+02 6.795833e+03
7.860000e+02 6.739233e+03
7.859000e+02 6.802367e+03
7.858000e+02 6.829300e+03
7.857000e+02 6.790100e+03
7.856000e+02 6.807500e+03
7.855000e+02 6.858200e+03
7.854000e+02 6.877933e+03
7.853000e+02 6.879633e+03
7.852000e+02 6.860767e+03
7.851000e+02 6.858400e+03
7.850000e+02 6.907733e+03
7.849000e+02 6.920667e+03
7.848000e+02 6.912867e+03
7.847000e+02 6.935200e+03
7.846000e+02 6.961200e+03
7.845000e+02 6.972133e+03
7.844000e+02 7.021933e+03
7.843000e+02 7.012900e+03
7.842000e+02 6.993033e+03
7.841000e+02 6.997933e+03
7.840000e+02 7.024867e+03
7.839000e+02 7.005767e+03
7.838000e+02 7.064167e+03
7.837000e+02 7.061033e+03
7.836000e+02 7.025767e+03
7.835000e+02 7.025300e+03
7.834000e+02 7.021033e+03
7.833000e+02 7.011700e+03
7.832000e+02 7.015633e+03
7.831000e+02 7.028833e+03
7.830000e+02 7.001633e+03
7.829000e+02 7.010367e+03
7.828000e+02 7.037000e+03
7.827000e+02 7.024733e+03
7.826000e+02 6.980967e+03
7.825000e+02 6.969400e+03
7.824000e+02 6.915233e+03
7.823000e+02 6.904700e+03
7.822000e+02 6.911400e+03
7.821000e+02 6.853167e+03
7.820000e+02 6.813800e+03
7.819000e+02 6.781133e+03
7.818000e+02 6.747800e+03
7.817000e+02 6.777600e+03
7.816000e+02 6.752733e+03
7.815000e+02 6.691800e+03
7.814000e+02 6.669333e+03
7.813000e+02 6.627067e+03
7.812000e+02 6.601567e+03
7.811000e+02 6.534533e+03
7.810000e+02 6.502433e+03
7.809000e+02 6.473367e+03
7.808000e+02 6.415333e+03
7.807000e+02 6.369033e+03
7.806000e+02 6.320933e+03
7.805000e+02 6.269733e+03
7.804000e+02 6.248267e+03
7.803000e+02 6.234200e+03
7.802000e+02 6.179767e+03
7.801000e+02 6.137333e+03
7.800000e+02 6.057567e+03
7.799000e+02 6.030400e+03
7.798000e+02 5.992000e+03
7.797000e+02 5.983800e+03
7.796000e+02 5.945333e+03
7.795000e+02 5.854467e+03
7.794000e+02 5.807533e+03
7.793000e+02 5.770333e+03
7.792000e+02 5.792967e+03
7.791000e+02 5.741500e+03
7.790000e+02 5.697733e+03
7.789000e+02 5.632133e+03
7.788000e+02 5.570200e+03
7.787000e+02 5.589933e+03
7.786000e+02 5.536333e+03
7.785000e+02 5.487300e+03
7.784000e+02 5.499367e+03
7.783000e+02 5.490200e+03
7.782000e+02 5.456233e+03
7.781000e+02 5.503233e+03
7.780000e+02 5.482233e+03
7.779000e+02 5.406833e+03
7.778000e+02 5.365533e+03
7.777000e+02 5.436667e+03
7.776000e+02 5.359733e+03
7.775000e+02 5.347667e+03
7.774000e+02 5.353000e+03
7.773000e+02 5.353700e+03
7.772000e+02 5.332333e+03
7.771000e+02 5.331400e+03
7.770000e+02 5.344667e+03
7.769000e+02 5.279633e+03
7.768000e+02 5.267600e+03
7.767000e+02 5.305233e+03
7.766000e+02 5.255267e+03
7.765000e+02 5.261767e+03
7.764000e+02 5.268367e+03
7.763000e+02 5.272833e+03
7.762000e+02 5.302967e+03
7.761000e+02 5.276733e+03
7.760000e+02 5.253500e+03
7.759000e+02 5.258300e+03
7.758000e+02 5.225233e+03
7.757000e+02 5.282133e+03
7.756000e+02 5.275233e+03
7.755000e+02 5.255400e+03
7.754000e+02 5.282967e+03
7.753000e+02 5.269733e+03
7.752000e+02 5.277833e+03
7.751000e+02 5.236133e+03
7.750000e+02 5.272467e+03
7.749000e+02 5.254000e+03
7.748000e+02 5.255500e+03
7.747000e+02 5.234000e+03
7.746000e+02 5.253933e+03
7.745000e+02 5.268400e+03
7.744000e+02 5.293567e+03
7.743000e+02 5.272367e+03
7.742000e+02 5.304400e+03
7.741000e+02 5.242033e+03
7.740000e+02 5.283767e+03
7.739000e+02 5.314933e+03
7.738000e+02 5.293733e+03
7.737000e+02 5.320533e+03
7.736000e+02 5.307633e+03
7.735000e+02 5.309433e+03
7.734000e+02 5.311867e+03
7.733000e+02 5.302033e+03
7.732000e+02 5.290200e+03
7.731000e+02 5.334667e+03
7.730000e+02 5.351900e+03
7.729000e+02 5.310067e+03
7.728000e+02 5.282300e+03
7.727000e+02 5.369500e+03
7.726000e+02 5.326167e+03
7.725000e+02 5.313100e+03
7.724000e+02 5.326867e+03
7.723000e+02 5.340300e+03
7.722000e+02 5.340533e+03
7.721000e+02 5.371967e+03
7.720000e+02 5.383167e+03
7.719000e+02 5.337733e+03
7.718000e+02 5.348400e+03
7.717000e+02 5.366833e+03
7.716000e+02 5.361433e+03
7.715000e+02 5.403133e+03
7.714000e+02 5.348900e+03
7.713000e+02 5.367267e+03
7.712000e+02 5.410667e+03
7.711000e+02 5.375633e+03
7.710000e+02 5.414967e+03
7.709000e+02 5.379300e+03
7.708000e+02 5.370267e+03
7.707000e+02 5.320800e+03
7.706000e+02 5.342733e+03
7.705000e+02 5.341400e+03
7.704000e+02 5.361667e+03
7.703000e+02 5.408700e+03
7.702000e+02 5.389867e+03
7.701000e+02 5.379600e+03
7.700000e+02 5.322667e+03
7.699000e+02 5.367867e+03
7.698000e+02 5.330400e+03
7.697000e+02 5.348000e+03
7.696000e+02 5.334233e+03
7.695000e+02 5.323533e+03
7.694000e+02 5.309400e+03
7.693000e+02 5.300600e+03
7.692000e+02 5.305967e+03
7.691000e+02 5.319833e+03
7.690000e+02 5.303667e+03
7.689000e+02 5.283767e+03
7.688000e+02 5.238467e+03
7.687000e+02 5.256400e+03
7.686000e+02 5.254400e+03
7.685000e+02 5.225967e+03
7.684000e+02 5.268667e+03
7.683000e+02 5.240467e+03
7.682000e+02 5.199933e+03
7.681000e+02 5.203833e+03
7.680000e+02 5.203633e+03
7.679000e+02 5.144733e+03
7.678000e+02 5.081767e+03
7.677000e+02 5.145300e+03
7.676000e+02 5.119267e+03
7.675000e+02 5.138533e+03
7.674000e+02 5.118133e+03
7.673000e+02 5.138933e+03
7.672000e+02 5.107233e+03
7.671000e+02 5.073867e+03
7.670000e+02 5.046500e+03
7.669000e+02 5.048033e+03
7.668000e+02 5.057267e+03
7.667000e+02 5.039067e+03
7.666000e+02 5.022733e+03
7.665000e+02 5.001533e+03
7.664000e+02 4.982767e+03
7.663000e+02 5.003967e+03
7.662000e+02 5.005833e+03
7.661000e+02 5.002400e+03
7.660000e+02 4.997133e+03
7.659000e+02 4.937767e+03
7.658000e+02 4.934433e+03
7.657000e+02 4.957533e+03
7.656000e+02 4.962800e+03
7.655000e+02 4.954967e+03
7.654000e+02 4.883667e+03
7.653000e+02 4.914867e+03
7.652000e+02 4.923900e+03
7.651000e+02 4.919167e+03
7.650000e+02 4.909133e+03
7.649000e+02 4.924200e+03
7.648000e+02 4.917467e+03
7.647000e+02 4.906367e+03
7.646000e+02 4.903867e+03
7.645000e+02 4.904367e+03
7.644000e+02 4.914567e+03
7.643000e+02 4.895567e+03
7.642000e+02 4.902833e+03
7.641000e+02 4.881167e+03
7.640000e+02 4.865000e+03
7.639000e+02 4.899100e+03
7.638000e+02 4.893233e+03
7.637000e+02 4.911533e+03
7.636000e+02 4.901400e+03
7.635000e+02 4.922233e+03
7.634000e+02 4.898233e+03
7.633000e+02 4.860700e+03
7.632000e+02 4.919733e+03
7.631000e+02 4.895067e+03
7.630000e+02 4.885367e+03
7.629000e+02 4.874033e+03
7.628000e+02 4.905300e+03
7.627000e+02 4.901367e+03
7.626000e+02 4.873133e+03
7.625000e+02 4.850600e+03
7.624000e+02 4.908867e+03
7.623000e+02 4.882833e+03
7.622000e+02 4.922700e+03
7.621000e+02 4.906067e+03
7.620000e+02 4.901100e+03
7.619000e+02 4.899867e+03
7.618000e+02 4.938867e+03
7.617000e+02 4.857300e+03
7.616000e+02 4.896133e+03
7.615000e+02 4.896700e+03
7.614000e+02 4.847467e+03
7.613000e+02 4.886633e+03
7.612000e+02 4.925733e+03
7.611000e+02 4.949200e+03
7.610000e+02 4.937333e+03
7.609000e+02 4.975800e+03
7.608000e+02 4.925867e+03
7.607000e+02 4.926200e+03
7.606000e+02 4.956667e+03
7.605000e+02 4.964667e+03
7.604000e+02 4.920733e+03
7.603000e+02 4.875067e+03
7.602000e+02 4.919267e+03
7.601000e+02 4.966133e+03
7.600000e+02 4.972567e+03
7.599000e+02 4.946567e+03
7.598000e+02 4.978600e+03
7.597000e+02 4.944233e+03
7.596000e+02 4.962833e+03
7.595000e+02 4.984900e+03
7.594000e+02 4.917867e+03
7.593000e+02 4.966800e+03
7.592000e+02 4.971300e+03
7.591000e+02 4.959067e+03
7.590000e+02 5.008500e+03
7.589000e+02 4.991133e+03
7.588000e+02 4.998033e+03
7.587000e+02 5.036467e+03
7.586000e+02 5.011567e+03
7.585000e+02 5.040533e+03
7.584000e+02 5.007933e+03
7.583000e+02 5.019633e+03
7.582000e+02 5.033867e+03
7.581000e+02 5.030967e+03
7.580000e+02 5.039067e+03
7.579000e+02 5.044500e+03
7.578000e+02 5.017100e+03
7.577000e+02 5.038733e+03
7.576000e+02 5.041533e+03
7.575000e+02 5.046533e+03
7.574000e+02 5.048133e+03
7.573000e+02 5.054300e+03
7.572000e+02 5.098500e+03
7.571000e+02 5.074400e+03
7.570000e+02 5.035767e+03
7.569000e+02 5.047333e+03
7.568000e+02 5.051700e+03
7.567000e+02 5.060367e+03
7.566000e+02 5.039133e+03
7.565000e+02 5.081500e+03
7.564000e+02 5.053067e+03
7.563000e+02 5.056900e+03
7.562000e+02 5.073633e+03
7.561000e+02 5.048767e+03
7.560000e+02 5.079767e+03
7.559000e+02 5.082833e+03
7.558000e+02 5.084233e+03
7.557000e+02 5.108467e+03
7.556000e+02 5.086833e+03
7.555000e+02 5.113500e+03
7.554000e+02 5.124333e+03
7.553000e+02 5.100300e+03
7.552000e+02 5.108100e+03
7.551000e+02 5.140833e+03
7.550000e+02 5.125400e+03
7.549000e+02 5.123067e+03
7.548000e+02 5.110033e+03
7.547000e+02 5.122133e+03
7.546000e+02 5.143467e+03
7.545000e+02 5.149733e+03
7.544000e+02 5.141167e+03
7.543000e+02 5.125300e+03
7.542000e+02 5.144467e+03
7.541000e+02 5.145933e+03
7.540000e+02 5.115167e+03
7.539000e+02 5.126800e+03
7.538000e+02 5.163767e+03
7.537000e+02 5.176867e+03
7.536000e+02 5.188500e+03
7.535000e+02 5.145767e+03
7.534000e+02 5.159333e+03
7.533000e+02 5.164500e+03
7.532000e+02 5.199633e+03
7.531000e+02 5.207500e+03
7.530000e+02 5.180900e+03
7.529000e+02 5.185433e+03
7.528000e+02 5.242867e+03
7.527000e+02 5.179500e+03
7.526000e+02 5.188567e+03
7.525000e+02 5.171600e+03
7.524000e+02 5.223167e+03
7.523000e+02 5.217733e+03
7.522000e+02 5.193300e+03
7.521000e+02 5.178567e+03
7.520000e+02 5.231567e+03
7.519000e+02 5.241533e+03
7.518000e+02 5.233733e+03
7.517000e+02 5.231667e+03
7.516000e+02 5.209900e+03
7.515000e+02 5.214633e+03
7.514000e+02 5.193933e+03
7.513000e+02 5.218033e+03
7.512000e+02 5.234100e+03
7.511000e+02 5.255133e+03
7.510000e+02 5.274100e+03
7.509000e+02 5.270600e+03
7.508000e+02 5.296100e+03
7.507000e+02 5.283167e+03
7.506000e+02 5.253600e+03
7.505000e+02 5.294833e+03
7.504000e+02 5.274800e+03
7.503000e+02 5.272633e+03
7.502000e+02 5.239833e+03
7.501000e+02 5.281233e+03
7.500000e+02 5.300100e+03
7.499000e+02 5.310267e+03
7.498000e+02 5.311433e+03
7.497000e+02 5.315067e+03
7.496000e+02 5.315933e+03
7.495000e+02 5.325133e+03
7.494000e+02 5.321700e+03
7.493000e+02 5.323267e+03
7.492000e+02 5.352767e+03
7.491000e+02 5.348367e+03
7.490000e+02 5.358900e+03
7.489000e+02 5.332000e+03
7.488000e+02 5.327500e+03
7.487000e+02 5.349433e+03
7.486000e+02 5.409200e+03
7.485000e+02 5.393867e+03
7.484000e+02 5.373300e+03
7.483000e+02 5.325167e+03
7.482000e+02 5.385733e+03
7.481000e+02 5.425067e+03
7.480000e+02 5.419300e+03
7.479000e+02 5.379467e+03
7.478000e+02 5.412300e+03
7.477000e+02 5.421833e+03
7.476000e+02 5.417067e+03
7.475000e+02 5.402133e+03
7.474000e+02 5.416533e+03
7.473000e+02 5.399133e+03
7.472000e+02 5.418733e+03
7.471000e+02 5.460500e+03
7.470000e+02 5.453767e+03
7.469000e+02 5.472667e+03
7.468000e+02 5.455700e+03
7.467000e+02 5.437467e+03
7.466000e+02 5.433700e+03
7.465000e+02 5.419933e+03
7.464000e+02 5.491700e+03
7.463000e+02 5.477833e+03
7.462000e+02 5.461667e+03
7.461000e+02 5.490967e+03
7.460000e+02 5.487433e+03
7.459000e+02 5.529767e+03
7.458000e+02 5.508733e+03
7.457000e+02 5.489167e+03
7.456000e+02 5.504400e+03
7.455000e+02 5.512633e+03
7.454000e+02 5.534267e+03
7.453000e+02 5.532233e+03
7.452000e+02 5.543033e+03
7.451000e+02 5.560467e+03
7.450000e+02 5.536600e+03
7.449000e+02 5.560467e+03
7.448000e+02 5.562667e+03
7.447000e+02 5.542567e+03
7.446000e+02 5.530467e+03
7.445000e+02 5.601700e+03
7.444000e+02 5.580367e+03
7.443000e+02 5.563867e+03
7.442000e+02 5.546467e+03
7.441000e+02 5.549600e+03
7.440000e+02 5.608367e+03
7.439000e+02 5.581800e+03
7.438000e+02 5.576867e+03
7.437000e+02 5.540867e+03
7.436000e+02 5.539667e+03
7.435000e+02 5.577200e+03
7.434000e+02 5.578900e+03
7.433000e+02 5.567967e+03
7.432000e+02 5.604733e+03
7.431000e+02 5.550400e+03
7.430000e+02 5.539467e+03
7.429000e+02 5.546733e+03
7.428000e+02 5.540433e+03
7.427000e+02 5.498867e+03
7.426000e+02 5.524933e+03
7.425000e+02 5.530167e+03
7.424000e+02 5.500833e+03
7.423000e+02 5.518267e+03
7.422000e+02 5.506400e+03
7.421000e+02 5.509767e+03
7.420000e+02 5.510533e+03
7.419000e+02 5.494300e+03
7.418000e+02 5.467467e+03
7.417000e+02 5.461467e+03
7.416000e+02 5.484200e+03
7.415000e+02 5.449933e+03
7.414000e+02 5.472567e+03
7.413000e+02 5.464800e+03
7.412000e+02 5.443533e+03
7.411000e+02 5.460533e+03
7.410000e+02 5.410033e+03
7.409000e+02 5.457833e+03
7.408000e+02 5.439900e+03
7.407000e+02 5.425600e+03
7.406000e+02 5.423800e+03
7.405000e+02 5.373200e+03
7.404000e+02 5.417033e+03
7.403000e+02 5.417800e+03
7.402000e+02 5.432633e+03
7.401000e+02 5.358767e+03
7.400000e+02 5.433200e+03
7.399000e+02 5.422033e+03
7.398000e+02 5.451467e+03
7.397000e+02 5.470867e+03
7.396000e+02 5.430267e+03
7.395000e+02 5.441267e+03
7.394000e+02 5.456767e+03
7.393000e+02 5.456900e+03
7.392000e+02 5.434500e+03
7.391000e+02 5.454733e+03
7.390000e+02 5.462133e+03
7.389000e+02 5.414100e+03
7.388000e+02 5.431067e+03
7.387000e+02 5.405733e+03
7.386000e+02 5.467133e+03
7.385000e+02 5.462700e+03
7.384000e+02 5.472533e+03
7.383000e+02 5.464300e+03
7.382000e+02 5.479467e+03
7.381000e+02 5.488033e+03
7.380000e+02 5.472767e+03
7.379000e+02 5.461900e+03
7.378000e+02 5.474400e+03
7.377000e+02 5.511133e+03
7.376000e+02 5.474867e+03
7.375000e+02 5.440000e+03
7.374000e+02 5.467633e+03
7.373000e+02 5.481433e+03
7.372000e+02 5.492167e+03
7.371000e+02 5.503133e+03
7.370000e+02 5.557867e+03
7.369000e+02 5.552633e+03
7.368000e+02 5.557367e+03
7.367000e+02 5.589267e+03
7.366000e+02 5.563833e+03
7.365000e+02 5.542533e+03
7.364000e+02 5.604633e+03
7.363000e+02 5.581833e+03
7.362000e+02 5.608100e+03
7.361000e+02 5.628467e+03
7.360000e+02 5.611100e+03
7.359000e+02 5.644833e+03
7.358000e+02 5.677467e+03
7.357000e+02 5.682033e+03
7.356000e+02 5.684033e+03
7.355000e+02 5.695800e+03
7.354000e+02 5.756400e+03
7.353000e+02 5.705167e+03
7.352000e+02 5.745600e+03
7.351000e+02 5.783400e+03
7.350000e+02 5.761367e+03
7.349000e+02 5.823500e+03
7.348000e+02 5.881033e+03
7.347000e+02 5.831300e+03
7.346000e+02 5.855633e+03
7.345000e+02 5.884433e+03
7.344000e+02 5.932800e+03
7.343000e+02 5.964633e+03
7.342000e+02 5.953933e+03
7.341000e+02 5.958567e+03
7.340000e+02 6.025167e+03
7.339000e+02 6.033967e+03
7.338000e+02 6.072967e+03
7.337000e+02 6.071767e+03
7.336000e+02 6.081333e+03
7.335000e+02 6.111967e+03
7.334000e+02 6.123567e+03
7.333000e+02 6.174567e+03
7.332000e+02 6.201400e+03
7.331000e+02 6.256767e+03
7.330000e+02 6.247667e+03
7.329000e+02 6.302300e+03
7.328000e+02 6.317267e+03
7.327000e+02 6.373567e+03
7.326000e+02 6.361500e+03
7.325000e+02 6.445833e+03
7.324000e+02 6.472433e+03
7.323000e+02 6.495600e+03
7.322000e+02 6.540533e+03
7.321000e+02 6.570067e+03
7.320000e+02 6.595167e+03
7.319000e+02 6.646767e+03
7.318000e+02 6.675567e+03
7.317000e+02 6.727300e+03
7.316000e+02 6.698733e+03
7.315000e+02 6.743600e+03
7.314000e+02 6.816300e+03
7.313000e+02 6.872133e+03
7.312000e+02 6.916800e+03
7.311000e+02 6.947133e+03
7.310000e+02 6.946167e+03
7.309000e+02 7.033133e+03
7.308000e+02 7.056633e+03
7.307000e+02 7.070667e+03
7.306000e+02 7.125933e+03
7.305000e+02 7.139433e+03
7.304000e+02 7.155433e+03
7.303000e+02 7.160033e+03
7.302000e+02 7.259767e+03
7.301000e+02 7.268300e+03
7.300000e+02 7.274167e+03
7.299000e+02 7.274400e+03
7.298000e+02 7.282233e+03
7.297000e+02 7.332867e+03
7.296000e+02 7.302833e+03
7.295000e+02 7.292667e+03
7.294000e+02 7.283233e+03
7.293000e+02 7.320867e+03
7.292000e+02 7.296100e+03
7.291000e+02 7.317233e+03
7.290000e+02 7.298367e+03
7.289000e+02 7.275467e+03
7.288000e+02 7.222900e+03
7.287000e+02 7.181800e+03
7.286000e+02 7.222067e+03
7.285000e+02 7.180667e+03
7.284000e+02 7.202700e+03
7.283000e+02 7.193667e+03
7.282000e+02 7.100467e+03
7.281000e+02 7.132100e+03
7.280000e+02 7.105533e+03
7.279000e+02 7.060667e+03
7.278000e+02 7.051000e+03
7.277000e+02 7.083600e+03
7.276000e+02 7.050133e+03
7.275000e+02 7.091300e+03
7.274000e+02 7.052400e+03
7.273000e+02 7.074833e+03
7.272000e+02 7.076767e+03
7.271000e+02 7.101400e+03
7.270000e+02 7.128967e+03
7.269000e+02 7.104633e+03
7.268000e+02 7.061333e+03
7.267000e+02 7.155233e+03
7.266000e+02 7.251067e+03
7.265000e+02 7.212667e+03
7.264000e+02 7.252633e+03
7.263000e+02 7.339400e+03
7.262000e+02 7.370600e+03
7.261000e+02 7.427033e+03
7.260000e+02 7.508633e+03
7.259000e+02 7.568400e+03
7.258000e+02 7.596900e+03
7.257000e+02 7.631300e+03
7.256000e+02 7.686067e+03
7.255000e+02 7.749200e+03
7.254000e+02 7.875100e+03
7.253000e+02 7.982067e+03
7.252000e+02 8.052067e+03
7.251000e+02 8.156133e+03
7.250000e+02 8.273367e+03
7.249000e+02 8.333800e+03
7.248000e+02 8.451467e+03
7.247000e+02 8.570167e+03
7.246000e+02 8.699567e+03
7.245000e+02 8.783900e+03
7.244000e+02 8.893100e+03
7.243000e+02 8.981567e+03
7.242000e+02 9.052200e+03
7.241000e+02 9.175067e+03
7.240000e+02 9.243433e+03
7.239000e+02 9.258633e+03
7.238000e+02 9.357333e+03
7.237000e+02 9.374100e+03
7.236000e+02 9.415233e+03
7.235000e+02 9.462433e+03
7.234000e+02 9.482500e+03
7.233000e+02 9.518400e+03
7.232000e+02 9.530067e+03
7.231000e+02 9.497367e+03
7.230000e+02 9.514867e+03
7.229000e+02 9.530500e+03
7.228000e+02 9.489900e+03
7.227000e+02 9.385500e+03
7.226000e+02 9.218967e+03
7.225000e+02 9.217600e+03
7.224000e+02 9.131200e+03
7.223000e+02 8.909700e+03
7.222000e+02 8.811100e+03
7.221000e+02 8.690567e+03
7.220000e+02 8.537967e+03
7.219000e+02 8.377133e+03
7.218000e+02 8.247367e+03
7.217000e+02 8.051867e+03
7.216000e+02 7.857367e+03
7.215000e+02 7.738733e+03
7.214000e+02 7.568567e+03
7.213000e+02 7.417200e+03
7.212000e+02 7.255167e+03
7.211000e+02 7.096233e+03
7.210000e+02 6.982733e+03
7.209000e+02 6.850933e+03
7.208000e+02 6.737033e+03
7.207000e+02 6.621833e+03
7.206000e+02 6.554967e+03
7.205000e+02 6.428933e+03
7.204000e+02 6.330333e+03
7.203000e+02 6.227433e+03
7.202000e+02 6.145533e+03
7.201000e+02 6.081633e+03
7.200000e+02 6.064667e+03
7.199000e+02 6.035133e+03
7.198000e+02 6.008267e+03
7.197000e+02 5.953267e+03
7.196000e+02 5.917067e+03
7.195000e+02 5.879100e+03
7.194000e+02 5.887267e+03
7.193000e+02 5.905033e+03
7.192000e+02 5.853633e+03
7.191000e+02 5.841033e+03
7.190000e+02 5.845467e+03
7.189000e+02 5.896967e+03
7.188000e+02 5.857400e+03
7.187000e+02 5.931133e+03
7.186000e+02 5.967400e+03
7.185000e+02 5.998500e+03
7.184000e+02 6.042533e+03
7.183000e+02 6.076300e+03
7.182000e+02 6.133600e+03
7.181000e+02 6.141300e+03
7.180000e+02 6.266533e+03
7.179000e+02 6.251533e+03
7.178000e+02 6.303700e+03
7.177000e+02 6.334733e+03
7.176000e+02 6.452733e+03
7.175000e+02 6.528500e+03
7.174000e+02 6.563967e+03
7.173000e+02 6.636633e+03
7.172000e+02 6.684967e+03
7.171000e+02 6.767200e+03
7.170000e+02 6.826867e+03
7.169000e+02 6.882267e+03
7.168000e+02 6.890833e+03
7.167000e+02 6.961933e+03
7.166000e+02 7.002967e+03
7.165000e+02 7.010300e+03
7.164000e+02 7.074567e+03
7.163000e+02 7.162033e+03
7.162000e+02 7.139567e+03
7.161000e+02 7.163900e+03
7.160000e+02 7.215767e+03
7.159000e+02 7.292933e+03
7.158000e+02 7.317800e+03
7.157000e+02 7.341400e+03
7.156000e+02 7.361467e+03
7.155000e+02 7.355633e+03
7.154000e+02 7.352700e+03
7.153000e+02 7.325200e+03
7.152000e+02 7.290267e+03
7.151000e+02 7.239533e+03
7.150000e+02 7.296133e+03
7.149000e+02 7.339200e+03
7.148000e+02 7.308467e+03
7.147000e+02 7.314833e+03
7.146000e+02 7.310767e+03
7.145000e+02 7.285500e+03
7.144000e+02 7.246967e+03
7.143000e+02 7.345333e+03
7.142000e+02 7.364400e+03
7.141000e+02 7.296700e+03
7.140000e+02 7.353000e+03
7.139000e+02 7.442233e+03
7.138000e+02 7.413467e+03
7.137000e+02 7.485800e+03
7.136000e+02 7.585300e+03
7.135000e+02 7.625267e+03
7.134000e+02 7.731867e+03
7.133000e+02 7.772567e+03
7.132000e+02 7.868067e+03
7.131000e+02 7.949633e+03
7.130000e+02 8.062333e+03
7.129000e+02 8.134100e+03
7.128000e+02 8.194167e+03
7.127000e+02 8.295400e+03
7.126000e+02 8.453767e+03
7.125000e+02 8.565467e+03
7.124000e+02 8.707800e+03
7.123000e+02 8.794900e+03
7.122000e+02 8.926767e+03
7.121000e+02 9.092133e+03
7.120000e+02 9.291033e+03
7.119000e+02 9.441500e+03
7.118000e+02 9.556567e+03
7.117000e+02 9.726967e+03
7.116000e+02 9.829300e+03
7.115000e+02 9.998233e+03
7.114000e+02 1.018347e+04
7.113000e+02 1.035733e+04
7.112000e+02 1.045843e+04
7.111000e+02 1.059550e+04
7.110000e+02 1.082720e+04
7.109000e+02 1.097580e+04
7.108000e+02 1.112977e+04
7.107000e+02 1.124980e+04
7.106000e+02 1.129630e+04
7.105000e+02 1.139847e+04
7.104000e+02 1.153010e+04
7.103000e+02 1.159510e+04
7.102000e+02 1.177590e+04
7.101000e+02 1.174320e+04
7.100000e+02 1.187427e+04
7.099000e+02 1.190757e+04
7.098000e+02 1.186317e+04
7.097000e+02 1.185277e+04
7.096000e+02 1.179930e+04
7.095000e+02 1.170563e+04
7.094000e+02 1.158597e+04
7.093000e+02 1.143113e+04
7.092000e+02 1.126853e+04
7.091000e+02 1.105740e+04
7.090000e+02 1.074357e+04
7.089000e+02 1.051907e+04
7.088000e+02 1.015110e+04
7.087000e+02 9.747067e+03
7.086000e+02 9.327167e+03
7.085000e+02 8.841500e+03
7.084000e+02 8.379233e+03
7.083000e+02 7.895933e+03
7.082000e+02 7.381733e+03
7.081000e+02 6.849567e+03
7.080000e+02 6.354033e+03
7.079000e+02 5.855867e+03
7.078000e+02 5.376733e+03
7.077000e+02 4.900867e+03
7.076000e+02 4.485233e+03
7.075000e+02 4.109433e+03
7.074000e+02 3.754533e+03
7.073000e+02 3.454667e+03
7.072000e+02 3.147060e+03
7.071000e+02 2.923623e+03
7.070000e+02 2.739520e+03
7.069000e+02 2.542327e+03
7.068000e+02 2.389443e+03
7.067000e+02 2.250733e+03
7.066000e+02 2.093800e+03
7.065000e+02 2.003283e+03
7.064000e+02 1.901480e+03
7.063000e+02 1.804613e+03
7.062000e+02 1.717370e+03
7.061000e+02 1.634533e+03
7.060000e+02 1.585710e+03
7.059000e+02 1.534727e+03
7.058000e+02 1.475253e+03
7.057000e+02 1.436563e+03
7.056000e+02 1.396220e+03
7.055000e+02 1.385537e+03
7.054000e+02 1.388670e+03
7.053000e+02 1.357207e+03
7.052000e+02 1.335617e+03
7.051000e+02 1.358270e+03
7.050000e+02 1.343453e+03
7.049000e+02 1.331017e+03
7.048000e+02 1.337247e+03
7.047000e+02 1.288963e+03
7.046000e+02 1.282390e+03
7.045000e+02 1.281817e+03
7.044000e+02 1.265970e+03
7.043000e+02 1.272590e+03
7.042000e+02 1.262723e+03
7.041000e+02 1.248427e+03
7.040000e+02 1.226387e+03
7.039000e+02 1.237600e+03
7.038000e+02 1.195540e+03
7.037000e+02 1.218107e+03
7.036000e+02 1.226200e+03
7.035000e+02 1.230413e+03
7.034000e+02 1.226950e+03
7.033000e+02 1.221287e+03
7.032000e+02 1.219477e+03
7.031000e+02 1.220350e+03
7.030000e+02 1.224870e+03
7.029000e+02 1.199443e+03
7.028000e+02 1.216927e+03
7.027000e+02 1.211490e+03
7.026000e+02 1.200683e+03
7.025000e+02 1.199090e+03
7.024000e+02 1.193630e+03
7.023000e+02 1.193803e+03
7.022000e+02 1.193800e+03
7.021000e+02 1.202350e+03
7.020000e+02 1.201400e+03
7.019000e+02 1.204373e+03
7.018000e+02 1.211340e+03
7.017000e+02 1.202807e+03
7.016000e+02 1.202230e+03
7.015000e+02 1.191297e+03
7.014000e+02 1.183653e+03
7.013000e+02 1.164483e+03
7.012000e+02 1.171193e+03
7.011000e+02 1.173367e+03
7.010000e+02 1.166213e+03
7.009000e+02 1.184770e+03
7.008000e+02 1.177843e+03
7.007000e+02 1.181163e+03
7.006000e+02 1.176617e+03
7.005000e+02 1.171887e+03
7.004000e+02 1.167597e+03
7.003000e+02 1.170680e+03
7.002000e+02 1.187717e+03
7.001000e+02 1.167620e+03
7.000000e+02 1.181857e+03
