Ni2pCo2pFe2p Ni metal
8.900000e+02 2.564830e+04
8.899000e+02 2.569990e+04
8.898000e+02 2.591363e+04
8.897000e+02 2.589027e+04
8.896000e+02 2.597720e+04
8.895000e+02 2.601690e+04
8.894000e+02 2.598303e+04
8.893000e+02 2.593357e+04
8.892000e+02 2.575420e+04
8.891000e+02 2.603007e+04
8.890000e+02 2.606893e+04
8.889000e+02 2.603230e+04
8.888000e+02 2.601100e+04
8.887000e+02 2.608510e+04
8.886000e+02 2.620883e+04
8.885000e+02 2.602580e+04
8.884000e+02 2.605497e+04
8.883000e+02 2.612207e+04
8.882000e+02 2.605020e+04
8.881000e+02 2.600320e+04
8.880000e+02 2.620340e+04
8.879000e+02 2.632607e+04
8.878000e+02 2.621157e+04
8.877000e+02 2.630277e+04
8.876000e+02 2.624273e+04
8.875000e+02 2.626610e+04
8.874000e+02 2.641353e+04
8.873000e+02 2.634850e+04
8.872000e+02 2.650473e+04
8.871000e+02 2.647547e+04
8.870000e+02 2.625620e+04
8.869000e+02 2.634190e+04
8.868000e+02 2.637847e+04
8.867000e+02 2.649307e+04
8.866000e+02 2.627643e+04
8.865000e+02 2.646677e+04
8.864000e+02 2.651293e+04
8.863000e+02 2.653060e+04
8.862000e+02 2.654320e+04
8.861000e+02 2.655643e+04
8.860000e+02 2.639447e+04
8.859000e+02 2.662523e+04
8.858000e+02 2.671580e+04
8.857000e+02 2.680520e+04
8.856000e+02 2.677827e+04
8.855000e+02 2.664890e+04
8.854000e+02 2.655800e+04
8.853000e+02 2.660833e+04
8.852000e+02 2.684507e+04
8.851000e+02 2.685257e+04
8.850000e+02 2.669987e+04
8.849000e+02 2.669247e+04
8.848000e+02 2.672367e+04
8.847000e+02 2.690790e+04
8.846000e+02 2.687570e+04
8.845000e+02 2.692937e+04
8.844000e+02 2.685407e+04
8.843000e+02 2.687553e+04
8.842000e+02 2.689667e+04
8.841000e+02 2.695190e+04
8.840000e+02 2.694437e+04
8.839000e+02 2.696560e+04
8.838000e+02 2.702600e+04
8.837000e+02 2.704080e+04
8.836000e+02 2.707980e+04
8.835000e+02 2.696357e+04
8.834000e+02 2.694017e+04
8.833000e+02 2.702710e+04
8.832000e+02 2.705637e+04
8.831000e+02 2.695617e+04
8.830000e+02 2.710050e+04
8.829000e+02 2.725167e+04
8.828000e+02 2.727833e+04
8.827000e+02 2.726650e+04
8.826000e+02 2.720713e+04
8.825000e+02 2.722030e+04
8.824000e+02 2.737063e+04
8.823000e+02 2.742937e+04
8.822000e+02 2.740813e+04
8.821000e+02 2.740700e+04
8.820000e+02 2.746580e+04
8.819000e+02 2.731680e+04
8.818000e+02 2.733813e+04
8.817000e+02 2.713550e+04
8.816000e+02 2.733333e+04
8.815000e+02 2.720140e+04
8.814000e+02 2.722250e+04
8.813000e+02 2.725800e+04
8.812000e+02 2.727560e+04
8.811000e+02 2.714167e+04
8.810000e+02 2.707610e+04
8.809000e+02 2.718840e+04
8.808000e+02 2.718587e+04
8.807000e+02 2.728420e+04
8.806000e+02 2.715973e+04
8.805000e+02 2.710620e+04
8.804000e+02 2.706287e+04
8.803000e+02 2.698410e+04
8.802000e+02 2.708590e+04
8.801000e+02 2.714263e+04
8.800000e+02 2.710860e+04
8.799000e+02 2.733693e+04
8.798000e+02 2.723637e+04
8.797000e+02 2.734417e+04
8.796000e+02 2.716203e+04
8.795000e+02 2.737920e+04
8.794000e+02 2.731483e+04
8.793000e+02 2.724010e+04
8.792000e+02 2.743053e+04
8.791000e+02 2.744397e+04
8.790000e+02 2.743673e+04
8.789000e+02 2.749020e+04
8.788000e+02 2.771843e+04
8.787000e+02 2.764763e+04
8.786000e+02 2.747880e+04
8.785000e+02 2.765027e+04
8.784000e+02 2.787560e+04
8.783000e+02 2.787223e+04
8.782000e+02 2.797050e+04
8.781000e+02 2.801583e+04
8.780000e+02 2.808067e+04
8.779000e+02 2.806207e+04
8.778000e+02 2.820837e+04
8.777000e+02 2.830887e+04
8.776000e+02 2.838330e+04
8.775000e+02 2.844863e+04
8.774000e+02 2.855057e+04
8.773000e+02 2.879557e+04
8.772000e+02 2.869310e+04
8.771000e+02 2.887797e+04
8.770000e+02 2.895763e+04
8.769000e+02 2.905977e+04
8.768000e+02 2.906113e+04
8.767000e+02 2.949613e+04
8.766000e+02 2.931353e+04
8.765000e+02 2.949810e+04
8.764000e+02 2.985653e+04
8.763000e+02 2.991277e+04
8.762000e+02 2.990173e+04
8.761000e+02 3.004423e+04
8.760000e+02 3.031937e+04
8.759000e+02 3.020403e+04
8.758000e+02 3.040010e+04
8.757000e+02 3.047327e+04
8.756000e+02 3.076630e+04
8.755000e+02 3.083403e+04
8.754000e+02 3.120473e+04
8.753000e+02 3.143143e+04
8.752000e+02 3.143390e+04
8.751000e+02 3.139640e+04
8.750000e+02 3.148890e+04
8.749000e+02 3.174693e+04
8.748000e+02 3.185483e+04
8.747000e+02 3.191487e+04
8.746000e+02 3.186550e+04
8.745000e+02 3.215950e+04
8.744000e+02 3.226380e+04
8.743000e+02 3.199297e+04
8.742000e+02 3.187247e+04
8.741000e+02 3.197477e+04
8.740000e+02 3.196767e+04
8.739000e+02 3.178700e+04
8.738000e+02 3.188417e+04
8.737000e+02 3.176783e+04
8.736000e+02 3.154520e+04
8.735000e+02 3.165940e+04
8.734000e+02 3.170183e+04
8.733000e+02 3.157170e+04
8.732000e+02 3.164453e+04
8.731000e+02 3.166210e+04
8.730000e+02 3.149160e+04
8.729000e+02 3.153480e+04
8.728000e+02 3.150850e+04
8.727000e+02 3.165220e+04
8.726000e+02 3.164427e+04
8.725000e+02 3.166360e+04
8.724000e+02 3.188087e+04
8.723000e+02 3.178920e+04
8.722000e+02 3.214827e+04
8.721000e+02 3.236603e+04
8.720000e+02 3.266430e+04
8.719000e+02 3.302080e+04
8.718000e+02 3.335967e+04
8.717000e+02 3.369333e+04
8.716000e+02 3.394800e+04
8.715000e+02 3.435767e+04
8.714000e+02 3.486200e+04
8.713000e+02 3.554467e+04
8.712000e+02 3.604300e+04
8.711000e+02 3.673133e+04
8.710000e+02 3.768833e+04
8.709000e+02 3.857733e+04
8.708000e+02 3.936367e+04
8.707000e+02 4.077133e+04
8.706000e+02 4.201500e+04
8.705000e+02 4.291100e+04
8.704000e+02 4.416233e+04
8.703000e+02 4.531900e+04
8.702000e+02 4.648933e+04
8.701000e+02 4.729100e+04
8.700000e+02 4.788133e+04
8.699000e+02 4.809033e+04
8.698000e+02 4.765167e+04
8.697000e+02 4.660533e+04
8.696000e+02 4.552367e+04
8.695000e+02 4.383867e+04
8.694000e+02 4.212133e+04
8.693000e+02 4.038567e+04
8.692000e+02 3.836667e+04
8.691000e+02 3.649733e+04
8.690000e+02 3.462700e+04
8.689000e+02 3.325973e+04
8.688000e+02 3.196813e+04
8.687000e+02 3.080903e+04
8.686000e+02 2.991303e+04
8.685000e+02 2.908320e+04
8.684000e+02 2.845160e+04
8.683000e+02 2.786617e+04
8.682000e+02 2.747677e+04
8.681000e+02 2.685617e+04
8.680000e+02 2.652180e+04
8.679000e+02 2.626953e+04
8.678000e+02 2.610890e+04
8.677000e+02 2.575190e+04
8.676000e+02 2.560623e+04
8.675000e+02 2.543193e+04
8.674000e+02 2.520883e+04
8.673000e+02 2.494873e+04
8.672000e+02 2.498223e+04
8.671000e+02 2.480093e+04
8.670000e+02 2.453093e+04
8.669000e+02 2.435767e+04
8.668000e+02 2.433730e+04
8.667000e+02 2.421793e+04
8.666000e+02 2.433233e+04
8.665000e+02 2.411537e+04
8.664000e+02 2.406790e+04
8.663000e+02 2.400113e+04
8.662000e+02 2.424850e+04
8.661000e+02 2.409227e+04
8.660000e+02 2.396617e+04
8.659000e+02 2.395563e+04
8.658000e+02 2.404950e+04
8.657000e+02 2.404247e+04
8.656000e+02 2.383520e+04
8.655000e+02 2.393630e+04
8.654000e+02 2.384590e+04
8.653000e+02 2.382397e+04
8.652000e+02 2.390730e+04
8.651000e+02 2.386720e+04
8.650000e+02 2.391557e+04
8.649000e+02 2.383730e+04
8.648000e+02 2.384353e+04
8.647000e+02 2.391773e+04
8.646000e+02 2.388103e+04
8.645000e+02 2.375347e+04
8.644000e+02 2.367160e+04
8.643000e+02 2.369257e+04
8.642000e+02 2.379017e+04
8.641000e+02 2.365667e+04
8.640000e+02 2.361530e+04
8.639000e+02 2.363793e+04
8.638000e+02 2.367723e+04
8.637000e+02 2.361757e+04
8.636000e+02 2.356177e+04
8.635000e+02 2.350563e+04
8.634000e+02 2.372373e+04
8.633000e+02 2.360017e+04
8.632000e+02 2.367557e+04
8.631000e+02 2.354633e+04
8.630000e+02 2.371777e+04
8.629000e+02 2.373590e+04
8.628000e+02 2.372470e+04
8.627000e+02 2.365187e+04
8.626000e+02 2.375623e+04
8.625000e+02 2.399013e+04
8.624000e+02 2.383280e+04
8.623000e+02 2.400210e+04
8.622000e+02 2.406550e+04
8.621000e+02 2.406727e+04
8.620000e+02 2.419873e+04
8.619000e+02 2.430210e+04
8.618000e+02 2.421407e+04
8.617000e+02 2.435980e+04
8.616000e+02 2.432077e+04
8.615000e+02 2.452897e+04
8.614000e+02 2.477147e+04
8.613000e+02 2.489177e+04
8.612000e+02 2.504083e+04
8.611000e+02 2.512023e+04
8.610000e+02 2.519783e+04
8.609000e+02 2.540617e+04
8.608000e+02 2.571020e+04
8.607000e+02 2.587390e+04
8.606000e+02 2.598963e+04
8.605000e+02 2.627227e+04
8.604000e+02 2.661673e+04
8.603000e+02 2.674500e+04
8.602000e+02 2.695980e+04
8.601000e+02 2.727523e+04
8.600000e+02 2.744967e+04
8.599000e+02 2.761453e+04
8.598000e+02 2.808807e+04
8.597000e+02 2.836263e+04
8.596000e+02 2.862373e+04
8.595000e+02 2.885187e+04
8.594000e+02 2.905417e+04
8.593000e+02 2.952207e+04
8.592000e+02 2.965817e+04
8.591000e+02 2.982073e+04
8.590000e+02 3.003460e+04
8.589000e+02 3.030407e+04
8.588000e+02 3.065210e+04
8.587000e+02 3.086573e+04
8.586000e+02 3.099287e+04
8.585000e+02 3.091027e+04
8.584000e+02 3.089180e+04
8.583000e+02 3.091223e+04
8.582000e+02 3.057387e+04
8.581000e+02 3.047477e+04
8.580000e+02 3.016923e+04
8.579000e+02 2.999783e+04
8.578000e+02 2.975340e+04
8.577000e+02 2.939860e+04
8.576000e+02 2.920220e+04
8.575000e+02 2.898013e+04
8.574000e+02 2.885167e+04
8.573000e+02 2.879430e+04
8.572000e+02 2.873077e+04
8.571000e+02 2.865017e+04
8.570000e+02 2.860727e+04
8.569000e+02 2.851150e+04
8.568000e+02 2.842863e+04
8.567000e+02 2.840563e+04
8.566000e+02 2.832887e+04
8.565000e+02 2.826520e+04
8.564000e+02 2.852237e+04
8.563000e+02 2.860683e+04
8.562000e+02 2.837477e+04
8.561000e+02 2.841327e+04
8.560000e+02 2.851130e+04
8.559000e+02 2.855093e+04
8.558000e+02 2.882553e+04
8.557000e+02 2.887433e+04
8.556000e+02 2.885337e+04
8.555000e+02 2.907657e+04
8.554000e+02 2.918800e+04
8.553000e+02 2.928530e+04
8.552000e+02 2.930593e+04
8.551000e+02 2.975533e+04
8.550000e+02 3.002607e+04
8.549000e+02 3.061767e+04
8.548000e+02 3.103550e+04
8.547000e+02 3.141803e+04
8.546000e+02 3.188927e+04
8.545000e+02 3.259843e+04
8.544000e+02 3.346333e+04
8.543000e+02 3.425067e+04
8.542000e+02 3.521367e+04
8.541000e+02 3.636100e+04
8.540000e+02 3.762167e+04
8.539000e+02 3.927167e+04
8.538000e+02 4.128733e+04
8.537000e+02 4.360267e+04
8.536000e+02 4.637133e+04
8.535000e+02 4.964867e+04
8.534000e+02 5.397867e+04
8.533000e+02 5.871600e+04
8.532000e+02 6.449800e+04
8.531000e+02 7.084333e+04
8.530000e+02 7.748233e+04
8.529000e+02 8.377333e+04
8.528000e+02 8.890000e+04
8.527000e+02 9.149933e+04
8.526000e+02 9.103200e+04
8.525000e+02 8.701667e+04
8.524000e+02 8.006767e+04
8.523000e+02 7.091933e+04
8.522000e+02 6.074633e+04
8.521000e+02 5.100033e+04
8.520000e+02 4.254000e+04
8.519000e+02 3.587700e+04
8.518000e+02 3.091603e+04
8.517000e+02 2.725827e+04
8.516000e+02 2.463103e+04
8.515000e+02 2.258197e+04
8.514000e+02 2.101833e+04
8.513000e+02 1.997123e+04
8.512000e+02 1.898180e+04
8.511000e+02 1.826357e+04
8.510000e+02 1.773587e+04
8.509000e+02 1.737227e+04
8.508000e+02 1.699133e+04
8.507000e+02 1.670827e+04
8.506000e+02 1.636763e+04
8.505000e+02 1.607583e+04
8.504000e+02 1.586767e+04
8.503000e+02 1.571833e+04
8.502000e+02 1.556040e+04
8.501000e+02 1.532630e+04
8.500000e+02 1.518500e+04
8.499000e+02 1.511927e+04
8.498000e+02 1.497610e+04
8.497000e+02 1.473817e+04
8.496000e+02 1.469147e+04
8.495000e+02 1.460483e+04
8.494000e+02 1.465593e+04
8.493000e+02 1.458330e+04
8.492000e+02 1.450870e+04
8.491000e+02 1.443143e+04
8.490000e+02 1.446263e+04
8.489000e+02 1.440783e+04
8.488000e+02 1.428873e+04
8.487000e+02 1.436417e+04
8.486000e+02 1.424177e+04
8.485000e+02 1.414607e+04
8.484000e+02 1.417937e+04
8.483000e+02 1.417023e+04
8.482000e+02 1.415240e+04
8.481000e+02 1.405077e+04
8.480000e+02 1.415570e+04
8.479000e+02 1.412690e+04
8.478000e+02 1.409020e+04
8.477000e+02 1.387973e+04
8.476000e+02 1.400263e+04
8.475000e+02 1.400757e+04
8.474000e+02 1.401897e+04
8.473000e+02 1.407737e+04
8.472000e+02 1.400530e+04
8.471000e+02 1.398667e+04
8.470000e+02 1.400747e+04
8.469000e+02 1.398153e+04
8.468000e+02 1.396030e+04
8.467000e+02 1.395897e+04
8.466000e+02 1.390873e+04
8.465000e+02 1.386997e+04
8.464000e+02 1.382193e+04
8.463000e+02 1.373263e+04
8.462000e+02 1.397117e+04
8.461000e+02 1.387553e+04
8.460000e+02 1.379957e+04
8.459000e+02 1.385533e+04
8.458000e+02 1.381133e+04
8.457000e+02 1.384383e+04
8.456000e+02 1.388477e+04
8.455000e+02 1.383223e+04
8.454000e+02 1.380767e+04
8.453000e+02 1.375857e+04
8.452000e+02 1.375563e+04
8.451000e+02 1.382183e+04
8.450000e+02 1.386037e+04
8.449000e+02 1.381047e+04
8.448000e+02 1.375110e+04
8.447000e+02 1.383557e+04
8.446000e+02 1.380237e+04
8.445000e+02 1.380897e+04
8.444000e+02 1.378933e+04
8.443000e+02 1.375033e+04
8.442000e+02 1.379093e+04
8.441000e+02 1.378560e+04
8.440000e+02 1.390463e+04
8.439000e+02 1.388387e+04
8.438000e+02 1.380377e+04
8.437000e+02 1.379510e+04
8.436000e+02 1.383280e+04
8.435000e+02 1.393567e+04
8.434000e+02 1.394157e+04
8.433000e+02 1.385190e+04
8.432000e+02 1.380237e+04
8.431000e+02 1.376107e+04
8.430000e+02 1.378100e+04
8.429000e+02 1.385077e+04
8.428000e+02 1.380057e+04
8.427000e+02 1.388007e+04
8.426000e+02 1.377267e+04
8.425000e+02 1.383370e+04
8.424000e+02 1.374903e+04
8.423000e+02 1.379947e+04
8.422000e+02 1.378800e+04
8.421000e+02 1.387303e+04
8.420000e+02 1.393173e+04
8.419000e+02 1.384370e+04
8.418000e+02 1.400710e+04
8.417000e+02 1.397993e+04
8.416000e+02 1.397987e+04
8.415000e+02 1.384660e+04
8.414000e+02 1.387767e+04
8.413000e+02 1.373930e+04
8.412000e+02 1.386703e+04
8.411000e+02 1.390397e+04
8.410000e+02 1.390960e+04
8.409000e+02 1.393357e+04
8.408000e+02 1.376057e+04
8.407000e+02 1.389033e+04
8.406000e+02 1.395757e+04
8.405000e+02 1.391613e+04
8.404000e+02 1.395563e+04
8.403000e+02 1.393737e+04
8.402000e+02 1.399707e+04
8.401000e+02 1.394290e+04
8.400000e+02 1.390613e+04
8.399000e+02 1.398547e+04
8.398000e+02 1.406403e+04
8.397000e+02 1.382410e+04
8.396000e+02 1.388580e+04
8.395000e+02 1.406927e+04
8.394000e+02 1.394350e+04
8.393000e+02 1.403063e+04
8.392000e+02 1.395680e+04
8.391000e+02 1.409367e+04
8.390000e+02 1.396150e+04
8.389000e+02 1.390473e+04
8.388000e+02 1.389423e+04
8.387000e+02 1.395777e+04
8.386000e+02 1.398867e+04
8.385000e+02 1.392853e+04
8.384000e+02 1.398753e+04
8.383000e+02 1.403793e+04
8.382000e+02 1.404597e+04
8.381000e+02 1.409947e+04
8.380000e+02 1.390347e+04
8.379000e+02 1.407747e+04
8.378000e+02 1.392227e+04
8.377000e+02 1.412333e+04
8.376000e+02 1.394943e+04
8.375000e+02 1.415050e+04
8.374000e+02 1.412747e+04
8.373000e+02 1.413587e+04
8.372000e+02 1.411910e+04
8.371000e+02 1.419253e+04
8.370000e+02 1.422937e+04
8.369000e+02 1.409983e+04
8.368000e+02 1.424967e+04
8.367000e+02 1.418100e+04
8.366000e+02 1.413533e+04
8.365000e+02 1.412910e+04
8.364000e+02 1.426303e+04
8.363000e+02 1.421700e+04
8.362000e+02 1.410093e+04
8.361000e+02 1.425983e+04
8.360000e+02 1.428387e+04
8.359000e+02 1.422597e+04
8.358000e+02 1.417433e+04
8.357000e+02 1.423077e+04
8.356000e+02 1.419260e+04
8.355000e+02 1.401003e+04
8.354000e+02 1.418243e+04
8.353000e+02 1.427077e+04
8.352000e+02 1.425267e+04
8.351000e+02 1.420583e+04
8.350000e+02 1.424493e+04
8.349000e+02 1.416373e+04
8.348000e+02 1.429173e+04
8.347000e+02 1.427793e+04
8.346000e+02 1.428727e+04
8.345000e+02 1.415640e+04
8.344000e+02 1.419337e+04
8.343000e+02 1.442453e+04
8.342000e+02 1.425110e+04
8.341000e+02 1.420417e+04
8.340000e+02 1.423723e+04
8.339000e+02 1.417870e+04
8.338000e+02 1.413900e+04
8.337000e+02 1.412417e+04
8.336000e+02 1.417197e+04
8.335000e+02 1.421207e+04
8.334000e+02 1.436620e+04
8.333000e+02 1.435113e+04
8.332000e+02 1.432837e+04
8.331000e+02 1.430293e+04
8.330000e+02 1.440090e+04
8.329000e+02 1.433703e+04
8.328000e+02 1.421190e+04
8.327000e+02 1.438103e+04
8.326000e+02 1.432923e+04
8.325000e+02 1.431227e+04
8.324000e+02 1.428510e+04
8.323000e+02 1.435763e+04
8.322000e+02 1.444527e+04
8.321000e+02 1.445903e+04
8.320000e+02 1.441520e+04
8.319000e+02 1.449993e+04
8.318000e+02 1.453160e+04
8.317000e+02 1.445030e+04
8.316000e+02 1.455300e+04
8.315000e+02 1.450003e+04
8.314000e+02 1.442457e+04
8.313000e+02 1.445343e+04
8.312000e+02 1.446610e+04
8.311000e+02 1.455947e+04
8.310000e+02 1.451280e+04
8.309000e+02 1.447313e+04
8.308000e+02 1.464070e+04
8.307000e+02 1.453243e+04
8.306000e+02 1.457563e+04
8.305000e+02 1.452010e+04
8.304000e+02 1.456380e+04
8.303000e+02 1.463200e+04
8.302000e+02 1.453177e+04
8.301000e+02 1.457120e+04
8.300000e+02 1.462877e+04
8.299000e+02 1.464153e+04
8.298000e+02 1.472673e+04
8.297000e+02 1.466553e+04
8.296000e+02 1.469130e+04
8.295000e+02 1.489490e+04
8.294000e+02 1.483407e+04
8.293000e+02 1.478347e+04
8.292000e+02 1.465183e+04
8.291000e+02 1.461630e+04
8.290000e+02 1.477007e+04
8.289000e+02 1.472583e+04
8.288000e+02 1.484127e+04
8.287000e+02 1.470830e+04
8.286000e+02 1.483713e+04
8.285000e+02 1.475650e+04
8.284000e+02 1.468653e+04
8.283000e+02 1.478687e+04
8.282000e+02 1.487207e+04
8.281000e+02 1.485070e+04
8.280000e+02 1.476557e+04
8.279000e+02 1.488447e+04
8.278000e+02 1.476427e+04
8.277000e+02 1.478140e+04
8.276000e+02 1.479233e+04
8.275000e+02 1.494477e+04
8.274000e+02 1.491373e+04
8.273000e+02 1.479860e+04
8.272000e+02 1.492127e+04
8.271000e+02 1.501220e+04
8.270000e+02 1.508053e+04
8.269000e+02 1.494403e+04
8.268000e+02 1.493243e+04
8.267000e+02 1.509693e+04
8.266000e+02 1.499227e+04
8.265000e+02 1.506413e+04
8.264000e+02 1.507793e+04
8.263000e+02 1.491813e+04
8.262000e+02 1.491303e+04
8.261000e+02 1.517820e+04
8.260000e+02 1.520507e+04
8.259000e+02 1.504087e+04
8.258000e+02 1.498757e+04
8.257000e+02 1.509277e+04
8.256000e+02 1.498640e+04
8.255000e+02 1.509193e+04
8.254000e+02 1.527340e+04
8.253000e+02 1.509337e+04
8.252000e+02 1.512797e+04
8.251000e+02 1.521913e+04
8.250000e+02 1.525467e+04
8.249000e+02 1.527077e+04
8.248000e+02 1.517693e+04
8.247000e+02 1.523613e+04
8.246000e+02 1.519887e+04
8.245000e+02 1.529020e+04
8.244000e+02 1.524703e+04
8.243000e+02 1.520720e+04
8.242000e+02 1.511490e+04
8.241000e+02 1.538143e+04
8.240000e+02 1.532033e+04
8.239000e+02 1.526127e+04
8.238000e+02 1.509957e+04
8.237000e+02 1.520110e+04
8.236000e+02 1.515550e+04
8.235000e+02 1.521413e+04
8.234000e+02 1.512630e+04
8.233000e+02 1.513973e+04
8.232000e+02 1.514797e+04
8.231000e+02 1.511990e+04
8.230000e+02 1.504103e+04
8.229000e+02 1.519197e+04
8.228000e+02 1.525310e+04
8.227000e+02 1.518963e+04
8.226000e+02 1.514970e+04
8.225000e+02 1.503290e+04
8.224000e+02 1.513393e+04
8.223000e+02 1.514307e+04
8.222000e+02 1.508957e+04
8.221000e+02 1.509710e+04
8.220000e+02 1.505317e+04
8.219000e+02 1.505530e+04
8.218000e+02 1.493987e+04
8.217000e+02 1.496363e+04
8.216000e+02 1.481230e+04
8.215000e+02 1.482427e+04
8.214000e+02 1.506587e+04
8.213000e+02 1.496740e+04
8.212000e+02 1.502413e+04
8.211000e+02 1.496853e+04
8.210000e+02 1.499667e+04
8.209000e+02 1.490520e+04
8.208000e+02 1.487760e+04
8.207000e+02 1.481363e+04
8.206000e+02 1.490397e+04
8.205000e+02 1.503580e+04
8.204000e+02 1.497357e+04
8.203000e+02 1.497553e+04
8.202000e+02 1.492077e+04
8.201000e+02 1.499327e+04
8.200000e+02 1.495127e+04
8.199000e+02 1.485620e+04
8.198000e+02 1.489690e+04
8.197000e+02 1.498297e+04
8.196000e+02 1.488603e+04
8.195000e+02 1.485917e+04
8.194000e+02 1.490963e+04
8.193000e+02 1.469477e+04
8.192000e+02 1.489187e+04
8.191000e+02 1.485090e+04
8.190000e+02 1.488907e+04
8.189000e+02 1.478707e+04
8.188000e+02 1.486373e+04
8.187000e+02 1.488557e+04
8.186000e+02 1.474030e+04
8.185000e+02 1.471807e+04
8.184000e+02 1.480303e+04
8.183000e+02 1.475553e+04
8.182000e+02 1.471473e+04
8.181000e+02 1.469273e+04
8.180000e+02 1.489280e+04
8.179000e+02 1.495217e+04
8.178000e+02 1.492187e+04
8.177000e+02 1.494537e+04
8.176000e+02 1.492567e+04
8.175000e+02 1.489810e+04
8.174000e+02 1.491947e+04
8.173000e+02 1.497500e+04
8.172000e+02 1.496483e+04
8.171000e+02 1.499253e+04
8.170000e+02 1.495477e+04
8.169000e+02 1.486367e+04
8.168000e+02 1.491980e+04
8.167000e+02 1.500750e+04
8.166000e+02 1.507120e+04
8.165000e+02 1.509813e+04
8.164000e+02 1.503183e+04
8.163000e+02 1.503023e+04
8.162000e+02 1.498477e+04
8.161000e+02 1.500437e+04
8.160000e+02 1.497160e+04
8.159000e+02 1.508820e+04
8.158000e+02 1.509120e+04
8.157000e+02 1.499853e+04
8.156000e+02 1.504920e+04
8.155000e+02 1.511797e+04
8.154000e+02 1.501757e+04
8.153000e+02 1.510567e+04
8.152000e+02 1.517463e+04
8.151000e+02 1.530937e+04
8.150000e+02 1.527763e+04
8.149000e+02 1.531677e+04
8.148000e+02 1.530540e+04
8.147000e+02 1.525390e+04
8.146000e+02 1.521153e+04
8.145000e+02 1.526873e+04
8.144000e+02 1.528933e+04
8.143000e+02 1.543023e+04
8.142000e+02 1.555167e+04
8.141000e+02 1.551060e+04
8.140000e+02 1.547447e+04
8.139000e+02 1.531550e+04
8.138000e+02 1.554263e+04
8.137000e+02 1.539863e+04
8.136000e+02 1.539867e+04
8.135000e+02 1.547237e+04
8.134000e+02 1.550870e+04
8.133000e+02 1.563663e+04
8.132000e+02 1.566043e+04
8.131000e+02 1.563913e+04
8.130000e+02 1.574517e+04
8.129000e+02 1.571137e+04
8.128000e+02 1.575437e+04
8.127000e+02 1.569533e+04
8.126000e+02 1.576237e+04
8.125000e+02 1.575203e+04
8.124000e+02 1.586697e+04
8.123000e+02 1.590020e+04
8.122000e+02 1.585307e+04
8.121000e+02 1.601270e+04
8.120000e+02 1.600430e+04
8.119000e+02 1.578560e+04
8.118000e+02 1.576907e+04
8.117000e+02 1.593353e+04
8.116000e+02 1.586863e+04
8.115000e+02 1.582353e+04
8.114000e+02 1.592253e+04
8.113000e+02 1.598707e+04
8.112000e+02 1.588887e+04
8.111000e+02 1.603067e+04
8.110000e+02 1.590170e+04
8.109000e+02 1.578393e+04
8.108000e+02 1.592643e+04
8.107000e+02 1.590030e+04
8.106000e+02 1.589333e+04
8.105000e+02 1.590277e+04
8.104000e+02 1.580900e+04
8.103000e+02 1.568587e+04
8.102000e+02 1.582803e+04
8.101000e+02 1.560380e+04
8.100000e+02 1.556980e+04
8.099000e+02 1.571313e+04
8.098000e+02 1.567190e+04
8.097000e+02 1.551287e+04
8.096000e+02 1.552307e+04
8.095000e+02 1.546643e+04
8.094000e+02 1.524633e+04
8.093000e+02 1.532503e+04
8.092000e+02 1.534680e+04
8.091000e+02 1.523667e+04
8.090000e+02 1.516210e+04
8.089000e+02 1.532727e+04
8.088000e+02 1.528837e+04
8.087000e+02 1.536350e+04
8.086000e+02 1.520553e+04
8.085000e+02 1.520260e+04
8.084000e+02 1.533973e+04
8.083000e+02 1.521363e+04
8.082000e+02 1.539853e+04
8.081000e+02 1.546957e+04
8.080000e+02 1.521163e+04
8.079000e+02 1.515730e+04
8.078000e+02 1.516713e+04
8.077000e+02 1.519657e+04
8.076000e+02 1.529263e+04
8.075000e+02 1.518810e+04
8.074000e+02 1.520677e+04
8.073000e+02 1.525847e+04
8.072000e+02 1.521187e+04
8.071000e+02 1.522050e+04
8.070000e+02 1.530723e+04
8.069000e+02 1.527940e+04
8.068000e+02 1.516317e+04
8.067000e+02 1.534287e+04
8.066000e+02 1.519010e+04
8.065000e+02 1.523090e+04
8.064000e+02 1.516243e+04
8.063000e+02 1.517423e+04
8.062000e+02 1.512300e+04
8.061000e+02 1.511737e+04
8.060000e+02 1.525420e+04
8.059000e+02 1.521197e+04
8.058000e+02 1.527300e+04
8.057000e+02 1.515690e+04
8.056000e+02 1.523130e+04
8.055000e+02 1.528637e+04
8.054000e+02 1.517603e+04
8.053000e+02 1.517353e+04
8.052000e+02 1.506240e+04
8.051000e+02 1.505460e+04
8.050000e+02 1.529473e+04
8.049000e+02 1.522487e+04
8.048000e+02 1.521880e+04
8.047000e+02 1.514633e+04
8.046000e+02 1.512350e+04
8.045000e+02 1.524317e+04
8.044000e+02 1.521093e+04
8.043000e+02 1.526070e+04
8.042000e+02 1.516553e+04
8.041000e+02 1.525683e+04
8.040000e+02 1.497010e+04
8.039000e+02 1.516970e+04
8.038000e+02 1.516110e+04
8.037000e+02 1.517537e+04
8.036000e+02 1.516420e+04
8.035000e+02 1.513310e+04
8.034000e+02 1.520817e+04
8.033000e+02 1.518497e+04
8.032000e+02 1.528770e+04
8.031000e+02 1.520173e+04
8.030000e+02 1.517450e+04
8.029000e+02 1.513580e+04
8.028000e+02 1.514683e+04
8.027000e+02 1.517057e+04
8.026000e+02 1.519157e+04
8.025000e+02 1.516833e+04
8.024000e+02 1.521463e+04
8.023000e+02 1.521093e+04
8.022000e+02 1.532030e+04
8.021000e+02 1.550437e+04
8.020000e+02 1.534647e+04
8.019000e+02 1.525000e+04
8.018000e+02 1.532617e+04
8.017000e+02 1.527033e+04
8.016000e+02 1.526587e+04
8.015000e+02 1.537453e+04
8.014000e+02 1.531213e+04
8.013000e+02 1.534973e+04
8.012000e+02 1.531923e+04
8.011000e+02 1.533570e+04
8.010000e+02 1.527997e+04
8.009000e+02 1.535733e+04
8.008000e+02 1.532037e+04
8.007000e+02 1.535973e+04
8.006000e+02 1.540283e+04
8.005000e+02 1.540053e+04
8.004000e+02 1.547403e+04
8.003000e+02 1.546683e+04
8.002000e+02 1.544093e+04
8.001000e+02 1.542567e+04
8.000000e+02 1.548743e+04
7.999000e+02 1.556153e+04
7.998000e+02 1.540810e+04
7.997000e+02 1.550143e+04
7.996000e+02 1.562450e+04
7.995000e+02 1.564990e+04
7.994000e+02 1.561420e+04
7.993000e+02 1.550140e+04
7.992000e+02 1.555223e+04
7.991000e+02 1.557833e+04
7.990000e+02 1.560077e+04
7.989000e+02 1.560207e+04
7.988000e+02 1.555847e+04
7.987000e+02 1.572753e+04
7.986000e+02 1.566367e+04
7.985000e+02 1.558960e+04
7.984000e+02 1.557347e+04
7.983000e+02 1.555643e+04
7.982000e+02 1.561707e+04
7.981000e+02 1.564097e+04
7.980000e+02 1.556237e+04
7.979000e+02 1.556193e+04
7.978000e+02 1.565443e+04
7.977000e+02 1.575293e+04
7.976000e+02 1.576123e+04
7.975000e+02 1.564770e+04
7.974000e+02 1.557093e+04
7.973000e+02 1.561363e+04
7.972000e+02 1.567230e+04
7.971000e+02 1.565513e+04
7.970000e+02 1.569750e+04
7.969000e+02 1.552620e+04
7.968000e+02 1.560700e+04
7.967000e+02 1.573913e+04
7.966000e+02 1.588223e+04
7.965000e+02 1.591293e+04
7.964000e+02 1.585193e+04
7.963000e+02 1.587607e+04
7.962000e+02 1.593280e+04
7.961000e+02 1.578947e+04
7.960000e+02 1.569303e+04
7.959000e+02 1.589570e+04
7.958000e+02 1.587990e+04
7.957000e+02 1.581843e+04
7.956000e+02 1.591253e+04
7.955000e+02 1.596497e+04
7.954000e+02 1.595560e+04
7.953000e+02 1.574310e+04
7.952000e+02 1.594330e+04
7.951000e+02 1.594933e+04
7.950000e+02 1.593213e+04
7.949000e+02 1.596527e+04
7.948000e+02 1.599833e+04
7.947000e+02 1.593400e+04
7.946000e+02 1.586630e+04
7.945000e+02 1.596117e+04
7.944000e+02 1.585187e+04
7.943000e+02 1.596030e+04
7.942000e+02 1.596267e+04
7.941000e+02 1.593707e+04
7.940000e+02 1.596937e+04
7.939000e+02 1.607843e+04
7.938000e+02 1.616657e+04
7.937000e+02 1.611893e+04
7.936000e+02 1.602423e+04
7.935000e+02 1.614043e+04
7.934000e+02 1.606820e+04
7.933000e+02 1.593117e+04
7.932000e+02 1.603770e+04
7.931000e+02 1.610513e+04
7.930000e+02 1.602890e+04
7.929000e+02 1.592983e+04
7.928000e+02 1.602310e+04
7.927000e+02 1.610053e+04
7.926000e+02 1.596300e+04
7.925000e+02 1.603640e+04
7.924000e+02 1.615990e+04
7.923000e+02 1.625057e+04
7.922000e+02 1.614953e+04
7.921000e+02 1.607030e+04
7.920000e+02 1.603017e+04
7.919000e+02 1.619817e+04
7.918000e+02 1.612813e+04
7.917000e+02 1.634723e+04
7.916000e+02 1.627910e+04
7.915000e+02 1.629807e+04
7.914000e+02 1.609733e+04
7.913000e+02 1.623410e+04
7.912000e+02 1.616783e+04
7.911000e+02 1.622973e+04
7.910000e+02 1.614530e+04
7.909000e+02 1.629227e+04
7.908000e+02 1.637747e+04
7.907000e+02 1.627590e+04
7.906000e+02 1.634217e+04
7.905000e+02 1.635497e+04
7.904000e+02 1.636610e+04
7.903000e+02 1.642713e+04
7.902000e+02 1.639727e+04
7.901000e+02 1.641703e+04
7.900000e+02 1.637740e+04
7.899000e+02 1.647180e+04
7.898000e+02 1.641203e+04
7.897000e+02 1.634243e+04
7.896000e+02 1.633813e+04
7.895000e+02 1.642327e+04
7.894000e+02 1.649213e+04
7.893000e+02 1.664843e+04
7.892000e+02 1.665617e+04
7.891000e+02 1.659060e+04
7.890000e+02 1.666050e+04
7.889000e+02 1.657417e+04
7.888000e+02 1.667507e+04
7.887000e+02 1.664160e+04
7.886000e+02 1.666120e+04
7.885000e+02 1.659347e+04
7.884000e+02 1.665567e+04
7.883000e+02 1.659633e+04
7.882000e+02 1.669340e+04
7.881000e+02 1.675720e+04
7.880000e+02 1.666127e+04
7.879000e+02 1.679983e+04
7.878000e+02 1.665737e+04
7.877000e+02 1.648017e+04
7.876000e+02 1.676513e+04
7.875000e+02 1.699610e+04
7.874000e+02 1.685727e+04
7.873000e+02 1.682370e+04
7.872000e+02 1.697503e+04
7.871000e+02 1.678647e+04
7.870000e+02 1.683800e+04
7.869000e+02 1.693747e+04
7.868000e+02 1.696357e+04
7.867000e+02 1.686730e+04
7.866000e+02 1.696380e+04
7.865000e+02 1.675527e+04
7.864000e+02 1.681007e+04
7.863000e+02 1.686967e+04
7.862000e+02 1.684280e+04
7.861000e+02 1.681627e+04
7.860000e+02 1.687093e+04
7.859000e+02 1.703017e+04
7.858000e+02 1.708833e+04
7.857000e+02 1.692850e+04
7.856000e+02 1.695573e+04
7.855000e+02 1.701300e+04
7.854000e+02 1.714377e+04
7.853000e+02 1.697713e+04
7.852000e+02 1.698033e+04
7.851000e+02 1.719033e+04
7.850000e+02 1.731997e+04
7.849000e+02 1.732310e+04
7.848000e+02 1.733373e+04
7.847000e+02 1.717203e+04
7.846000e+02 1.723597e+04
7.845000e+02 1.720977e+04
7.844000e+02 1.712593e+04
7.843000e+02 1.716673e+04
7.842000e+02 1.750437e+04
7.841000e+02 1.735097e+04
7.840000e+02 1.737170e+04
7.839000e+02 1.740487e+04
7.838000e+02 1.745910e+04
7.837000e+02 1.743767e+04
7.836000e+02 1.740187e+04
7.835000e+02 1.739500e+04
7.834000e+02 1.751920e+04
7.833000e+02 1.741227e+04
7.832000e+02 1.738737e+04
7.831000e+02 1.746793e+04
7.830000e+02 1.758753e+04
7.829000e+02 1.761537e+04
7.828000e+02 1.756373e+04
7.827000e+02 1.769983e+04
7.826000e+02 1.786137e+04
7.825000e+02 1.756230e+04
7.824000e+02 1.751423e+04
7.823000e+02 1.771033e+04
7.822000e+02 1.758667e+04
7.821000e+02 1.772540e+04
7.820000e+02 1.780430e+04
7.819000e+02 1.772097e+04
7.818000e+02 1.778507e+04
7.817000e+02 1.780643e+04
7.816000e+02 1.774177e+04
7.815000e+02 1.795557e+04
7.814000e+02 1.808880e+04
7.813000e+02 1.807757e+04
7.812000e+02 1.810937e+04
7.811000e+02 1.817360e+04
7.810000e+02 1.830803e+04
7.809000e+02 1.821443e+04
7.808000e+02 1.826313e+04
7.807000e+02 1.825410e+04
7.806000e+02 1.825640e+04
7.805000e+02 1.830863e+04
7.804000e+02 1.813950e+04
7.803000e+02 1.839760e+04
7.802000e+02 1.843567e+04
7.801000e+02 1.847333e+04
7.800000e+02 1.843570e+04
7.799000e+02 1.846077e+04
7.798000e+02 1.850670e+04
7.797000e+02 1.847330e+04
7.796000e+02 1.869673e+04
7.795000e+02 1.865583e+04
7.794000e+02 1.876207e+04
7.793000e+02 1.864377e+04
7.792000e+02 1.875053e+04
7.791000e+02 1.895950e+04
7.790000e+02 1.907740e+04
7.789000e+02 1.893117e+04
7.788000e+02 1.896437e+04
7.787000e+02 1.898123e+04
7.786000e+02 1.894210e+04
7.785000e+02 1.901613e+04
7.784000e+02 1.909100e+04
7.783000e+02 1.905173e+04
7.782000e+02 1.912307e+04
7.781000e+02 1.920397e+04
7.780000e+02 1.906063e+04
7.779000e+02 1.916683e+04
7.778000e+02 1.915237e+04
7.777000e+02 1.913100e+04
7.776000e+02 1.910297e+04
7.775000e+02 1.920267e+04
7.774000e+02 1.914127e+04
7.773000e+02 1.908443e+04
7.772000e+02 1.904670e+04
7.771000e+02 1.888267e+04
7.770000e+02 1.880537e+04
7.769000e+02 1.889613e+04
7.768000e+02 1.895410e+04
7.767000e+02 1.882057e+04
7.766000e+02 1.859253e+04
7.765000e+02 1.850517e+04
7.764000e+02 1.844423e+04
7.763000e+02 1.855923e+04
7.762000e+02 1.857987e+04
7.761000e+02 1.862633e+04
7.760000e+02 1.835027e+04
7.759000e+02 1.841570e+04
7.758000e+02 1.821577e+04
7.757000e+02 1.801480e+04
7.756000e+02 1.793433e+04
7.755000e+02 1.803887e+04
7.754000e+02 1.794503e+04
7.753000e+02 1.771090e+04
7.752000e+02 1.773373e+04
7.751000e+02 1.771450e+04
7.750000e+02 1.776560e+04
7.749000e+02 1.769030e+04
7.748000e+02 1.745610e+04
7.747000e+02 1.759747e+04
7.746000e+02 1.755530e+04
7.745000e+02 1.769430e+04
7.744000e+02 1.762797e+04
7.743000e+02 1.754797e+04
7.742000e+02 1.756423e+04
7.741000e+02 1.747077e+04
7.740000e+02 1.737220e+04
7.739000e+02 1.739043e+04
7.738000e+02 1.734347e+04
7.737000e+02 1.748867e+04
7.736000e+02 1.751467e+04
7.735000e+02 1.749857e+04
7.734000e+02 1.749970e+04
7.733000e+02 1.737913e+04
7.732000e+02 1.753993e+04
7.731000e+02 1.751590e+04
7.730000e+02 1.759483e+04
7.729000e+02 1.773727e+04
7.728000e+02 1.772890e+04
7.727000e+02 1.764987e+04
7.726000e+02 1.781667e+04
7.725000e+02 1.786003e+04
7.724000e+02 1.774903e+04
7.723000e+02 1.787303e+04
7.722000e+02 1.792140e+04
7.721000e+02 1.782597e+04
7.720000e+02 1.796600e+04
7.719000e+02 1.806410e+04
7.718000e+02 1.800900e+04
7.717000e+02 1.803993e+04
7.716000e+02 1.795950e+04
7.715000e+02 1.803943e+04
7.714000e+02 1.815013e+04
7.713000e+02 1.821177e+04
7.712000e+02 1.821640e+04
7.711000e+02 1.808753e+04
7.710000e+02 1.815450e+04
7.709000e+02 1.814817e+04
7.708000e+02 1.818760e+04
7.707000e+02 1.817523e+04
7.706000e+02 1.787277e+04
7.705000e+02 1.787947e+04
7.704000e+02 1.788687e+04
7.703000e+02 1.799423e+04
7.702000e+02 1.780153e+04
7.701000e+02 1.779827e+04
7.700000e+02 1.765860e+04
7.699000e+02 1.749110e+04
7.698000e+02 1.747053e+04
7.697000e+02 1.728347e+04
7.696000e+02 1.713920e+04
7.695000e+02 1.714000e+04
7.694000e+02 1.701720e+04
7.693000e+02 1.684120e+04
7.692000e+02 1.673670e+04
7.691000e+02 1.657627e+04
7.690000e+02 1.649220e+04
7.689000e+02 1.642827e+04
7.688000e+02 1.623013e+04
7.687000e+02 1.615797e+04
7.686000e+02 1.604803e+04
7.685000e+02 1.586217e+04
7.684000e+02 1.567427e+04
7.683000e+02 1.559577e+04
7.682000e+02 1.546507e+04
7.681000e+02 1.536593e+04
7.680000e+02 1.531327e+04
7.679000e+02 1.509750e+04
7.678000e+02 1.488747e+04
7.677000e+02 1.484470e+04
7.676000e+02 1.480923e+04
7.675000e+02 1.471687e+04
7.674000e+02 1.476280e+04
7.673000e+02 1.455413e+04
7.672000e+02 1.445410e+04
7.671000e+02 1.439097e+04
7.670000e+02 1.432447e+04
7.669000e+02 1.425763e+04
7.668000e+02 1.419817e+04
7.667000e+02 1.416760e+04
7.666000e+02 1.401463e+04
7.665000e+02 1.399157e+04
7.664000e+02 1.385840e+04
7.663000e+02 1.392533e+04
7.662000e+02 1.382030e+04
7.661000e+02 1.371480e+04
7.660000e+02 1.370267e+04
7.659000e+02 1.369450e+04
7.658000e+02 1.353933e+04
7.657000e+02 1.357633e+04
7.656000e+02 1.350447e+04
7.655000e+02 1.344437e+04
7.654000e+02 1.348767e+04
7.653000e+02 1.351040e+04
7.652000e+02 1.344867e+04
7.651000e+02 1.354370e+04
7.650000e+02 1.344223e+04
7.649000e+02 1.324507e+04
7.648000e+02 1.317753e+04
7.647000e+02 1.330303e+04
7.646000e+02 1.327580e+04
7.645000e+02 1.325320e+04
7.644000e+02 1.325240e+04
7.643000e+02 1.328040e+04
7.642000e+02 1.324487e+04
7.641000e+02 1.324793e+04
7.640000e+02 1.313917e+04
7.639000e+02 1.310190e+04
7.638000e+02 1.314910e+04
7.637000e+02 1.322193e+04
7.636000e+02 1.313280e+04
7.635000e+02 1.308217e+04
7.634000e+02 1.296760e+04
7.633000e+02 1.303693e+04
7.632000e+02 1.311470e+04
7.631000e+02 1.306520e+04
7.630000e+02 1.304220e+04
7.629000e+02 1.314320e+04
7.628000e+02 1.309750e+04
7.627000e+02 1.301983e+04
7.626000e+02 1.295273e+04
7.625000e+02 1.308100e+04
7.624000e+02 1.306920e+04
7.623000e+02 1.300503e+04
7.622000e+02 1.302537e+04
7.621000e+02 1.306757e+04
7.620000e+02 1.296907e+04
7.619000e+02 1.294947e+04
7.618000e+02 1.300137e+04
7.617000e+02 1.302050e+04
7.616000e+02 1.293310e+04
7.615000e+02 1.298830e+04
7.614000e+02 1.298193e+04
7.613000e+02 1.304103e+04
7.612000e+02 1.304803e+04
7.611000e+02 1.296097e+04
7.610000e+02 1.297307e+04
7.609000e+02 1.293133e+04
7.608000e+02 1.295520e+04
7.607000e+02 1.289280e+04
7.606000e+02 1.281503e+04
7.605000e+02 1.280177e+04
7.604000e+02 1.295180e+04
7.603000e+02 1.299240e+04
7.602000e+02 1.297620e+04
7.601000e+02 1.299053e+04
7.600000e+02 1.293097e+04
7.599000e+02 1.292267e+04
7.598000e+02 1.287727e+04
7.597000e+02 1.278037e+04
7.596000e+02 1.286837e+04
7.595000e+02 1.276987e+04
7.594000e+02 1.274720e+04
7.593000e+02 1.275410e+04
7.592000e+02 1.278113e+04
7.591000e+02 1.279133e+04
7.590000e+02 1.278367e+04
7.589000e+02 1.263357e+04
7.588000e+02 1.260123e+04
7.587000e+02 1.269577e+04
7.586000e+02 1.274360e+04
7.585000e+02 1.261360e+04
7.584000e+02 1.272003e+04
7.583000e+02 1.273810e+04
7.582000e+02 1.270120e+04
7.581000e+02 1.268867e+04
7.580000e+02 1.265507e+04
7.579000e+02 1.269630e+04
7.578000e+02 1.266383e+04
7.577000e+02 1.266580e+04
7.576000e+02 1.263093e+04
7.575000e+02 1.274440e+04
7.574000e+02 1.268293e+04
7.573000e+02 1.266030e+04
7.572000e+02 1.269440e+04
7.571000e+02 1.264320e+04
7.570000e+02 1.261000e+04
7.569000e+02 1.261517e+04
7.568000e+02 1.260540e+04
7.567000e+02 1.261073e+04
7.566000e+02 1.267833e+04
7.565000e+02 1.257100e+04
7.564000e+02 1.261850e+04
7.563000e+02 1.266380e+04
7.562000e+02 1.258310e+04
7.561000e+02 1.262180e+04
7.560000e+02 1.259737e+04
7.559000e+02 1.250503e+04
7.558000e+02 1.264127e+04
7.557000e+02 1.267433e+04
7.556000e+02 1.254377e+04
7.555000e+02 1.258797e+04
7.554000e+02 1.256910e+04
7.553000e+02 1.264100e+04
7.552000e+02 1.261900e+04
7.551000e+02 1.261553e+04
7.550000e+02 1.261487e+04
7.549000e+02 1.261833e+04
7.548000e+02 1.257710e+04
7.547000e+02 1.262030e+04
7.546000e+02 1.260920e+04
7.545000e+02 1.259597e+04
7.544000e+02 1.256717e+04
7.543000e+02 1.260013e+04
7.542000e+02 1.258260e+04
7.541000e+02 1.261667e+04
7.540000e+02 1.263230e+04
7.539000e+02 1.263237e+04
7.538000e+02 1.261407e+04
7.537000e+02 1.265547e+04
7.536000e+02 1.265963e+04
7.535000e+02 1.274630e+04
7.534000e+02 1.277537e+04
7.533000e+02 1.271527e+04
7.532000e+02 1.268620e+04
7.531000e+02 1.275677e+04
7.530000e+02 1.275173e+04
7.529000e+02 1.266340e+04
7.528000e+02 1.270107e+04
7.527000e+02 1.271207e+04
7.526000e+02 1.287247e+04
7.525000e+02 1.283257e+04
7.524000e+02 1.274037e+04
7.523000e+02 1.281267e+04
7.522000e+02 1.284620e+04
7.521000e+02 1.273420e+04
7.520000e+02 1.279057e+04
7.519000e+02 1.287813e+04
7.518000e+02 1.283867e+04
7.517000e+02 1.290883e+04
7.516000e+02 1.291053e+04
7.515000e+02 1.287303e+04
7.514000e+02 1.287070e+04
7.513000e+02 1.295237e+04
7.512000e+02 1.293037e+04
7.511000e+02 1.295020e+04
7.510000e+02 1.301183e+04
7.509000e+02 1.301697e+04
7.508000e+02 1.309407e+04
7.507000e+02 1.293937e+04
7.506000e+02 1.302830e+04
7.505000e+02 1.297863e+04
7.504000e+02 1.306307e+04
7.503000e+02 1.294590e+04
7.502000e+02 1.295323e+04
7.501000e+02 1.291553e+04
7.500000e+02 1.282080e+04
7.499000e+02 1.276220e+04
7.498000e+02 1.276843e+04
7.497000e+02 1.266447e+04
7.496000e+02 1.267000e+04
7.495000e+02 1.270520e+04
7.494000e+02 1.251340e+04
7.493000e+02 1.250943e+04
7.492000e+02 1.255527e+04
7.491000e+02 1.241257e+04
7.490000e+02 1.246197e+04
7.489000e+02 1.246053e+04
7.488000e+02 1.247340e+04
7.487000e+02 1.233900e+04
7.486000e+02 1.233127e+04
7.485000e+02 1.231357e+04
7.484000e+02 1.225457e+04
7.483000e+02 1.227387e+04
7.482000e+02 1.227357e+04
7.481000e+02 1.219430e+04
7.480000e+02 1.229403e+04
7.479000e+02 1.232153e+04
7.478000e+02 1.229417e+04
7.477000e+02 1.226140e+04
7.476000e+02 1.224630e+04
7.475000e+02 1.219410e+04
7.474000e+02 1.218077e+04
7.473000e+02 1.227637e+04
7.472000e+02 1.221757e+04
7.471000e+02 1.217293e+04
7.470000e+02 1.221733e+04
7.469000e+02 1.225347e+04
7.468000e+02 1.223893e+04
7.467000e+02 1.216980e+04
7.466000e+02 1.217767e+04
7.465000e+02 1.223703e+04
7.464000e+02 1.215557e+04
7.463000e+02 1.214267e+04
7.462000e+02 1.206547e+04
7.461000e+02 1.211050e+04
7.460000e+02 1.214663e+04
7.459000e+02 1.214183e+04
7.458000e+02 1.216067e+04
7.457000e+02 1.211017e+04
7.456000e+02 1.220273e+04
7.455000e+02 1.221880e+04
7.454000e+02 1.211987e+04
7.453000e+02 1.223997e+04
7.452000e+02 1.223567e+04
7.451000e+02 1.216273e+04
7.450000e+02 1.201223e+04
7.449000e+02 1.214273e+04
7.448000e+02 1.217037e+04
7.447000e+02 1.216740e+04
7.446000e+02 1.211173e+04
7.445000e+02 1.210813e+04
7.444000e+02 1.212523e+04
7.443000e+02 1.225550e+04
7.442000e+02 1.218373e+04
7.441000e+02 1.216617e+04
7.440000e+02 1.209180e+04
7.439000e+02 1.212103e+04
7.438000e+02 1.216810e+04
7.437000e+02 1.227457e+04
7.436000e+02 1.225380e+04
7.435000e+02 1.213357e+04
7.434000e+02 1.219183e+04
7.433000e+02 1.210853e+04
7.432000e+02 1.195620e+04
7.431000e+02 1.214790e+04
7.430000e+02 1.215397e+04
7.429000e+02 1.218953e+04
7.428000e+02 1.225987e+04
7.427000e+02 1.214080e+04
7.426000e+02 1.212207e+04
7.425000e+02 1.209360e+04
7.424000e+02 1.211293e+04
7.423000e+02 1.217333e+04
7.422000e+02 1.216630e+04
7.421000e+02 1.216950e+04
7.420000e+02 1.223190e+04
7.419000e+02 1.217417e+04
7.418000e+02 1.222210e+04
7.417000e+02 1.213183e+04
7.416000e+02 1.222630e+04
7.415000e+02 1.219257e+04
7.414000e+02 1.229493e+04
7.413000e+02 1.219480e+04
7.412000e+02 1.221370e+04
7.411000e+02 1.224030e+04
7.410000e+02 1.223050e+04
7.409000e+02 1.234400e+04
7.408000e+02 1.229833e+04
7.407000e+02 1.228787e+04
7.406000e+02 1.229673e+04
7.405000e+02 1.221790e+04
7.404000e+02 1.231347e+04
7.403000e+02 1.224453e+04
7.402000e+02 1.234333e+04
7.401000e+02 1.235007e+04
7.400000e+02 1.227073e+04
7.399000e+02 1.237817e+04
7.398000e+02 1.243660e+04
7.397000e+02 1.239883e+04
7.396000e+02 1.235540e+04
7.395000e+02 1.241097e+04
7.394000e+02 1.240183e+04
7.393000e+02 1.238697e+04
7.392000e+02 1.241067e+04
7.391000e+02 1.242220e+04
7.390000e+02 1.228397e+04
7.389000e+02 1.232960e+04
7.388000e+02 1.242573e+04
7.387000e+02 1.243270e+04
7.386000e+02 1.238807e+04
7.385000e+02 1.243193e+04
7.384000e+02 1.245157e+04
7.383000e+02 1.243250e+04
7.382000e+02 1.250693e+04
7.381000e+02 1.244893e+04
7.380000e+02 1.238260e+04
7.379000e+02 1.243007e+04
7.378000e+02 1.254140e+04
7.377000e+02 1.252077e+04
7.376000e+02 1.251480e+04
7.375000e+02 1.240737e+04
7.374000e+02 1.250587e+04
7.373000e+02 1.252633e+04
7.372000e+02 1.248557e+04
7.371000e+02 1.251390e+04
7.370000e+02 1.262877e+04
7.369000e+02 1.254103e+04
7.368000e+02 1.255853e+04
7.367000e+02 1.256693e+04
7.366000e+02 1.262133e+04
7.365000e+02 1.266530e+04
7.364000e+02 1.261277e+04
7.363000e+02 1.262307e+04
7.362000e+02 1.268453e+04
7.361000e+02 1.268160e+04
7.360000e+02 1.253847e+04
7.359000e+02 1.264270e+04
7.358000e+02 1.269250e+04
7.357000e+02 1.268090e+04
7.356000e+02 1.268200e+04
7.355000e+02 1.273820e+04
7.354000e+02 1.269067e+04
7.353000e+02 1.267930e+04
7.352000e+02 1.265630e+04
7.351000e+02 1.263717e+04
7.350000e+02 1.271840e+04
7.349000e+02 1.276580e+04
7.348000e+02 1.273417e+04
7.347000e+02 1.278453e+04
7.346000e+02 1.277247e+04
7.345000e+02 1.275150e+04
7.344000e+02 1.273777e+04
7.343000e+02 1.279993e+04
7.342000e+02 1.295717e+04
7.341000e+02 1.295430e+04
7.340000e+02 1.283803e+04
7.339000e+02 1.281050e+04
7.338000e+02 1.285897e+04
7.337000e+02 1.283730e+04
7.336000e+02 1.291407e+04
7.335000e+02 1.288663e+04
7.334000e+02 1.293623e+04
7.333000e+02 1.295443e+04
7.332000e+02 1.298073e+04
7.331000e+02 1.300513e+04
7.330000e+02 1.289227e+04
7.329000e+02 1.283143e+04
7.328000e+02 1.289890e+04
7.327000e+02 1.293443e+04
7.326000e+02 1.289987e+04
7.325000e+02 1.299743e+04
7.324000e+02 1.292307e+04
7.323000e+02 1.300493e+04
7.322000e+02 1.296980e+04
7.321000e+02 1.292747e+04
7.320000e+02 1.295140e+04
7.319000e+02 1.298330e+04
7.318000e+02 1.294830e+04
7.317000e+02 1.304747e+04
7.316000e+02 1.306933e+04
7.315000e+02 1.301667e+04
7.314000e+02 1.297133e+04
7.313000e+02 1.291447e+04
7.312000e+02 1.299653e+04
7.311000e+02 1.307763e+04
7.310000e+02 1.299160e+04
7.309000e+02 1.298510e+04
7.308000e+02 1.314353e+04
7.307000e+02 1.300540e+04
7.306000e+02 1.295200e+04
7.305000e+02 1.316577e+04
7.304000e+02 1.313913e+04
7.303000e+02 1.312993e+04
7.302000e+02 1.315510e+04
7.301000e+02 1.309090e+04
7.300000e+02 1.316520e+04
7.299000e+02 1.317440e+04
7.298000e+02 1.315387e+04
7.297000e+02 1.321257e+04
7.296000e+02 1.322800e+04
7.295000e+02 1.319200e+04
7.294000e+02 1.329600e+04
7.293000e+02 1.325493e+04
7.292000e+02 1.321720e+04
7.291000e+02 1.314693e+04
7.290000e+02 1.321003e+04
7.289000e+02 1.325110e+04
7.288000e+02 1.326533e+04
7.287000e+02 1.329060e+04
7.286000e+02 1.332317e+04
7.285000e+02 1.341687e+04
7.284000e+02 1.330357e+04
7.283000e+02 1.331303e+04
7.282000e+02 1.342123e+04
7.281000e+02 1.339137e+04
7.280000e+02 1.338553e+04
7.279000e+02 1.347993e+04
7.278000e+02 1.350607e+04
7.277000e+02 1.339810e+04
7.276000e+02 1.342330e+04
7.275000e+02 1.342980e+04
7.274000e+02 1.344157e+04
7.273000e+02 1.358567e+04
7.272000e+02 1.339403e+04
7.271000e+02 1.345327e+04
7.270000e+02 1.353303e+04
7.269000e+02 1.356270e+04
7.268000e+02 1.362337e+04
7.267000e+02 1.365537e+04
7.266000e+02 1.368187e+04
7.265000e+02 1.369493e+04
7.264000e+02 1.365220e+04
7.263000e+02 1.352157e+04
7.262000e+02 1.356160e+04
7.261000e+02 1.365327e+04
7.260000e+02 1.371817e+04
7.259000e+02 1.356373e+04
7.258000e+02 1.370290e+04
7.257000e+02 1.373073e+04
7.256000e+02 1.367037e+04
7.255000e+02 1.370253e+04
7.254000e+02 1.361667e+04
7.253000e+02 1.369903e+04
7.252000e+02 1.368670e+04
7.251000e+02 1.374360e+04
7.250000e+02 1.375733e+04
7.249000e+02 1.384817e+04
7.248000e+02 1.383033e+04
7.247000e+02 1.375207e+04
7.246000e+02 1.387627e+04
7.245000e+02 1.381100e+04
7.244000e+02 1.376087e+04
7.243000e+02 1.385010e+04
7.242000e+02 1.378777e+04
7.241000e+02 1.382217e+04
7.240000e+02 1.389153e+04
7.239000e+02 1.393030e+04
7.238000e+02 1.394753e+04
7.237000e+02 1.398777e+04
7.236000e+02 1.399977e+04
7.235000e+02 1.401233e+04
7.234000e+02 1.398797e+04
7.233000e+02 1.392767e+04
7.232000e+02 1.394307e+04
7.231000e+02 1.396357e+04
7.230000e+02 1.396157e+04
7.229000e+02 1.395283e+04
7.228000e+02 1.398027e+04
7.227000e+02 1.403160e+04
7.226000e+02 1.402143e+04
7.225000e+02 1.399897e+04
7.224000e+02 1.408870e+04
7.223000e+02 1.417070e+04
7.222000e+02 1.408217e+04
7.221000e+02 1.408753e+04
7.220000e+02 1.410923e+04
7.219000e+02 1.422920e+04
7.218000e+02 1.418503e+04
7.217000e+02 1.406150e+04
7.216000e+02 1.415713e+04
7.215000e+02 1.419370e+04
7.214000e+02 1.424413e+04
7.213000e+02 1.427990e+04
7.212000e+02 1.424267e+04
7.211000e+02 1.431470e+04
7.210000e+02 1.440413e+04
7.209000e+02 1.433107e+04
7.208000e+02 1.437957e+04
7.207000e+02 1.433430e+04
7.206000e+02 1.435247e+04
7.205000e+02 1.467407e+04
7.204000e+02 1.465910e+04
7.203000e+02 1.463710e+04
7.202000e+02 1.454347e+04
7.201000e+02 1.462473e+04
7.200000e+02 1.470750e+04
7.199000e+02 1.472940e+04
7.198000e+02 1.489177e+04
7.197000e+02 1.483947e+04
7.196000e+02 1.486617e+04
7.195000e+02 1.485857e+04
7.194000e+02 1.478640e+04
7.193000e+02 1.497857e+04
7.192000e+02 1.501923e+04
7.191000e+02 1.497850e+04
7.190000e+02 1.497467e+04
7.189000e+02 1.503690e+04
7.188000e+02 1.515617e+04
7.187000e+02 1.515367e+04
7.186000e+02 1.518087e+04
7.185000e+02 1.521007e+04
7.184000e+02 1.526977e+04
7.183000e+02 1.517667e+04
7.182000e+02 1.526940e+04
7.181000e+02 1.527213e+04
7.180000e+02 1.532047e+04
7.179000e+02 1.535057e+04
7.178000e+02 1.517293e+04
7.177000e+02 1.535847e+04
7.176000e+02 1.538823e+04
7.175000e+02 1.538080e+04
7.174000e+02 1.534403e+04
7.173000e+02 1.548397e+04
7.172000e+02 1.546697e+04
7.171000e+02 1.558910e+04
7.170000e+02 1.566920e+04
7.169000e+02 1.562717e+04
7.168000e+02 1.557773e+04
7.167000e+02 1.547483e+04
7.166000e+02 1.555333e+04
7.165000e+02 1.559733e+04
7.164000e+02 1.554173e+04
7.163000e+02 1.571920e+04
7.162000e+02 1.571653e+04
7.161000e+02 1.578057e+04
7.160000e+02 1.587503e+04
7.159000e+02 1.583457e+04
7.158000e+02 1.596133e+04
7.157000e+02 1.608687e+04
7.156000e+02 1.596270e+04
7.155000e+02 1.610767e+04
7.154000e+02 1.614483e+04
7.153000e+02 1.614630e+04
7.152000e+02 1.623540e+04
7.151000e+02 1.638043e+04
7.150000e+02 1.645250e+04
7.149000e+02 1.647580e+04
7.148000e+02 1.652920e+04
7.147000e+02 1.672963e+04
7.146000e+02 1.671673e+04
7.145000e+02 1.699620e+04
7.144000e+02 1.701210e+04
7.143000e+02 1.709593e+04
7.142000e+02 1.724160e+04
7.141000e+02 1.736600e+04
7.140000e+02 1.747290e+04
7.139000e+02 1.774653e+04
7.138000e+02 1.792313e+04
7.137000e+02 1.808417e+04
7.136000e+02 1.825257e+04
7.135000e+02 1.834767e+04
7.134000e+02 1.863863e+04
7.133000e+02 1.894363e+04
7.132000e+02 1.910337e+04
7.131000e+02 1.924687e+04
7.130000e+02 1.943130e+04
7.129000e+02 1.956760e+04
7.128000e+02 1.981190e+04
7.127000e+02 1.988007e+04
7.126000e+02 2.022470e+04
7.125000e+02 2.032370e+04
7.124000e+02 2.045503e+04
7.123000e+02 2.058963e+04
7.122000e+02 2.070123e+04
7.121000e+02 2.070577e+04
7.120000e+02 2.056813e+04
7.119000e+02 2.048307e+04
7.118000e+02 2.039243e+04
7.117000e+02 2.029170e+04
7.116000e+02 2.011633e+04
7.115000e+02 1.992983e+04
7.114000e+02 1.982093e+04
7.113000e+02 1.952393e+04
7.112000e+02 1.921557e+04
7.111000e+02 1.887343e+04
7.110000e+02 1.871383e+04
7.109000e+02 1.845660e+04
7.108000e+02 1.814157e+04
7.107000e+02 1.786280e+04
7.106000e+02 1.759593e+04
7.105000e+02 1.728223e+04
7.104000e+02 1.705673e+04
7.103000e+02 1.698130e+04
7.102000e+02 1.667123e+04
7.101000e+02 1.658663e+04
7.100000e+02 1.640443e+04
7.099000e+02 1.619797e+04
7.098000e+02 1.598543e+04
7.097000e+02 1.581677e+04
7.096000e+02 1.572083e+04
7.095000e+02 1.562277e+04
7.094000e+02 1.562813e+04
7.093000e+02 1.555103e+04
7.092000e+02 1.530770e+04
7.091000e+02 1.518593e+04
7.090000e+02 1.512740e+04
7.089000e+02 1.510913e+04
7.088000e+02 1.513187e+04
7.087000e+02 1.504330e+04
7.086000e+02 1.491030e+04
7.085000e+02 1.491283e+04
7.084000e+02 1.490153e+04
7.083000e+02 1.490837e+04
7.082000e+02 1.489227e+04
7.081000e+02 1.493210e+04
7.080000e+02 1.479970e+04
7.079000e+02 1.480503e+04
7.078000e+02 1.490987e+04
7.077000e+02 1.496077e+04
7.076000e+02 1.492123e+04
7.075000e+02 1.502933e+04
7.074000e+02 1.497207e+04
7.073000e+02 1.512587e+04
7.072000e+02 1.516937e+04
7.071000e+02 1.515407e+04
7.070000e+02 1.521487e+04
7.069000e+02 1.533553e+04
7.068000e+02 1.535043e+04
7.067000e+02 1.540530e+04
7.066000e+02 1.536103e+04
7.065000e+02 1.549340e+04
7.064000e+02 1.557220e+04
7.063000e+02 1.576767e+04
7.062000e+02 1.587073e+04
7.061000e+02 1.590820e+04
7.060000e+02 1.597947e+04
7.059000e+02 1.594003e+04
7.058000e+02 1.598180e+04
7.057000e+02 1.603110e+04
7.056000e+02 1.611257e+04
7.055000e+02 1.612057e+04
7.054000e+02 1.602740e+04
7.053000e+02 1.608267e+04
7.052000e+02 1.614980e+04
7.051000e+02 1.607797e+04
7.050000e+02 1.607247e+04
7.049000e+02 1.599693e+04
7.048000e+02 1.586860e+04
7.047000e+02 1.576510e+04
7.046000e+02 1.569430e+04
7.045000e+02 1.549390e+04
7.044000e+02 1.536717e+04
7.043000e+02 1.527903e+04
7.042000e+02 1.507460e+04
7.041000e+02 1.493720e+04
7.040000e+02 1.473887e+04
7.039000e+02 1.472620e+04
7.038000e+02 1.450583e+04
7.037000e+02 1.432470e+04
7.036000e+02 1.425010e+04
7.035000e+02 1.399100e+04
7.034000e+02 1.389963e+04
7.033000e+02 1.377190e+04
7.032000e+02 1.379983e+04
7.031000e+02 1.356803e+04
7.030000e+02 1.344150e+04
7.029000e+02 1.336657e+04
7.028000e+02 1.323437e+04
7.027000e+02 1.330723e+04
7.026000e+02 1.307367e+04
7.025000e+02 1.299410e+04
7.024000e+02 1.292147e+04
7.023000e+02 1.271537e+04
7.022000e+02 1.263770e+04
7.021000e+02 1.262830e+04
7.020000e+02 1.245860e+04
7.019000e+02 1.235893e+04
7.018000e+02 1.236903e+04
7.017000e+02 1.228317e+04
7.016000e+02 1.220523e+04
7.015000e+02 1.198727e+04
7.014000e+02 1.207037e+04
7.013000e+02 1.193483e+04
7.012000e+02 1.174983e+04
7.011000e+02 1.171807e+04
7.010000e+02 1.164233e+04
7.009000e+02 1.160900e+04
7.008000e+02 1.142627e+04
7.007000e+02 1.144100e+04
7.006000e+02 1.131440e+04
7.005000e+02 1.114913e+04
7.004000e+02 1.101187e+04
7.003000e+02 1.090970e+04
7.002000e+02 1.084910e+04
7.001000e+02 1.081583e+04
7.000000e+02 1.050863e+04
