Cu metal
971.95	598.968
971.9	602.72
971.85	596.683
971.8	583.623
971.75	596.66
971.7	601.737
971.65	597.085
971.6	617.46
971.55	606.703
971.5	593.23
971.45	600.803
971.4	601.243
971.35	595.738
971.3	588.658
971.25	592.445
971.2	607.652
971.15	609.737
971.1	595.038
971.05	592.837
971	575.63
970.95	593.695
970.9	582.623
970.85	588.83
970.8	584.793
970.75	589.29
970.7	600.41
970.65	610.775
970.6	621.195
970.55	610.022
970.5	600.028
970.45	596.298
970.4	595.282
970.35	594.38
970.3	579.698
970.25	586.317
970.2	583.955
970.15	592.24
970.1	585.035
970.05	600.665
970	600.835
969.95	602.323
969.9	596.747
969.85	590.11
969.8	596.168
969.75	592.18
969.7	601.755
969.65	596.173
969.6	596.553
969.55	596.697
969.5	599.335
969.45	595.648
969.4	594.122
969.35	605.123
969.3	621.59
969.25	595.765
969.2	591.987
969.15	606.62
969.1	588.157
969.05	606.788
969	608.59
968.95	598.708
968.9	595.382
968.85	590.48
968.8	599.472
968.75	597.162
968.7	594.49
968.65	603.642
968.6	597.102
968.55	588.973
968.5	587.045
968.45	598.588
968.4	581.378
968.35	597.23
968.3	621.657
968.25	609.13
968.2	585.837
968.15	589.983
968.1	603.052
968.05	606.673
968	599.847
967.95	604.283
967.9	605.907
967.85	604.66
967.8	600.087
967.75	590.2
967.7	588.097
967.65	596.468
967.6	617.568
967.55	588.315
967.5	592.498
967.45	610.423
967.4	606.422
967.35	595.403
967.3	604.843
967.25	602.545
967.2	600.705
967.15	603.642
967.1	609.427
967.05	595.32
967	581.847
966.95	594.637
966.9	585.378
966.85	602.46
966.8	613.307
966.75	606.245
966.7	598.86
966.65	595.237
966.6	613.462
966.55	607.23
966.5	597.512
966.45	595.917
966.4	600.475
966.35	602.625
966.3	599.123
966.25	590.877
966.2	604.58
966.15	611.792
966.1	611.045
966.05	605.408
966	605.527
965.95	602.278
965.9	598.407
965.85	607.767
965.8	620.205
965.75	614.117
965.7	613.853
965.65	611.42
965.6	627.223
965.55	602.16
965.5	606.453
965.45	623.562
965.4	619.067
965.35	617.512
965.3	606.677
965.25	606.638
965.2	628.733
965.15	618.077
965.1	623.32
965.05	616.182
965	610.857
964.95	621.025
964.9	615.7
964.85	620.413
964.8	624.437
964.75	628.427
964.7	612.377
964.65	612.3
964.6	611.157
964.55	603.655
964.5	620.82
964.45	618.193
964.4	614
964.35	595.673
964.3	585.438
964.25	597.017
964.2	594.96
964.15	601.07
964.1	603.958
964.05	602.752
964	599.19
963.95	592.132
963.9	581.743
963.85	600.837
963.8	611.455
963.75	599.785
963.7	574.922
963.65	595.617
963.6	596.565
963.55	593.53
963.5	586.35
963.45	595.51
963.4	591.798
963.35	592.485
963.3	583.575
963.25	588.585
963.2	579.42
963.15	587.563
963.1	585.51
963.05	583.483
963	582.108
962.95	571.3
962.9	567.01
962.85	586.432
962.8	586.232
962.75	577.72
962.7	578.253
962.65	590.84
962.6	595.015
962.55	582.628
962.5	576.343
962.45	589.143
962.4	572.68
962.35	574.603
962.3	591.427
962.25	576.282
962.2	572.957
962.15	584.46
962.1	579.968
962.05	575.558
962	567.652
961.95	576.413
961.9	566.815
961.85	580.5
961.8	577.44
961.75	583.078
961.7	576.117
961.65	568.855
961.6	578.545
961.55	569.59
961.5	584.473
961.45	567.603
961.4	584.217
961.35	573.683
961.3	581.955
961.25	578
961.2	573.405
961.15	572.698
961.1	579.393
961.05	583.178
961	595.192
960.95	601.558
960.9	590.607
960.85	567.913
960.8	570.208
960.75	588.928
960.7	576.007
960.65	586.705
960.6	592.943
960.55	592.888
960.5	575.298
960.45	566.263
960.4	566.675
960.35	581.457
960.3	579.163
960.25	578.928
960.2	593.53
960.15	579.655
960.1	580.573
960.05	568.098
960	575.722
959.95	588.525
959.9	572.5
959.85	584.028
959.8	583.577
959.75	577.547
959.7	579.842
959.65	572.19
959.6	573.867
959.55	568.792
959.5	577.957
959.45	586.722
959.4	587.415
959.35	594.115
959.3	587.445
959.25	590.693
959.2	597.515
959.15	587.803
959.1	582.038
959.05	584.282
959	586.077
958.95	585.705
958.9	578.182
958.85	579.125
958.8	579.558
958.75	589.007
958.7	580.105
958.65	578.802
958.6	574.047
958.55	586.75
958.5	596.798
958.45	583.662
958.4	588.667
958.35	588.295
958.3	599.893
958.25	588.948
958.2	580.972
958.15	583.39
958.1	593.362
958.05	586.887
958	576.043
957.95	579.872
957.9	576.157
957.85	590.157
957.8	591.323
957.75	577.897
957.7	577.193
957.65	590.543
957.6	582.078
957.55	576.825
957.5	579.262
957.45	595.64
957.4	592.505
957.35	608.027
957.3	591.642
957.25	590.147
957.2	593.977
957.15	585.883
957.1	607.237
957.05	603.587
957	612.718
956.95	608.565
956.9	589.743
956.85	596.285
956.8	595.623
956.75	606.842
956.7	610.022
956.65	602.818
956.6	598.943
956.55	601.822
956.5	606.932
956.45	604.763
956.4	606.658
956.35	606.622
956.3	606.257
956.25	613.735
956.2	615.43
956.15	614.25
956.1	633.002
956.05	623.217
956	610.578
955.95	614.65
955.9	616.367
955.85	615.847
955.8	624.78
955.75	620.912
955.7	622.745
955.65	634.732
955.6	628.398
955.55	640.888
955.5	641.813
955.45	634.295
955.4	638.282
955.35	636.692
955.3	632.953
955.25	643.208
955.2	646.548
955.15	635.87
955.1	649.068
955.05	656.65
955	653.852
954.95	667.572
954.9	674.767
954.85	660.303
954.8	678.342
954.75	676.482
954.7	670.213
954.65	681.262
954.6	692.123
954.55	678.683
954.5	710.025
954.45	720.95
954.4	726.813
954.35	731.018
954.3	721.477
954.25	731.895
954.2	743.778
954.15	748.482
954.1	761.762
954.05	771
954	783.707
953.95	784.713
953.9	803.443
953.85	822.298
953.8	832.817
953.75	854.365
953.7	870.423
953.65	891.213
953.6	909.625
953.55	925.613
953.5	954.635
953.45	975.292
953.4	1019.94
953.35	1056.18
953.3	1094.62
953.25	1128.29
953.2	1165.97
953.15	1203.49
953.1	1248.38
953.05	1280.3
953	1340.33
952.95	1383.74
952.9	1439.1
952.85	1472.09
952.8	1519.12
952.75	1547.9
952.7	1592.91
952.65	1608.02
952.6	1634.78
952.55	1660.65
952.5	1647.07
952.45	1655.81
952.4	1626.87
952.35	1567.75
952.3	1559.7
952.25	1535.1
952.2	1486.44
952.15	1411.06
952.1	1352.9
952.05	1333.66
952	1254.94
951.95	1189.1
951.9	1162.9
951.85	1111.82
951.8	1082.96
951.75	1042.56
951.7	997.293
951.65	965.662
951.6	953.45
951.55	900.023
951.5	893.698
951.45	853.535
951.4	831.935
951.35	809.972
951.3	778.508
951.25	771.612
951.2	752.813
951.15	746.037
951.1	728.745
951.05	726.743
951	702.262
950.95	690.447
950.9	693.577
950.85	684.07
950.8	672.623
950.75	671.94
950.7	654.055
950.65	646.235
950.6	663.355
950.55	637.728
950.5	638.548
950.45	636.302
950.4	617.458
950.35	632.397
950.3	616.683
950.25	616.302
950.2	609.652
950.15	607.907
950.1	588.038
950.05	605.165
950	603.693
949.95	592.632
949.9	583.768
949.85	585.455
949.8	580.295
949.75	580.94
949.7	580.143
949.65	566.602
949.6	576.065
949.55	577.335
949.5	564.632
949.45	553.922
949.4	559.953
949.35	566.217
949.3	563.128
949.25	554.507
949.2	557.513
949.15	540.478
949.1	550.613
949.05	545.977
949	525.787
948.95	543.083
948.9	536.905
948.85	545.98
948.8	530.958
948.75	532.07
948.7	535.765
948.65	537.463
948.6	532.803
948.55	534.613
948.5	534.99
948.45	537.507
948.4	536.07
948.35	540.185
948.3	534.507
948.25	538.778
948.2	550.238
948.15	542.867
948.1	546.838
948.05	537.097
948	526.58
947.95	537.148
947.9	543.513
947.85	542.008
947.8	545.742
947.75	526.367
947.7	531.61
947.65	535.28
947.6	535.05
947.55	540.352
947.5	535.397
947.45	525.825
947.4	534.975
947.35	536.45
947.3	534.872
947.25	523.068
947.2	524.805
947.15	527.358
947.1	522.488
947.05	516.28
947	527.532
946.95	534.79
946.9	539.407
946.85	520.453
946.8	526.765
946.75	520.998
946.7	530.715
946.65	530.638
946.6	525.737
946.55	518.163
946.5	525.8
946.45	536.405
946.4	520.08
946.35	516.102
946.3	526.605
946.25	536.95
946.2	530.445
946.15	517.848
946.1	523.982
946.05	530.735
946	513.608
945.95	525.437
945.9	524.055
945.85	533.343
945.8	527.548
945.75	520.213
945.7	522.388
945.65	528.02
945.6	522.553
945.55	518.19
945.5	508.06
945.45	499.762
945.4	492.74
945.35	516.493
945.3	507.597
945.25	498.668
945.2	490.01
945.15	497.687
945.1	502.82
945.05	505.792
945	489.925
944.95	503.012
944.9	505.048
944.85	510.14
944.8	497.308
944.75	495.34
944.7	500.135
944.65	486.743
944.6	490.088
944.55	493.11
944.5	496.145
944.45	500.668
944.4	496.178
944.35	507.142
944.3	496.21
944.25	483.797
944.2	477.267
944.15	498.732
944.1	499.632
944.05	500.672
944	484.322
943.95	497.672
943.9	480.642
943.85	474.433
943.8	487.797
943.75	494.363
943.7	499.77
943.65	485.25
943.6	480.563
943.55	471.56
943.5	473.598
943.45	476.242
943.4	465.06
943.35	475.263
943.3	475.113
943.25	475.54
943.2	476.985
943.15	461.473
943.1	469.015
943.05	473.805
943	468.427
942.95	466.69
942.9	461.073
942.85	466.925
942.8	458.705
942.75	453.962
942.7	451.048
942.65	461.61
942.6	464.728
942.55	458.28
942.5	457.537
942.45	456.032
942.4	459.777
942.35	450.98
942.3	448.44
942.25	452.673
942.2	454.547
942.15	448.167
942.1	453.332
942.05	440.29
942	443.54
941.95	442.993
941.9	437.665
941.85	438.483
941.8	422.08
941.75	430.657
941.7	433.565
941.65	438.993
941.6	431.375
941.55	419.155
941.5	430.615
941.45	430.655
941.4	438.763
941.35	419.848
941.3	429.625
941.25	431.445
941.2	430.552
941.15	414.09
941.1	417.777
941.05	415.565
941	422.672
940.95	435.253
940.9	433.547
940.85	427.838
940.8	435.122
940.75	423.803
940.7	432.727
940.65	425.965
940.6	422.363
940.55	423.93
940.5	423.023
940.45	416.563
940.4	413.59
940.35	420.413
940.3	420.985
940.25	433.933
940.2	426.042
940.15	441.738
940.1	447.09
940.05	426.528
940	429.872
939.95	438.895
939.9	424.687
939.85	430.51
939.8	437.282
939.75	428.002
939.7	437.398
939.65	424.428
939.6	412.403
939.55	416.1
939.5	429.428
939.45	431.33
939.4	425.86
939.35	422.578
939.3	427.158
939.25	432.287
939.2	417.272
939.15	422.357
939.1	420.502
939.05	420.092
939	422.748
938.95	417.875
938.9	417.487
938.85	421.082
938.8	417.472
938.75	420.148
938.7	425.813
938.65	407.303
938.6	429.057
938.55	423.957
938.5	417.36
938.45	434.412
938.4	420.168
938.35	427.487
938.3	421.397
938.25	432.885
938.2	423.038
938.15	430.352
938.1	435.74
938.05	424.972
938	420.233
937.95	429.352
937.9	426.99
937.85	432.922
937.8	436.51
937.75	427.007
937.7	436.707
937.65	446.855
937.6	432.915
937.55	439.625
937.5	437.992
937.45	439.307
937.4	439.93
937.35	440.877
937.3	436.352
937.25	427.667
937.2	437.168
937.15	444.575
937.1	430.817
937.05	442.093
937	436.917
936.95	440.06
936.9	441.942
936.85	436.508
936.8	443.605
936.75	437.233
936.7	446.703
936.65	454.613
936.6	436.775
936.55	439.472
936.5	450.147
936.45	447.742
936.4	438.5
936.35	440.125
936.3	452.045
936.25	446.05
936.2	447.477
936.15	448.883
936.1	444.782
936.05	459.113
936	459.357
935.95	457.37
935.9	452.168
935.85	442.313
935.8	443.725
935.75	459.448
935.7	460.782
935.65	455.295
935.6	440.415
935.55	459.925
935.5	464.343
935.45	457.755
935.4	451.96
935.35	474.805
935.3	460.675
935.25	464.115
935.2	463.825
935.15	464.512
935.1	465.28
935.05	476.63
935	472.322
934.95	481.343
934.9	486.295
934.85	486.533
934.8	483.272
934.75	501.62
934.7	510.122
934.65	508.312
934.6	510.188
934.55	514.285
934.5	523.628
934.45	545.707
934.4	551.487
934.35	553.562
934.3	566.003
934.25	574.655
934.2	582.652
934.15	626.278
934.1	623.908
934.05	659.113
934	673.323
933.95	688.922
933.9	723.782
933.85	758.845
933.8	805.662
933.75	841.873
933.7	880.583
933.65	930.032
933.6	987.57
933.55	1059.62
933.5	1137.4
933.45	1227.21
933.4	1349.65
933.35	1481.33
933.3	1653.62
933.25	1810.17
933.2	1976.57
933.15	2181.03
933.1	2446.27
933.05	2733.2
933	3004.85
932.95	3275.5
932.9	3563.25
932.85	3806.32
932.8	3961.02
932.75	4044.85
932.7	4094.27
932.65	4072.62
932.6	3945.93
932.55	3730.87
932.5	3467.58
932.45	3177.73
932.4	2875.73
932.35	2554.73
932.3	2309.05
932.25	2053.73
932.2	1821.33
932.15	1609.64
932.1	1448.14
932.05	1300.44
932	1187
931.95	1110.87
931.9	1017.93
931.85	910.203
931.8	853.192
931.75	796.772
931.7	742.363
931.65	691.753
931.6	664.647
931.55	626.53
931.5	588.435
931.45	585.847
931.4	562.137
931.35	525.078
931.3	512.722
931.25	491.16
931.2	484.722
931.15	457.607
931.1	453.168
931.05	439.28
931	439.8
930.95	430.687
930.9	420.88
930.85	412.848
930.8	402.16
930.75	394.967
930.7	387.832
930.65	380.743
930.6	374.202
930.55	365.642
930.5	368.135
930.45	375.958
930.4	357.337
930.35	346.783
930.3	349.038
930.25	342.163
930.2	345.482
930.15	341.147
930.1	338.922
930.05	334.105
930	334.885
929.95	344.927
929.9	327.652
929.85	314.938
929.8	331.447
929.75	318.105
929.7	325.69
929.65	313.85
929.6	310.395
929.55	309.938
929.5	317.598
929.45	304.88
929.4	317.932
929.35	307.775
929.3	319.3
929.25	308.945
929.2	305.452
929.15	302.705
929.1	299.802
929.05	305.388
929	304.435
928.95	302.91
928.9	300.492
928.85	305.138
928.8	301.183
928.75	300.227
928.7	300.368
928.65	289.845
928.6	285.45
928.55	289.912
928.5	284.333
928.45	290.688
928.4	296.44
928.35	296.018
928.3	285.643
928.25	296.018
928.2	285.928
928.15	295.992
928.1	293.673
928.05	285.538
928	283.445
927.95	288.003
927.9	278.243
927.85	279.372
927.8	280.647
927.75	280.538
927.7	283.522
927.65	277.023
927.6	275.622
927.55	282.507
927.5	285.457
927.45	277.52
927.4	287.355
927.35	287.813
927.3	280.325
927.25	282.178
927.2	284.692
927.15	280.373
927.1	267.595
927.05	276.18
927	271.847
926.95	276.442
926.9	279.908
926.85	275.642
926.8	281.272
926.75	282.672
926.7	278.665
926.65	281.985
926.6	278.173
926.55	285.95
926.5	280.307
926.45	267.777
926.4	273.442
926.35	260.25
926.3	271.318
926.25	265.825
926.2	278.372
926.15	268.018
926.1	266.772
926.05	270.968
926	270.198
925.95	266.925
925.9	275.817
925.85	278.875
925.8	282.555
925.75	276.512
925.7	278.778
925.65	272.24
925.6	272.668
925.55	275.938
925.5	272.165
925.45	272.973
925.4	269.265
925.35	271.668
925.3	278.088
925.25	279.047
925.2	268.287
925.15	274.608
925.1	269.713
925.05	281.588
925	282.817
924.95	275.672
924.9	281.887
924.85	272.38
924.8	275.61
924.75	276.56
924.7	272.075
924.65	276.478
924.6	273.093
924.55	279.715
924.5	274.778
924.45	284.602
924.4	260.293
924.35	260.135
924.3	270.068
924.25	274.252
924.2	272.545
924.15	271.083
924.1	277.848
924.05	267.108
924	268.378
923.95	262.362
923.9	272.757
923.85	271.252
923.8	265.288
923.75	269.89
923.7	271.703
923.65	270.113
923.6	268.995
923.55	269.025
923.5	260.132
923.45	263.158
923.4	274.912
923.35	282.188
923.3	274.285
923.25	266.497
923.2	266.957
923.15	269.905
923.1	271.262
923.05	271.857
923	281.672
922.95	273.325
922.9	265.737
922.85	269.033
922.8	262.358
922.75	264.262
922.7	265.683
922.65	264.183
922.6	269.028
922.55	274.32
922.5	263.17
922.45	261.183
922.4	270.497
922.35	269.725
922.3	274.243
922.25	271.13
922.2	268.36
922.15	270.645
922.1	278.443
922.05	272.197
922	266.837
921.95	271.78
921.9	275.803
921.85	281.322
921.8	277.583
921.75	267.043
921.7	270.492
921.65	270.635
921.6	272.665
921.55	272.38
921.5	271.723
921.45	276.883
921.4	277.528
921.35	269.153
921.3	268.192
921.25	271.397
921.2	271.44
921.15	271.23
921.1	271.117
921.05	279.68
921	274.165
920.95	269.517
920.9	269.717
920.85	271.48
920.8	276.007
920.75	262.288
920.7	261.967
920.65	269.365
920.6	273.088
920.55	268.25
920.5	272.732
920.45	273.003
920.4	267.513
920.35	268.74
920.3	277.203
920.25	266.928
920.2	266.883
920.15	265.598
920.1	261.572
920.05	269.62
920	266.267
