Fe2O3
7.500000e+02 6.722580e+04
7.499500e+02 6.695110e+04
7.499000e+02 6.667640e+04
7.498500e+02 6.692030e+04
7.498000e+02 6.716420e+04
7.497500e+02 6.692360e+04
7.497000e+02 6.668300e+04
7.496500e+02 6.708180e+04
7.496000e+02 6.748060e+04
7.495500e+02 6.759750e+04
7.495000e+02 6.771440e+04
7.494500e+02 6.735530e+04
7.494000e+02 6.699620e+04
7.493500e+02 6.706960e+04
7.493000e+02 6.714300e+04
7.492500e+02 6.716990e+04
7.492000e+02 6.719680e+04
7.491500e+02 6.721090e+04
7.491000e+02 6.722500e+04
7.490500e+02 6.737550e+04
7.490000e+02 6.752600e+04
7.489500e+02 6.741960e+04
7.489000e+02 6.731320e+04
7.488500e+02 6.749700e+04
7.488000e+02 6.768080e+04
7.487500e+02 6.746910e+04
7.487000e+02 6.725740e+04
7.486500e+02 6.753850e+04
7.486000e+02 6.781960e+04
7.485500e+02 6.793560e+04
7.485000e+02 6.805160e+04
7.484500e+02 6.812650e+04
7.484000e+02 6.820140e+04
7.483500e+02 6.821570e+04
7.483000e+02 6.823000e+04
7.482500e+02 6.829040e+04
7.482000e+02 6.835080e+04
7.481500e+02 6.800280e+04
7.481000e+02 6.765480e+04
7.480500e+02 6.783250e+04
7.480000e+02 6.801020e+04
7.479500e+02 6.832700e+04
7.479000e+02 6.864380e+04
7.478500e+02 6.838280e+04
7.478000e+02 6.812180e+04
7.477500e+02 6.812350e+04
7.477000e+02 6.812520e+04
7.476500e+02 6.822660e+04
7.476000e+02 6.832800e+04
7.475500e+02 6.840670e+04
7.475000e+02 6.848540e+04
7.474500e+02 6.847060e+04
7.474000e+02 6.845580e+04
7.473500e+02 6.852400e+04
7.473000e+02 6.859220e+04
7.472500e+02 6.885760e+04
7.472000e+02 6.912300e+04
7.471500e+02 6.883450e+04
7.471000e+02 6.854600e+04
7.470500e+02 6.832100e+04
7.470000e+02 6.809600e+04
7.469500e+02 6.824750e+04
7.469000e+02 6.839900e+04
7.468500e+02 6.867200e+04
7.468000e+02 6.894500e+04
7.467500e+02 6.890720e+04
7.467000e+02 6.886940e+04
7.466500e+02 6.883490e+04
7.466000e+02 6.880040e+04
7.465500e+02 6.896730e+04
7.465000e+02 6.913420e+04
7.464500e+02 6.922900e+04
7.464000e+02 6.932380e+04
7.463500e+02 6.955720e+04
7.463000e+02 6.979060e+04
7.462500e+02 6.959530e+04
7.462000e+02 6.940000e+04
7.461500e+02 6.952040e+04
7.461000e+02 6.964080e+04
7.460500e+02 6.976730e+04
7.460000e+02 6.989380e+04
7.459500e+02 7.000490e+04
7.459000e+02 7.011600e+04
7.458500e+02 7.038280e+04
7.458000e+02 7.064960e+04
7.457500e+02 7.045510e+04
7.457000e+02 7.026060e+04
7.456500e+02 7.038120e+04
7.456000e+02 7.050180e+04
7.455500e+02 7.029320e+04
7.455000e+02 7.008460e+04
7.454500e+02 7.026770e+04
7.454000e+02 7.045080e+04
7.453500e+02 7.096120e+04
7.453000e+02 7.147160e+04
7.452500e+02 7.145180e+04
7.452000e+02 7.143200e+04
7.451500e+02 7.133460e+04
7.451000e+02 7.123720e+04
7.450500e+02 7.158080e+04
7.450000e+02 7.192440e+04
7.449500e+02 7.197500e+04
7.449000e+02 7.202560e+04
7.448500e+02 7.249840e+04
7.448000e+02 7.297120e+04
7.447500e+02 7.281190e+04
7.447000e+02 7.265260e+04
7.446500e+02 7.303790e+04
7.446000e+02 7.342320e+04
7.445500e+02 7.371310e+04
7.445000e+02 7.400300e+04
7.444500e+02 7.374410e+04
7.444000e+02 7.348520e+04
7.443500e+02 7.369420e+04
7.443000e+02 7.390320e+04
7.442500e+02 7.399870e+04
7.442000e+02 7.409420e+04
7.441500e+02 7.429290e+04
7.441000e+02 7.449160e+04
7.440500e+02 7.454720e+04
7.440000e+02 7.460280e+04
7.439500e+02 7.480580e+04
7.439000e+02 7.500880e+04
7.438500e+02 7.518020e+04
7.438000e+02 7.535160e+04
7.437500e+02 7.546860e+04
7.437000e+02 7.558560e+04
7.436500e+02 7.568590e+04
7.436000e+02 7.578620e+04
7.435500e+02 7.553940e+04
7.435000e+02 7.529260e+04
7.434500e+02 7.551870e+04
7.434000e+02 7.574480e+04
7.433500e+02 7.580970e+04
7.433000e+02 7.587460e+04
7.432500e+02 7.598850e+04
7.432000e+02 7.610240e+04
7.431500e+02 7.621490e+04
7.431000e+02 7.632740e+04
7.430500e+02 7.636410e+04
7.430000e+02 7.640080e+04
7.429500e+02 7.639610e+04
7.429000e+02 7.639140e+04
7.428500e+02 7.598160e+04
7.428000e+02 7.557180e+04
7.427500e+02 7.554110e+04
7.427000e+02 7.551040e+04
7.426500e+02 7.587370e+04
7.426000e+02 7.623700e+04
7.425500e+02 7.627390e+04
7.425000e+02 7.631080e+04
7.424500e+02 7.619070e+04
7.424000e+02 7.607060e+04
7.423500e+02 7.607230e+04
7.423000e+02 7.607400e+04
7.422500e+02 7.579050e+04
7.422000e+02 7.550700e+04
7.421500e+02 7.557750e+04
7.421000e+02 7.564800e+04
7.420500e+02 7.566410e+04
7.420000e+02 7.568020e+04
7.419500e+02 7.561500e+04
7.419000e+02 7.554980e+04
7.418500e+02 7.563190e+04
7.418000e+02 7.571400e+04
7.417500e+02 7.531830e+04
7.417000e+02 7.492260e+04
7.416500e+02 7.504760e+04
7.416000e+02 7.517260e+04
7.415500e+02 7.522110e+04
7.415000e+02 7.526960e+04
7.414500e+02 7.513850e+04
7.414000e+02 7.500740e+04
7.413500e+02 7.486770e+04
7.413000e+02 7.472800e+04
7.412500e+02 7.463650e+04
7.412000e+02 7.454500e+04
7.411500e+02 7.467660e+04
7.411000e+02 7.480820e+04
7.410500e+02 7.485470e+04
7.410000e+02 7.490120e+04
7.409500e+02 7.461360e+04
7.409000e+02 7.432600e+04
7.408500e+02 7.404150e+04
7.408000e+02 7.375700e+04
7.407500e+02 7.413580e+04
7.407000e+02 7.451460e+04
7.406500e+02 7.457040e+04
7.406000e+02 7.462620e+04
7.405500e+02 7.416280e+04
7.405000e+02 7.369940e+04
7.404500e+02 7.373250e+04
7.404000e+02 7.376560e+04
7.403500e+02 7.387550e+04
7.403000e+02 7.398540e+04
7.402500e+02 7.380460e+04
7.402000e+02 7.362380e+04
7.401500e+02 7.368470e+04
7.401000e+02 7.374560e+04
7.400500e+02 7.374440e+04
7.400000e+02 7.374320e+04
7.399500e+02 7.366630e+04
7.399000e+02 7.358940e+04
7.398500e+02 7.358190e+04
7.398000e+02 7.357440e+04
7.397500e+02 7.377610e+04
7.397000e+02 7.397780e+04
7.396500e+02 7.374950e+04
7.396000e+02 7.352120e+04
7.395500e+02 7.351680e+04
7.395000e+02 7.351240e+04
7.394500e+02 7.383430e+04
7.394000e+02 7.415620e+04
7.393500e+02 7.409970e+04
7.393000e+02 7.404320e+04
7.392500e+02 7.405080e+04
7.392000e+02 7.405840e+04
7.391500e+02 7.409920e+04
7.391000e+02 7.414000e+04
7.390500e+02 7.442450e+04
7.390000e+02 7.470900e+04
7.389500e+02 7.466980e+04
7.389000e+02 7.463060e+04
7.388500e+02 7.467000e+04
7.388000e+02 7.470940e+04
7.387500e+02 7.433200e+04
7.387000e+02 7.395460e+04
7.386500e+02 7.394560e+04
7.386000e+02 7.393660e+04
7.385500e+02 7.419980e+04
7.385000e+02 7.446300e+04
7.384500e+02 7.458510e+04
7.384000e+02 7.470720e+04
7.383500e+02 7.502480e+04
7.383000e+02 7.534240e+04
7.382500e+02 7.546170e+04
7.382000e+02 7.558100e+04
7.381500e+02 7.584690e+04
7.381000e+02 7.611280e+04
7.380500e+02 7.593140e+04
7.380000e+02 7.575000e+04
7.379500e+02 7.582000e+04
7.379000e+02 7.589000e+04
7.378500e+02 7.575030e+04
7.378000e+02 7.561060e+04
7.377500e+02 7.603020e+04
7.377000e+02 7.644980e+04
7.376500e+02 7.644090e+04
7.376000e+02 7.643200e+04
7.375500e+02 7.655460e+04
7.375000e+02 7.667720e+04
7.374500e+02 7.711570e+04
7.374000e+02 7.755420e+04
7.373500e+02 7.743750e+04
7.373000e+02 7.732080e+04
7.372500e+02 7.742710e+04
7.372000e+02 7.753340e+04
7.371500e+02 7.785170e+04
7.371000e+02 7.817000e+04
7.370500e+02 7.825080e+04
7.370000e+02 7.833160e+04
7.369500e+02 7.868860e+04
7.369000e+02 7.904560e+04
7.368500e+02 7.882710e+04
7.368000e+02 7.860860e+04
7.367500e+02 7.868580e+04
7.367000e+02 7.876300e+04
7.366500e+02 7.904890e+04
7.366000e+02 7.933480e+04
7.365500e+02 7.921850e+04
7.365000e+02 7.910220e+04
7.364500e+02 7.950670e+04
7.364000e+02 7.991120e+04
7.363500e+02 8.001950e+04
7.363000e+02 8.012780e+04
7.362500e+02 8.051990e+04
7.362000e+02 8.091200e+04
7.361500e+02 8.106010e+04
7.361000e+02 8.120820e+04
7.360500e+02 8.125420e+04
7.360000e+02 8.130020e+04
7.359500e+02 8.105740e+04
7.359000e+02 8.081460e+04
7.358500e+02 8.106820e+04
7.358000e+02 8.132180e+04
7.357500e+02 8.164110e+04
7.357000e+02 8.196040e+04
7.356500e+02 8.224670e+04
7.356000e+02 8.253300e+04
7.355500e+02 8.247380e+04
7.355000e+02 8.241460e+04
7.354500e+02 8.253540e+04
7.354000e+02 8.265620e+04
7.353500e+02 8.305690e+04
7.353000e+02 8.345760e+04
7.352500e+02 8.349830e+04
7.352000e+02 8.353900e+04
7.351500e+02 8.369340e+04
7.351000e+02 8.384780e+04
7.350500e+02 8.377820e+04
7.350000e+02 8.370860e+04
7.349500e+02 8.418090e+04
7.349000e+02 8.465320e+04
7.348500e+02 8.472930e+04
7.348000e+02 8.480540e+04
7.347500e+02 8.472780e+04
7.347000e+02 8.465020e+04
7.346500e+02 8.526670e+04
7.346000e+02 8.588320e+04
7.345500e+02 8.603280e+04
7.345000e+02 8.618240e+04
7.344500e+02 8.627990e+04
7.344000e+02 8.637740e+04
7.343500e+02 8.650350e+04
7.343000e+02 8.662960e+04
7.342500e+02 8.669500e+04
7.342000e+02 8.676040e+04
7.341500e+02 8.697410e+04
7.341000e+02 8.718780e+04
7.340500e+02 8.731220e+04
7.340000e+02 8.743660e+04
7.339500e+02 8.737150e+04
7.339000e+02 8.730640e+04
7.338500e+02 8.745770e+04
7.338000e+02 8.760900e+04
7.337500e+02 8.803220e+04
7.337000e+02 8.845540e+04
7.336500e+02 8.852670e+04
7.336000e+02 8.859800e+04
7.335500e+02 8.837700e+04
7.335000e+02 8.815600e+04
7.334500e+02 8.848930e+04
7.334000e+02 8.882260e+04
7.333500e+02 8.907140e+04
7.333000e+02 8.932020e+04
7.332500e+02 8.907270e+04
7.332000e+02 8.882520e+04
7.331500e+02 8.872940e+04
7.331000e+02 8.863360e+04
7.330500e+02 8.872450e+04
7.330000e+02 8.881540e+04
7.329500e+02 8.911170e+04
7.329000e+02 8.940800e+04
7.328500e+02 8.898340e+04
7.328000e+02 8.855880e+04
7.327500e+02 8.874500e+04
7.327000e+02 8.893120e+04
7.326500e+02 8.884300e+04
7.326000e+02 8.875480e+04
7.325500e+02 8.882730e+04
7.325000e+02 8.889980e+04
7.324500e+02 8.898560e+04
7.324000e+02 8.907140e+04
7.323500e+02 8.876340e+04
7.323000e+02 8.845540e+04
7.322500e+02 8.852670e+04
7.322000e+02 8.918280e+04
7.321500e+02 8.915160e+04
7.321000e+02 8.912040e+04
7.320500e+02 8.895530e+04
7.320000e+02 8.879020e+04
7.319500e+02 8.876070e+04
7.319000e+02 8.873120e+04
7.318500e+02 8.877000e+04
7.318000e+02 8.880880e+04
7.317500e+02 8.851630e+04
7.317000e+02 8.822380e+04
7.316500e+02 8.843590e+04
7.316000e+02 8.864800e+04
7.315500e+02 8.840640e+04
7.315000e+02 8.816480e+04
7.314500e+02 8.841140e+04
7.314000e+02 8.865800e+04
7.313500e+02 8.847140e+04
7.313000e+02 8.828480e+04
7.312500e+02 8.835080e+04
7.312000e+02 8.841680e+04
7.311500e+02 8.829410e+04
7.311000e+02 8.817140e+04
7.310500e+02 8.828340e+04
7.310000e+02 8.839540e+04
7.309500e+02 8.845250e+04
7.309000e+02 8.850960e+04
7.308500e+02 8.834240e+04
7.308000e+02 8.817520e+04
7.307500e+02 8.828670e+04
7.307000e+02 8.839820e+04
7.306500e+02 8.807750e+04
7.306000e+02 8.775680e+04
7.305500e+02 8.797670e+04
7.305000e+02 8.819660e+04
7.304500e+02 8.826040e+04
7.304000e+02 8.832420e+04
7.303500e+02 8.850070e+04
7.303000e+02 8.867720e+04
7.302500e+02 8.915620e+04
7.302000e+02 8.963520e+04
7.301500e+02 8.925050e+04
7.301000e+02 8.886580e+04
7.300500e+02 8.911710e+04
7.300000e+02 8.936840e+04
7.299500e+02 8.936870e+04
7.299000e+02 8.936900e+04
7.298500e+02 8.945890e+04
7.298000e+02 8.954880e+04
7.297500e+02 8.955790e+04
7.297000e+02 8.956700e+04
7.296500e+02 9.022130e+04
7.296000e+02 9.087560e+04
7.295500e+02 9.089150e+04
7.295000e+02 9.090740e+04
7.294500e+02 9.120950e+04
7.294000e+02 9.151160e+04
7.293500e+02 9.174660e+04
7.293000e+02 9.198160e+04
7.292500e+02 9.190160e+04
7.292000e+02 9.182160e+04
7.291500e+02 9.202820e+04
7.291000e+02 9.223480e+04
7.290500e+02 9.248000e+04
7.290000e+02 9.272520e+04
7.289500e+02 9.280170e+04
7.289000e+02 9.287820e+04
7.288500e+02 9.314300e+04
7.288000e+02 9.340780e+04
7.287500e+02 9.365910e+04
7.287000e+02 9.391040e+04
7.286500e+02 9.433270e+04
7.286000e+02 9.475500e+04
7.285500e+02 9.514130e+04
7.285000e+02 9.552760e+04
7.284500e+02 9.580080e+04
7.284000e+02 9.607400e+04
7.283500e+02 9.632350e+04
7.283000e+02 9.657300e+04
7.282500e+02 9.673280e+04
7.282000e+02 9.689260e+04
7.281500e+02 9.718650e+04
7.281000e+02 9.748040e+04
7.280500e+02 9.811920e+04
7.280000e+02 9.875800e+04
7.279500e+02 9.871350e+04
7.279000e+02 9.866900e+04
7.278500e+02 9.893420e+04
7.278000e+02 9.919940e+04
7.277500e+02 9.974090e+04
7.277000e+02 1.002824e+05
7.276500e+02 1.009910e+05
7.276000e+02 1.016996e+05
7.275500e+02 1.023778e+05
7.275000e+02 1.030560e+05
7.274500e+02 1.031892e+05
7.274000e+02 1.033224e+05
7.273500e+02 1.037058e+05
7.273000e+02 1.040892e+05
7.272500e+02 1.043652e+05
7.272000e+02 1.046412e+05
7.271500e+02 1.050484e+05
7.271000e+02 1.054556e+05
7.270500e+02 1.060332e+05
7.270000e+02 1.066108e+05
7.269500e+02 1.071415e+05
7.269000e+02 1.076722e+05
7.268500e+02 1.080983e+05
7.268000e+02 1.085244e+05
7.267500e+02 1.085801e+05
7.267000e+02 1.086358e+05
7.266500e+02 1.090929e+05
7.266000e+02 1.095500e+05
7.265500e+02 1.099617e+05
7.265000e+02 1.103734e+05
7.264500e+02 1.106427e+05
7.264000e+02 1.109120e+05
7.263500e+02 1.117512e+05
7.263000e+02 1.125904e+05
7.262500e+02 1.126522e+05
7.262000e+02 1.127140e+05
7.261500e+02 1.131142e+05
7.261000e+02 1.135144e+05
7.260500e+02 1.141870e+05
7.260000e+02 1.148596e+05
7.259500e+02 1.152518e+05
7.259000e+02 1.156440e+05
7.258500e+02 1.162125e+05
7.258000e+02 1.167810e+05
7.257500e+02 1.169061e+05
7.257000e+02 1.170312e+05
7.256500e+02 1.174962e+05
7.256000e+02 1.179612e+05
7.255500e+02 1.183313e+05
7.255000e+02 1.187014e+05
7.254500e+02 1.190478e+05
7.254000e+02 1.193942e+05
7.253500e+02 1.193681e+05
7.253000e+02 1.193420e+05
7.252500e+02 1.197663e+05
7.252000e+02 1.201906e+05
7.251500e+02 1.203381e+05
7.251000e+02 1.204856e+05
7.250500e+02 1.208498e+05
7.250000e+02 1.212140e+05
7.249500e+02 1.213868e+05
7.249000e+02 1.215596e+05
7.248500e+02 1.216545e+05
7.248000e+02 1.217494e+05
7.247500e+02 1.211724e+05
7.247000e+02 1.205954e+05
7.246500e+02 1.206563e+05
7.246000e+02 1.207172e+05
7.245500e+02 1.202357e+05
7.245000e+02 1.197542e+05
7.244500e+02 1.196186e+05
7.244000e+02 1.194830e+05
7.243500e+02 1.192585e+05
7.243000e+02 1.190340e+05
7.242500e+02 1.184154e+05
7.242000e+02 1.177968e+05
7.241500e+02 1.169723e+05
7.241000e+02 1.161478e+05
7.240500e+02 1.155319e+05
7.240000e+02 1.149160e+05
7.239500e+02 1.140645e+05
7.239000e+02 1.132130e+05
7.238500e+02 1.126425e+05
7.238000e+02 1.120720e+05
7.237500e+02 1.109078e+05
7.237000e+02 1.097436e+05
7.236500e+02 1.087214e+05
7.236000e+02 1.076992e+05
7.235500e+02 1.065906e+05
7.235000e+02 1.054820e+05
7.234500e+02 1.048358e+05
7.234000e+02 1.041896e+05
7.233500e+02 1.030077e+05
7.233000e+02 1.018258e+05
7.232500e+02 1.006359e+05
7.232000e+02 9.944600e+04
7.231500e+02 9.839580e+04
7.231000e+02 9.734560e+04
7.230500e+02 9.625170e+04
7.230000e+02 9.515780e+04
7.229500e+02 9.415460e+04
7.229000e+02 9.315140e+04
7.228500e+02 9.273680e+04
7.228000e+02 9.232220e+04
7.227500e+02 9.153340e+04
7.227000e+02 9.074460e+04
7.226500e+02 8.972580e+04
7.226000e+02 8.870700e+04
7.225500e+02 8.785650e+04
7.225000e+02 8.700600e+04
7.224500e+02 8.653920e+04
7.224000e+02 8.607240e+04
7.223500e+02 8.565370e+04
7.223000e+02 8.523500e+04
7.222500e+02 8.484060e+04
7.222000e+02 8.444620e+04
7.221500e+02 8.401380e+04
7.221000e+02 8.358140e+04
7.220500e+02 8.331800e+04
7.220000e+02 8.305460e+04
7.219500e+02 8.300110e+04
7.219000e+02 8.294760e+04
7.218500e+02 8.284920e+04
7.218000e+02 8.275080e+04
7.217500e+02 8.311200e+04
7.217000e+02 8.347320e+04
7.216500e+02 8.339290e+04
7.216000e+02 8.331260e+04
7.215500e+02 8.288950e+04
7.215000e+02 8.246640e+04
7.214500e+02 8.271260e+04
7.214000e+02 8.295880e+04
7.213500e+02 8.332620e+04
7.213000e+02 8.369360e+04
7.212500e+02 8.341830e+04
7.212000e+02 8.314300e+04
7.211500e+02 8.329200e+04
7.211000e+02 8.344100e+04
7.210500e+02 8.347670e+04
7.210000e+02 8.351240e+04
7.209500e+02 8.381840e+04
7.209000e+02 8.412440e+04
7.208500e+02 8.413550e+04
7.208000e+02 8.414660e+04
7.207500e+02 8.426530e+04
7.207000e+02 8.438400e+04
7.206500e+02 8.477270e+04
7.206000e+02 8.516140e+04
7.205500e+02 8.524400e+04
7.205000e+02 8.532660e+04
7.204500e+02 8.555630e+04
7.204000e+02 8.578600e+04
7.203500e+02 8.582070e+04
7.203000e+02 8.585540e+04
7.202500e+02 8.585190e+04
7.202000e+02 8.584840e+04
7.201500e+02 8.602280e+04
7.201000e+02 8.619720e+04
7.200500e+02 8.640730e+04
7.200000e+02 8.661740e+04
7.199500e+02 8.679890e+04
7.199000e+02 8.698040e+04
7.198500e+02 8.654140e+04
7.198000e+02 8.610240e+04
7.197500e+02 8.621570e+04
7.197000e+02 8.632900e+04
7.196500e+02 8.668100e+04
7.196000e+02 8.703300e+04
7.195500e+02 8.679480e+04
7.195000e+02 8.655660e+04
7.194500e+02 8.654040e+04
7.194000e+02 8.652420e+04
7.193500e+02 8.618870e+04
7.193000e+02 8.585320e+04
7.192500e+02 8.577760e+04
7.192000e+02 8.570200e+04
7.191500e+02 8.576600e+04
7.191000e+02 8.583000e+04
7.190500e+02 8.573740e+04
7.190000e+02 8.564480e+04
7.189500e+02 8.526080e+04
7.189000e+02 8.487680e+04
7.188500e+02 8.490530e+04
7.188000e+02 8.493380e+04
7.187500e+02 8.462790e+04
7.187000e+02 8.432200e+04
7.186500e+02 8.395490e+04
7.186000e+02 8.358780e+04
7.185500e+02 8.319410e+04
7.185000e+02 8.280040e+04
7.184500e+02 8.293280e+04
7.184000e+02 8.306520e+04
7.183500e+02 8.261570e+04
7.183000e+02 8.216620e+04
7.182500e+02 8.208920e+04
7.182000e+02 8.201220e+04
7.181500e+02 8.139240e+04
7.181000e+02 8.077260e+04
7.180500e+02 8.047490e+04
7.180000e+02 8.017720e+04
7.179500e+02 7.988510e+04
7.179000e+02 7.959300e+04
7.178500e+02 7.962280e+04
7.178000e+02 7.965260e+04
7.177500e+02 7.942480e+04
7.177000e+02 7.919700e+04
7.176500e+02 7.878370e+04
7.176000e+02 7.837040e+04
7.175500e+02 7.795510e+04
7.175000e+02 7.753980e+04
7.174500e+02 7.724900e+04
7.174000e+02 7.695820e+04
7.173500e+02 7.717910e+04
7.173000e+02 7.740000e+04
7.172500e+02 7.719280e+04
7.172000e+02 7.698560e+04
7.171500e+02 7.672150e+04
7.171000e+02 7.645740e+04
7.170500e+02 7.617210e+04
7.170000e+02 7.588680e+04
7.169500e+02 7.576370e+04
7.169000e+02 7.564060e+04
7.168500e+02 7.547780e+04
7.168000e+02 7.531500e+04
7.167500e+02 7.533780e+04
7.167000e+02 7.536060e+04
7.166500e+02 7.521490e+04
7.166000e+02 7.506920e+04
7.165500e+02 7.502210e+04
7.165000e+02 7.497500e+04
7.164500e+02 7.526430e+04
7.164000e+02 7.555360e+04
7.163500e+02 7.563370e+04
7.163000e+02 7.571380e+04
7.162500e+02 7.573990e+04
7.162000e+02 7.576600e+04
7.161500e+02 7.578290e+04
7.161000e+02 7.579980e+04
7.160500e+02 7.599930e+04
7.160000e+02 7.619880e+04
7.159500e+02 7.624350e+04
7.159000e+02 7.628820e+04
7.158500e+02 7.643710e+04
7.158000e+02 7.658600e+04
7.157500e+02 7.698850e+04
7.157000e+02 7.739100e+04
7.156500e+02 7.739390e+04
7.156000e+02 7.739680e+04
7.155500e+02 7.757330e+04
7.155000e+02 7.774980e+04
7.154500e+02 7.815610e+04
7.154000e+02 7.856240e+04
7.153500e+02 7.894800e+04
7.153000e+02 7.933360e+04
7.152500e+02 7.976730e+04
7.152000e+02 8.020100e+04
7.151500e+02 8.068490e+04
7.151000e+02 8.116880e+04
7.150500e+02 8.154510e+04
7.150000e+02 8.192140e+04
7.149500e+02 8.239350e+04
7.149000e+02 8.286560e+04
7.148500e+02 8.345190e+04
7.148000e+02 8.403820e+04
7.147500e+02 8.443060e+04
7.147000e+02 8.482300e+04
7.146500e+02 8.546650e+04
7.146000e+02 8.611000e+04
7.145500e+02 8.658730e+04
7.145000e+02 8.706460e+04
7.144500e+02 8.776720e+04
7.144000e+02 8.846980e+04
7.143500e+02 8.923480e+04
7.143000e+02 8.999980e+04
7.142500e+02 9.053800e+04
7.142000e+02 9.107620e+04
7.141500e+02 9.177540e+04
7.141000e+02 9.247460e+04
7.140500e+02 9.305080e+04
7.140000e+02 9.362700e+04
7.139500e+02 9.416310e+04
7.139000e+02 9.469920e+04
7.138500e+02 9.607900e+04
7.138000e+02 9.745880e+04
7.137500e+02 9.832860e+04
7.137000e+02 9.919840e+04
7.136500e+02 9.981590e+04
7.136000e+02 1.004334e+05
7.135500e+02 1.008696e+05
7.135000e+02 1.013058e+05
7.134500e+02 1.020613e+05
7.134000e+02 1.028168e+05
7.133500e+02 1.037567e+05
7.133000e+02 1.046966e+05
7.132500e+02 1.054802e+05
7.132000e+02 1.062638e+05
7.131500e+02 1.073353e+05
7.131000e+02 1.084068e+05
7.130500e+02 1.093149e+05
7.130000e+02 1.102230e+05
7.129500e+02 1.108379e+05
7.129000e+02 1.114528e+05
7.128500e+02 1.128091e+05
7.128000e+02 1.141654e+05
7.127500e+02 1.147089e+05
7.127000e+02 1.152524e+05
7.126500e+02 1.162993e+05
7.126000e+02 1.173462e+05
7.125500e+02 1.182263e+05
7.125000e+02 1.191064e+05
7.124500e+02 1.204559e+05
7.124000e+02 1.218054e+05
7.123500e+02 1.226957e+05
7.123000e+02 1.235860e+05
7.122500e+02 1.247071e+05
7.122000e+02 1.258282e+05
7.121500e+02 1.266244e+05
7.121000e+02 1.274206e+05
7.120500e+02 1.284956e+05
7.120000e+02 1.295706e+05
7.119500e+02 1.301978e+05
7.119000e+02 1.308250e+05
7.118500e+02 1.311947e+05
7.118000e+02 1.315644e+05
7.117500e+02 1.324327e+05
7.117000e+02 1.333010e+05
7.116500e+02 1.337723e+05
7.116000e+02 1.342436e+05
7.115500e+02 1.343456e+05
7.115000e+02 1.344476e+05
7.114500e+02 1.348304e+05
7.114000e+02 1.352132e+05
7.113500e+02 1.349697e+05
7.113000e+02 1.347262e+05
7.112500e+02 1.345704e+05
7.112000e+02 1.344146e+05
7.111500e+02 1.343779e+05
7.111000e+02 1.343412e+05
7.110500e+02 1.338988e+05
7.110000e+02 1.334564e+05
7.109500e+02 1.322977e+05
7.109000e+02 1.311390e+05
7.108500e+02 1.301036e+05
7.108000e+02 1.290682e+05
7.107500e+02 1.275790e+05
7.107000e+02 1.260898e+05
7.106500e+02 1.247824e+05
7.106000e+02 1.234750e+05
7.105500e+02 1.215519e+05
7.105000e+02 1.196288e+05
7.104500e+02 1.169475e+05
7.104000e+02 1.142662e+05
7.103500e+02 1.118512e+05
7.103000e+02 1.094362e+05
7.102500e+02 1.060905e+05
7.102000e+02 1.027448e+05
7.101500e+02 9.955390e+04
7.101000e+02 9.636300e+04
7.100500e+02 9.291610e+04
7.100000e+02 8.946920e+04
7.099500e+02 8.581850e+04
7.099000e+02 8.216780e+04
7.098500e+02 7.890770e+04
7.098000e+02 7.564760e+04
7.097500e+02 7.193580e+04
7.097000e+02 6.822400e+04
7.096500e+02 6.465350e+04
7.096000e+02 6.108300e+04
7.095500e+02 5.780830e+04
7.095000e+02 5.453360e+04
7.094500e+02 5.138650e+04
7.094000e+02 4.823940e+04
7.093500e+02 4.545270e+04
7.093000e+02 4.266600e+04
7.092500e+02 4.040880e+04
7.092000e+02 3.815160e+04
7.091500e+02 3.622800e+04
7.091000e+02 3.430440e+04
7.090500e+02 3.248520e+04
7.090000e+02 3.066600e+04
7.089500e+02 2.922230e+04
7.089000e+02 2.777860e+04
7.088500e+02 2.659350e+04
7.088000e+02 2.540840e+04
7.087500e+02 2.468290e+04
7.087000e+02 2.395740e+04
7.086500e+02 2.331940e+04
7.086000e+02 2.268140e+04
7.085500e+02 2.209150e+04
7.085000e+02 2.150160e+04
7.084500e+02 2.104580e+04
7.084000e+02 2.059000e+04
7.083500e+02 2.032290e+04
7.083000e+02 2.005580e+04
7.082500e+02 1.967323e+04
7.082000e+02 1.929066e+04
7.081500e+02 1.915111e+04
7.081000e+02 1.901156e+04
7.080500e+02 1.889449e+04
7.080000e+02 1.877742e+04
7.079500e+02 1.845806e+04
7.079000e+02 1.813870e+04
7.078500e+02 1.791986e+04
7.078000e+02 1.770102e+04
7.077500e+02 1.766148e+04
7.077000e+02 1.762194e+04
7.076500e+02 1.757033e+04
7.076000e+02 1.751872e+04
7.075500e+02 1.740937e+04
7.075000e+02 1.730002e+04
7.074500e+02 1.726770e+04
7.074000e+02 1.723538e+04
7.073500e+02 1.708727e+04
7.073000e+02 1.693916e+04
7.072500e+02 1.696117e+04
7.072000e+02 1.698318e+04
7.071500e+02 1.681544e+04
7.071000e+02 1.664770e+04
7.070500e+02 1.672659e+04
7.070000e+02 1.680548e+04
7.069500e+02 1.664430e+04
7.069000e+02 1.648312e+04
7.068500e+02 1.643051e+04
7.068000e+02 1.637790e+04
7.067500e+02 1.629484e+04
7.067000e+02 1.621178e+04
7.066500e+02 1.624174e+04
7.066000e+02 1.627170e+04
7.065500e+02 1.626270e+04
7.065000e+02 1.625370e+04
7.064500e+02 1.632671e+04
7.064000e+02 1.639972e+04
7.063500e+02 1.635581e+04
7.063000e+02 1.631190e+04
7.062500e+02 1.610468e+04
7.062000e+02 1.589746e+04
7.061500e+02 1.590377e+04
7.061000e+02 1.591008e+04
7.060500e+02 1.597627e+04
7.060000e+02 1.604246e+04
7.059500e+02 1.591949e+04
7.059000e+02 1.579652e+04
7.058500e+02 1.585656e+04
7.058000e+02 1.591660e+04
7.057500e+02 1.585051e+04
7.057000e+02 1.578442e+04
7.056500e+02 1.577813e+04
7.056000e+02 1.577184e+04
7.055500e+02 1.568815e+04
7.055000e+02 1.560446e+04
7.054500e+02 1.558621e+04
7.054000e+02 1.556796e+04
7.053500e+02 1.553487e+04
7.053000e+02 1.550178e+04
7.052500e+02 1.564329e+04
7.052000e+02 1.578480e+04
7.051500e+02 1.575498e+04
7.051000e+02 1.572516e+04
7.050500e+02 1.561420e+04
7.050000e+02 1.550324e+04
7.049500e+02 1.550776e+04
7.049000e+02 1.551228e+04
7.048500e+02 1.544646e+04
7.048000e+02 1.538064e+04
7.047500e+02 1.527728e+04
7.047000e+02 1.517392e+04
7.046500e+02 1.532162e+04
7.046000e+02 1.546932e+04
7.045500e+02 1.544981e+04
7.045000e+02 1.543030e+04
7.044500e+02 1.547238e+04
7.044000e+02 1.551446e+04
7.043500e+02 1.556122e+04
7.043000e+02 1.560798e+04
7.042500e+02 1.543569e+04
7.042000e+02 1.526340e+04
7.041500e+02 1.525317e+04
7.041000e+02 1.524294e+04
7.040500e+02 1.536781e+04
7.040000e+02 1.549268e+04
7.039500e+02 1.541537e+04
7.039000e+02 1.533806e+04
7.038500e+02 1.519288e+04
7.038000e+02 1.504770e+04
7.037500e+02 1.514700e+04
7.037000e+02 1.524630e+04
7.036500e+02 1.525119e+04
7.036000e+02 1.525608e+04
7.035500e+02 1.518825e+04
7.035000e+02 1.512042e+04
7.034500e+02 1.519286e+04
7.034000e+02 1.526530e+04
7.033500e+02 1.522413e+04
7.033000e+02 1.518296e+04
7.032500e+02 1.513313e+04
7.032000e+02 1.508330e+04
7.031500e+02 1.495152e+04
7.031000e+02 1.481974e+04
7.030500e+02 1.488533e+04
7.030000e+02 1.495092e+04
7.029500e+02 1.510462e+04
7.029000e+02 1.525832e+04
7.028500e+02 1.512668e+04
7.028000e+02 1.499504e+04
7.027500e+02 1.507225e+04
7.027000e+02 1.514946e+04
7.026500e+02 1.526625e+04
7.026000e+02 1.538304e+04
7.025500e+02 1.523566e+04
7.025000e+02 1.508828e+04
7.024500e+02 1.501312e+04
7.024000e+02 1.493796e+04
7.023500e+02 1.494567e+04
7.023000e+02 1.495338e+04
7.022500e+02 1.506210e+04
7.022000e+02 1.517082e+04
7.021500e+02 1.508716e+04
7.021000e+02 1.500350e+04
7.020500e+02 1.503600e+04
7.020000e+02 1.506850e+04
7.019500e+02 1.503040e+04
7.019000e+02 1.499230e+04
7.018500e+02 1.495503e+04
7.018000e+02 1.491776e+04
7.017500e+02 1.478476e+04
7.017000e+02 1.465176e+04
7.016500e+02 1.472488e+04
7.016000e+02 1.479800e+04
7.015500e+02 1.490477e+04
7.015000e+02 1.501154e+04
7.014500e+02 1.509042e+04
7.014000e+02 1.516930e+04
7.013500e+02 1.497295e+04
7.013000e+02 1.477660e+04
7.012500e+02 1.470414e+04
7.012000e+02 1.463168e+04
7.011500e+02 1.476339e+04
7.011000e+02 1.489510e+04
7.010500e+02 1.483208e+04
7.010000e+02 1.476906e+04
7.009500e+02 1.486324e+04
7.009000e+02 1.495742e+04
7.008500e+02 1.506832e+04
7.008000e+02 1.517922e+04
7.007500e+02 1.498341e+04
7.007000e+02 1.478760e+04
7.006500e+02 1.482287e+04
7.006000e+02 1.485814e+04
7.005500e+02 1.479384e+04
7.005000e+02 1.472954e+04
7.004500e+02 1.478677e+04
7.004000e+02 1.484400e+04
7.003500e+02 1.480002e+04
7.003000e+02 1.475604e+04
7.002500e+02 1.472354e+04
7.002000e+02 1.469104e+04
7.001500e+02 1.470619e+04
7.001000e+02 1.472134e+04
7.000500e+02 1.486968e+04
7.000000e+02 1.501802e+04
6.999500e+02 1.501802e+04
6.999000e+02 1.501802e+04
6.998500e+02 1.501802e+04
6.998000e+02 1.501802e+04
6.997500e+02 1.501802e+04
6.997000e+02 1.501802e+04
6.996500e+02 1.501802e+04
6.996000e+02 1.501802e+04
6.995500e+02 1.501802e+04
6.995000e+02 1.501802e+04
6.994500e+02 1.501802e+04
6.994000e+02 1.501802e+04
6.993500e+02 1.501802e+04
6.993000e+02 1.501802e+04
6.992500e+02 1.501802e+04
6.992000e+02 1.501802e+04
6.991500e+02 1.501802e+04
6.991000e+02 1.501802e+04
6.990500e+02 1.501802e+04
6.990000e+02 1.501802e+04
6.989500e+02 1.501802e+04
6.989000e+02 1.501802e+04
6.988500e+02 1.501802e+04
6.988000e+02 1.501802e+04
6.987500e+02 1.501802e+04
6.987000e+02 1.501802e+04
6.986500e+02 1.501802e+04
6.986000e+02 1.501802e+04
6.985500e+02 1.501802e+04
6.985000e+02 1.501802e+04
6.984500e+02 1.501802e+04
6.984000e+02 1.501802e+04
6.983500e+02 1.501802e+04
6.983000e+02 1.501802e+04
6.982500e+02 1.501802e+04
6.982000e+02 1.501802e+04
6.981500e+02 1.501802e+04
6.981000e+02 1.501802e+04
6.980500e+02 1.501802e+04
6.980000e+02 1.501802e+04
6.979500e+02 1.501802e+04
6.979000e+02 1.501802e+04
6.978500e+02 1.501802e+04
6.978000e+02 1.501802e+04
6.977500e+02 1.501802e+04
6.977000e+02 1.501802e+04
6.976500e+02 1.501802e+04
6.976000e+02 1.501802e+04
6.975500e+02 1.501802e+04
6.975000e+02 1.501802e+04
6.974500e+02 1.501802e+04
6.974000e+02 1.501802e+04
6.973500e+02 1.501802e+04
6.973000e+02 1.501802e+04
6.972500e+02 1.501802e+04
6.972000e+02 1.501802e+04
6.971500e+02 1.501802e+04
6.971000e+02 1.501802e+04
6.970500e+02 1.501802e+04
6.970000e+02 1.501802e+04
6.969500e+02 1.501802e+04
6.969000e+02 1.501802e+04
6.968500e+02 1.501802e+04
6.968000e+02 1.501802e+04
6.967500e+02 1.501802e+04
6.967000e+02 1.501802e+04
6.966500e+02 1.501802e+04
6.966000e+02 1.501802e+04
6.965500e+02 1.501802e+04
6.965000e+02 1.501802e+04
6.964500e+02 1.501802e+04
6.964000e+02 1.501802e+04
6.963500e+02 1.501802e+04
6.963000e+02 1.501802e+04
6.962500e+02 1.501802e+04
6.962000e+02 1.501802e+04
6.961500e+02 1.501802e+04
6.961000e+02 1.501802e+04
6.960500e+02 1.501802e+04
6.960000e+02 1.501802e+04
6.959500e+02 1.501802e+04
6.959000e+02 1.501802e+04
6.958500e+02 1.501802e+04
6.958000e+02 1.501802e+04
6.957500e+02 1.501802e+04
6.957000e+02 1.501802e+04
6.956500e+02 1.501802e+04
6.956000e+02 1.501802e+04
6.955500e+02 1.501802e+04
6.955000e+02 1.501802e+04
6.954500e+02 1.501802e+04
6.954000e+02 1.501802e+04
6.953500e+02 1.501802e+04
6.953000e+02 1.501802e+04
6.952500e+02 1.501802e+04
6.952000e+02 1.501802e+04
6.951500e+02 1.501802e+04
6.951000e+02 1.501802e+04
6.950500e+02 1.501802e+04
6.950000e+02 1.501802e+04
6.949500e+02 1.501802e+04
6.949000e+02 1.501802e+04
6.948500e+02 1.501802e+04
6.948000e+02 1.501802e+04
6.947500e+02 1.501802e+04
6.947000e+02 1.501802e+04
6.946500e+02 1.501802e+04
6.946000e+02 1.501802e+04
6.945500e+02 1.501802e+04
6.945000e+02 1.501802e+04
6.944500e+02 1.501802e+04
6.944000e+02 1.501802e+04
6.943500e+02 1.501802e+04
6.943000e+02 1.501802e+04
6.942500e+02 1.501802e+04
6.942000e+02 1.501802e+04
6.941500e+02 1.501802e+04
6.941000e+02 1.501802e+04
6.940500e+02 1.501802e+04
6.940000e+02 1.501802e+04
