Fe metal
7.500000e+02 1.323380e+05
7.499500e+02 1.328590e+05
7.499000e+02 1.333800e+05
7.498500e+02 1.338915e+05
7.498000e+02 1.344030e+05
7.497500e+02 1.342730e+05
7.497000e+02 1.341430e+05
7.496500e+02 1.330270e+05
7.496000e+02 1.319110e+05
7.495500e+02 1.322245e+05
7.495000e+02 1.325380e+05
7.494500e+02 1.327105e+05
7.494000e+02 1.328830e+05
7.493500e+02 1.329705e+05
7.493000e+02 1.330580e+05
7.492500e+02 1.340890e+05
7.492000e+02 1.351200e+05
7.491500e+02 1.355430e+05
7.491000e+02 1.359660e+05
7.490500e+02 1.352040e+05
7.490000e+02 1.344420e+05
7.489500e+02 1.349615e+05
7.489000e+02 1.354810e+05
7.488500e+02 1.353225e+05
7.488000e+02 1.351640e+05
7.487500e+02 1.356665e+05
7.487000e+02 1.361690e+05
7.486500e+02 1.367845e+05
7.486000e+02 1.374000e+05
7.485500e+02 1.371065e+05
7.485000e+02 1.368130e+05
7.484500e+02 1.364050e+05
7.484000e+02 1.359970e+05
7.483500e+02 1.363705e+05
7.483000e+02 1.367440e+05
7.482500e+02 1.365610e+05
7.482000e+02 1.363780e+05
7.481500e+02 1.362430e+05
7.481000e+02 1.361080e+05
7.480500e+02 1.356305e+05
7.480000e+02 1.351530e+05
7.479500e+02 1.366710e+05
7.479000e+02 1.381890e+05
7.478500e+02 1.387300e+05
7.478000e+02 1.392710e+05
7.477500e+02 1.388490e+05
7.477000e+02 1.384270e+05
7.476500e+02 1.387010e+05
7.476000e+02 1.389750e+05
7.475500e+02 1.385705e+05
7.475000e+02 1.381660e+05
7.474500e+02 1.382565e+05
7.474000e+02 1.383470e+05
7.473500e+02 1.386400e+05
7.473000e+02 1.389330e+05
7.472500e+02 1.392305e+05
7.472000e+02 1.395280e+05
7.471500e+02 1.390610e+05
7.471000e+02 1.385940e+05
7.470500e+02 1.390010e+05
7.470000e+02 1.394080e+05
7.469500e+02 1.392820e+05
7.469000e+02 1.391560e+05
7.468500e+02 1.390775e+05
7.468000e+02 1.389990e+05
7.467500e+02 1.388220e+05
7.467000e+02 1.386450e+05
7.466500e+02 1.393960e+05
7.466000e+02 1.401470e+05
7.465500e+02 1.405530e+05
7.465000e+02 1.409590e+05
7.464500e+02 1.406630e+05
7.464000e+02 1.403670e+05
7.463500e+02 1.401030e+05
7.463000e+02 1.398390e+05
7.462500e+02 1.400525e+05
7.462000e+02 1.402660e+05
7.461500e+02 1.405415e+05
7.461000e+02 1.408170e+05
7.460500e+02 1.402315e+05
7.460000e+02 1.396460e+05
7.459500e+02 1.400455e+05
7.459000e+02 1.404450e+05
7.458500e+02 1.401210e+05
7.458000e+02 1.397970e+05
7.457500e+02 1.399095e+05
7.457000e+02 1.400220e+05
7.456500e+02 1.412660e+05
7.456000e+02 1.425100e+05
7.455500e+02 1.419430e+05
7.455000e+02 1.413760e+05
7.454500e+02 1.416270e+05
7.454000e+02 1.418780e+05
7.453500e+02 1.415070e+05
7.453000e+02 1.411360e+05
7.452500e+02 1.420215e+05
7.452000e+02 1.429070e+05
7.451500e+02 1.430905e+05
7.451000e+02 1.432740e+05
7.450500e+02 1.427260e+05
7.450000e+02 1.421780e+05
7.449500e+02 1.422430e+05
7.449000e+02 1.423080e+05
7.448500e+02 1.417660e+05
7.448000e+02 1.412240e+05
7.447500e+02 1.413350e+05
7.447000e+02 1.414460e+05
7.446500e+02 1.423565e+05
7.446000e+02 1.432670e+05
7.445500e+02 1.429680e+05
7.445000e+02 1.426690e+05
7.444500e+02 1.421905e+05
7.444000e+02 1.417120e+05
7.443500e+02 1.421420e+05
7.443000e+02 1.425720e+05
7.442500e+02 1.427145e+05
7.442000e+02 1.428570e+05
7.441500e+02 1.427250e+05
7.441000e+02 1.425930e+05
7.440500e+02 1.426150e+05
7.440000e+02 1.426370e+05
7.439500e+02 1.429260e+05
7.439000e+02 1.432150e+05
7.438500e+02 1.432935e+05
7.438000e+02 1.433720e+05
7.437500e+02 1.436520e+05
7.437000e+02 1.439320e+05
7.436500e+02 1.441505e+05
7.436000e+02 1.443690e+05
7.435500e+02 1.444710e+05
7.435000e+02 1.445730e+05
7.434500e+02 1.438450e+05
7.434000e+02 1.431170e+05
7.433500e+02 1.437590e+05
7.433000e+02 1.444010e+05
7.432500e+02 1.453610e+05
7.432000e+02 1.463210e+05
7.431500e+02 1.451710e+05
7.431000e+02 1.440210e+05
7.430500e+02 1.441590e+05
7.430000e+02 1.442970e+05
7.429500e+02 1.448605e+05
7.429000e+02 1.454240e+05
7.428500e+02 1.455295e+05
7.428000e+02 1.456350e+05
7.427500e+02 1.450670e+05
7.427000e+02 1.444990e+05
7.426500e+02 1.454370e+05
7.426000e+02 1.463750e+05
7.425500e+02 1.463730e+05
7.425000e+02 1.463710e+05
7.424500e+02 1.470145e+05
7.424000e+02 1.476580e+05
7.423500e+02 1.469415e+05
7.423000e+02 1.462250e+05
7.422500e+02 1.453900e+05
7.422000e+02 1.445550e+05
7.421500e+02 1.445630e+05
7.421000e+02 1.445710e+05
7.420500e+02 1.447640e+05
7.420000e+02 1.449570e+05
7.419500e+02 1.457520e+05
7.419000e+02 1.465470e+05
7.418500e+02 1.465775e+05
7.418000e+02 1.466080e+05
7.417500e+02 1.466825e+05
7.417000e+02 1.467570e+05
7.416500e+02 1.466745e+05
7.416000e+02 1.465920e+05
7.415500e+02 1.469820e+05
7.415000e+02 1.473720e+05
7.414500e+02 1.470635e+05
7.414000e+02 1.467550e+05
7.413500e+02 1.474320e+05
7.413000e+02 1.481090e+05
7.412500e+02 1.482140e+05
7.412000e+02 1.483190e+05
7.411500e+02 1.476585e+05
7.411000e+02 1.469980e+05
7.410500e+02 1.479480e+05
7.410000e+02 1.488980e+05
7.409500e+02 1.485990e+05
7.409000e+02 1.483000e+05
7.408500e+02 1.481745e+05
7.408000e+02 1.480490e+05
7.407500e+02 1.481415e+05
7.407000e+02 1.482340e+05
7.406500e+02 1.482465e+05
7.406000e+02 1.482590e+05
7.405500e+02 1.490760e+05
7.405000e+02 1.498930e+05
7.404500e+02 1.493975e+05
7.404000e+02 1.489020e+05
7.403500e+02 1.487210e+05
7.403000e+02 1.485400e+05
7.402500e+02 1.487110e+05
7.402000e+02 1.488820e+05
7.401500e+02 1.494840e+05
7.401000e+02 1.500860e+05
7.400500e+02 1.498640e+05
7.400000e+02 1.496420e+05
7.399500e+02 1.492930e+05
7.399000e+02 1.489440e+05
7.398500e+02 1.488200e+05
7.398000e+02 1.486960e+05
7.397500e+02 1.492280e+05
7.397000e+02 1.497600e+05
7.396500e+02 1.498245e+05
7.396000e+02 1.498890e+05
7.395500e+02 1.501805e+05
7.395000e+02 1.504720e+05
7.394500e+02 1.508580e+05
7.394000e+02 1.512440e+05
7.393500e+02 1.509665e+05
7.393000e+02 1.506890e+05
7.392500e+02 1.499195e+05
7.392000e+02 1.491500e+05
7.391500e+02 1.493670e+05
7.391000e+02 1.495840e+05
7.390500e+02 1.506700e+05
7.390000e+02 1.517560e+05
7.389500e+02 1.514025e+05
7.389000e+02 1.510490e+05
7.388500e+02 1.513385e+05
7.388000e+02 1.516280e+05
7.387500e+02 1.526410e+05
7.387000e+02 1.536540e+05
7.386500e+02 1.528545e+05
7.386000e+02 1.520550e+05
7.385500e+02 1.521370e+05
7.385000e+02 1.522190e+05
7.384500e+02 1.519280e+05
7.384000e+02 1.516370e+05
7.383500e+02 1.518050e+05
7.383000e+02 1.519730e+05
7.382500e+02 1.521755e+05
7.382000e+02 1.523780e+05
7.381500e+02 1.525540e+05
7.381000e+02 1.527300e+05
7.380500e+02 1.526335e+05
7.380000e+02 1.525370e+05
7.379500e+02 1.522160e+05
7.379000e+02 1.518950e+05
7.378500e+02 1.517395e+05
7.378000e+02 1.515840e+05
7.377500e+02 1.523920e+05
7.377000e+02 1.532000e+05
7.376500e+02 1.536040e+05
7.376000e+02 1.540080e+05
7.375500e+02 1.543475e+05
7.375000e+02 1.546870e+05
7.374500e+02 1.543390e+05
7.374000e+02 1.539910e+05
7.373500e+02 1.540025e+05
7.373000e+02 1.540140e+05
7.372500e+02 1.536180e+05
7.372000e+02 1.532220e+05
7.371500e+02 1.534285e+05
7.371000e+02 1.536350e+05
7.370500e+02 1.541235e+05
7.370000e+02 1.546120e+05
7.369500e+02 1.536375e+05
7.369000e+02 1.526630e+05
7.368500e+02 1.527475e+05
7.368000e+02 1.528320e+05
7.367500e+02 1.539605e+05
7.367000e+02 1.550890e+05
7.366500e+02 1.547155e+05
7.366000e+02 1.543420e+05
7.365500e+02 1.552190e+05
7.365000e+02 1.560960e+05
7.364500e+02 1.557180e+05
7.364000e+02 1.553400e+05
7.363500e+02 1.553965e+05
7.363000e+02 1.554530e+05
7.362500e+02 1.560945e+05
7.362000e+02 1.567360e+05
7.361500e+02 1.560735e+05
7.361000e+02 1.554110e+05
7.360500e+02 1.556065e+05
7.360000e+02 1.558020e+05
7.359500e+02 1.565725e+05
7.359000e+02 1.573430e+05
7.358500e+02 1.570480e+05
7.358000e+02 1.567530e+05
7.357500e+02 1.568670e+05
7.357000e+02 1.569810e+05
7.356500e+02 1.566715e+05
7.356000e+02 1.563620e+05
7.355500e+02 1.568055e+05
7.355000e+02 1.572490e+05
7.354500e+02 1.575915e+05
7.354000e+02 1.579340e+05
7.353500e+02 1.579235e+05
7.353000e+02 1.579130e+05
7.352500e+02 1.576230e+05
7.352000e+02 1.573330e+05
7.351500e+02 1.573445e+05
7.351000e+02 1.573560e+05
7.350500e+02 1.574475e+05
7.350000e+02 1.575390e+05
7.349500e+02 1.585600e+05
7.349000e+02 1.595810e+05
7.348500e+02 1.587185e+05
7.348000e+02 1.578560e+05
7.347500e+02 1.589245e+05
7.347000e+02 1.599930e+05
7.346500e+02 1.592400e+05
7.346000e+02 1.584870e+05
7.345500e+02 1.591225e+05
7.345000e+02 1.597580e+05
7.344500e+02 1.600470e+05
7.344000e+02 1.603360e+05
7.343500e+02 1.599775e+05
7.343000e+02 1.596190e+05
7.342500e+02 1.606040e+05
7.342000e+02 1.615890e+05
7.341500e+02 1.606805e+05
7.341000e+02 1.597720e+05
7.340500e+02 1.604005e+05
7.340000e+02 1.610290e+05
7.339500e+02 1.605440e+05
7.339000e+02 1.600590e+05
7.338500e+02 1.596360e+05
7.338000e+02 1.592130e+05
7.337500e+02 1.599405e+05
7.337000e+02 1.606680e+05
7.336500e+02 1.604980e+05
7.336000e+02 1.603280e+05
7.335500e+02 1.616060e+05
7.335000e+02 1.628840e+05
7.334500e+02 1.619255e+05
7.334000e+02 1.609670e+05
7.333500e+02 1.607290e+05
7.333000e+02 1.604910e+05
7.332500e+02 1.607960e+05
7.332000e+02 1.611010e+05
7.331500e+02 1.621350e+05
7.331000e+02 1.631690e+05
7.330500e+02 1.624010e+05
7.330000e+02 1.616330e+05
7.329500e+02 1.612650e+05
7.329000e+02 1.608970e+05
7.328500e+02 1.599335e+05
7.328000e+02 1.589700e+05
7.327500e+02 1.594225e+05
7.327000e+02 1.598750e+05
7.326500e+02 1.610410e+05
7.326000e+02 1.622070e+05
7.325500e+02 1.621120e+05
7.325000e+02 1.620170e+05
7.324500e+02 1.612445e+05
7.324000e+02 1.604720e+05
7.323500e+02 1.613665e+05
7.323000e+02 1.622610e+05
7.322500e+02 1.618660e+05
7.322000e+02 1.614710e+05
7.321500e+02 1.621930e+05
7.321000e+02 1.629150e+05
7.320500e+02 1.620325e+05
7.320000e+02 1.611500e+05
7.319500e+02 1.608690e+05
7.319000e+02 1.605880e+05
7.318500e+02 1.615670e+05
7.318000e+02 1.625460e+05
7.317500e+02 1.625170e+05
7.317000e+02 1.624880e+05
7.316500e+02 1.620295e+05
7.316000e+02 1.615710e+05
7.315500e+02 1.614905e+05
7.315000e+02 1.614100e+05
7.314500e+02 1.616645e+05
7.314000e+02 1.619190e+05
7.313500e+02 1.620730e+05
7.313000e+02 1.622270e+05
7.312500e+02 1.616780e+05
7.312000e+02 1.611290e+05
7.311500e+02 1.607750e+05
7.311000e+02 1.604210e+05
7.310500e+02 1.606040e+05
7.310000e+02 1.607870e+05
7.309500e+02 1.606700e+05
7.309000e+02 1.605530e+05
7.308500e+02 1.609600e+05
7.308000e+02 1.613670e+05
7.307500e+02 1.607755e+05
7.307000e+02 1.601840e+05
7.306500e+02 1.611730e+05
7.306000e+02 1.621620e+05
7.305500e+02 1.619280e+05
7.305000e+02 1.616940e+05
7.304500e+02 1.623295e+05
7.304000e+02 1.629650e+05
7.303500e+02 1.628825e+05
7.303000e+02 1.628000e+05
7.302500e+02 1.627055e+05
7.302000e+02 1.626110e+05
7.301500e+02 1.619325e+05
7.301000e+02 1.612540e+05
7.300500e+02 1.616205e+05
7.300000e+02 1.619870e+05
7.299500e+02 1.623540e+05
7.299000e+02 1.627210e+05
7.298500e+02 1.618650e+05
7.298000e+02 1.610090e+05
7.297500e+02 1.622065e+05
7.297000e+02 1.634040e+05
7.296500e+02 1.626040e+05
7.296000e+02 1.618040e+05
7.295500e+02 1.622700e+05
7.295000e+02 1.627360e+05
7.294500e+02 1.625130e+05
7.294000e+02 1.622900e+05
7.293500e+02 1.623875e+05
7.293000e+02 1.624850e+05
7.292500e+02 1.627125e+05
7.292000e+02 1.629400e+05
7.291500e+02 1.635035e+05
7.291000e+02 1.640670e+05
7.290500e+02 1.643505e+05
7.290000e+02 1.646340e+05
7.289500e+02 1.647140e+05
7.289000e+02 1.647940e+05
7.288500e+02 1.641070e+05
7.288000e+02 1.634200e+05
7.287500e+02 1.636350e+05
7.287000e+02 1.638500e+05
7.286500e+02 1.646595e+05
7.286000e+02 1.654690e+05
7.285500e+02 1.652090e+05
7.285000e+02 1.649490e+05
7.284500e+02 1.653855e+05
7.284000e+02 1.658220e+05
7.283500e+02 1.649405e+05
7.283000e+02 1.640590e+05
7.282500e+02 1.653660e+05
7.282000e+02 1.666730e+05
7.281500e+02 1.666180e+05
7.281000e+02 1.665630e+05
7.280500e+02 1.657675e+05
7.280000e+02 1.649720e+05
7.279500e+02 1.661795e+05
7.279000e+02 1.673870e+05
7.278500e+02 1.664000e+05
7.278000e+02 1.654130e+05
7.277500e+02 1.656405e+05
7.277000e+02 1.658680e+05
7.276500e+02 1.654860e+05
7.276000e+02 1.651040e+05
7.275500e+02 1.666555e+05
7.275000e+02 1.682070e+05
7.274500e+02 1.684405e+05
7.274000e+02 1.686740e+05
7.273500e+02 1.680730e+05
7.273000e+02 1.674720e+05
7.272500e+02 1.675825e+05
7.272000e+02 1.676930e+05
7.271500e+02 1.683250e+05
7.271000e+02 1.689570e+05
7.270500e+02 1.676805e+05
7.270000e+02 1.664040e+05
7.269500e+02 1.679500e+05
7.269000e+02 1.694960e+05
7.268500e+02 1.690020e+05
7.268000e+02 1.685080e+05
7.267500e+02 1.685355e+05
7.267000e+02 1.685630e+05
7.266500e+02 1.689670e+05
7.266000e+02 1.693710e+05
7.265500e+02 1.684475e+05
7.265000e+02 1.675240e+05
7.264500e+02 1.695615e+05
7.264000e+02 1.715990e+05
7.263500e+02 1.708730e+05
7.263000e+02 1.701470e+05
7.262500e+02 1.701050e+05
7.262000e+02 1.700630e+05
7.261500e+02 1.710980e+05
7.261000e+02 1.721330e+05
7.260500e+02 1.715225e+05
7.260000e+02 1.709120e+05
7.259500e+02 1.721620e+05
7.259000e+02 1.734120e+05
7.258500e+02 1.735615e+05
7.258000e+02 1.737110e+05
7.257500e+02 1.730520e+05
7.257000e+02 1.723930e+05
7.256500e+02 1.730555e+05
7.256000e+02 1.737180e+05
7.255500e+02 1.744380e+05
7.255000e+02 1.751580e+05
7.254500e+02 1.759620e+05
7.254000e+02 1.767660e+05
7.253500e+02 1.770405e+05
7.253000e+02 1.773150e+05
7.252500e+02 1.776540e+05
7.252000e+02 1.779930e+05
7.251500e+02 1.792120e+05
7.251000e+02 1.804310e+05
7.250500e+02 1.812670e+05
7.250000e+02 1.821030e+05
7.249500e+02 1.824215e+05
7.249000e+02 1.827400e+05
7.248500e+02 1.821495e+05
7.248000e+02 1.815590e+05
7.247500e+02 1.824345e+05
7.247000e+02 1.833100e+05
7.246500e+02 1.844155e+05
7.246000e+02 1.855210e+05
7.245500e+02 1.862040e+05
7.245000e+02 1.868870e+05
7.244500e+02 1.883010e+05
7.244000e+02 1.897150e+05
7.243500e+02 1.916735e+05
7.243000e+02 1.936320e+05
7.242500e+02 1.933010e+05
7.242000e+02 1.929700e+05
7.241500e+02 1.941100e+05
7.241000e+02 1.952500e+05
7.240500e+02 1.961710e+05
7.240000e+02 1.970920e+05
7.239500e+02 1.976125e+05
7.239000e+02 1.981330e+05
7.238500e+02 2.006370e+05
7.238000e+02 2.031410e+05
7.237500e+02 2.035715e+05
7.237000e+02 2.040020e+05
7.236500e+02 2.059265e+05
7.236000e+02 2.078510e+05
7.235500e+02 2.091525e+05
7.235000e+02 2.104540e+05
7.234500e+02 2.119920e+05
7.234000e+02 2.135300e+05
7.233500e+02 2.155910e+05
7.233000e+02 2.176520e+05
7.232500e+02 2.187130e+05
7.232000e+02 2.197740e+05
7.231500e+02 2.220575e+05
7.231000e+02 2.243410e+05
7.230500e+02 2.265320e+05
7.230000e+02 2.287230e+05
7.229500e+02 2.312695e+05
7.229000e+02 2.338160e+05
7.228500e+02 2.354825e+05
7.228000e+02 2.371490e+05
7.227500e+02 2.407680e+05
7.227000e+02 2.443870e+05
7.226500e+02 2.477035e+05
7.226000e+02 2.510200e+05
7.225500e+02 2.520860e+05
7.225000e+02 2.531520e+05
7.224500e+02 2.564510e+05
7.224000e+02 2.597500e+05
7.223500e+02 2.631880e+05
7.223000e+02 2.666260e+05
7.222500e+02 2.685555e+05
7.222000e+02 2.704850e+05
7.221500e+02 2.734505e+05
7.221000e+02 2.764160e+05
7.220500e+02 2.790270e+05
7.220000e+02 2.816380e+05
7.219500e+02 2.840575e+05
7.219000e+02 2.864770e+05
7.218500e+02 2.899685e+05
7.218000e+02 2.934600e+05
7.217500e+02 2.953550e+05
7.217000e+02 2.972500e+05
7.216500e+02 2.984835e+05
7.216000e+02 2.997170e+05
7.215500e+02 2.987820e+05
7.215000e+02 2.978470e+05
7.214500e+02 2.983860e+05
7.214000e+02 2.989250e+05
7.213500e+02 2.991525e+05
7.213000e+02 2.993800e+05
7.212500e+02 2.982715e+05
7.212000e+02 2.971630e+05
7.211500e+02 2.929380e+05
7.211000e+02 2.887130e+05
7.210500e+02 2.857025e+05
7.210000e+02 2.826920e+05
7.209500e+02 2.787240e+05
7.209000e+02 2.747560e+05
7.208500e+02 2.702745e+05
7.208000e+02 2.657930e+05
7.207500e+02 2.604665e+05
7.207000e+02 2.551400e+05
7.206500e+02 2.493275e+05
7.206000e+02 2.435150e+05
7.205500e+02 2.367590e+05
7.205000e+02 2.300030e+05
7.204500e+02 2.244750e+05
7.204000e+02 2.189470e+05
7.203500e+02 2.131390e+05
7.203000e+02 2.073310e+05
7.202500e+02 2.024120e+05
7.202000e+02 1.974930e+05
7.201500e+02 1.948755e+05
7.201000e+02 1.922580e+05
7.200500e+02 1.868955e+05
7.200000e+02 1.815330e+05
7.199500e+02 1.762300e+05
7.199000e+02 1.709270e+05
7.198500e+02 1.690595e+05
7.198000e+02 1.671920e+05
7.197500e+02 1.626200e+05
7.197000e+02 1.580480e+05
7.196500e+02 1.560350e+05
7.196000e+02 1.540220e+05
7.195500e+02 1.520760e+05
7.195000e+02 1.501300e+05
7.194500e+02 1.476250e+05
7.194000e+02 1.451200e+05
7.193500e+02 1.439080e+05
7.193000e+02 1.426960e+05
7.192500e+02 1.413250e+05
7.192000e+02 1.399540e+05
7.191500e+02 1.389650e+05
7.191000e+02 1.379760e+05
7.190500e+02 1.368855e+05
7.190000e+02 1.357950e+05
7.189500e+02 1.353390e+05
7.189000e+02 1.348830e+05
7.188500e+02 1.341945e+05
7.188000e+02 1.335060e+05
7.187500e+02 1.330625e+05
7.187000e+02 1.326190e+05
7.186500e+02 1.315200e+05
7.186000e+02 1.304210e+05
7.185500e+02 1.299995e+05
7.185000e+02 1.295780e+05
7.184500e+02 1.286130e+05
7.184000e+02 1.276480e+05
7.183500e+02 1.279355e+05
7.183000e+02 1.282230e+05
7.182500e+02 1.279070e+05
7.182000e+02 1.275910e+05
7.181500e+02 1.269555e+05
7.181000e+02 1.263200e+05
7.180500e+02 1.259205e+05
7.180000e+02 1.255210e+05
7.179500e+02 1.264460e+05
7.179000e+02 1.273710e+05
7.178500e+02 1.265935e+05
7.178000e+02 1.258160e+05
7.177500e+02 1.265825e+05
7.177000e+02 1.273490e+05
7.176500e+02 1.261685e+05
7.176000e+02 1.249880e+05
7.175500e+02 1.253690e+05
7.175000e+02 1.257500e+05
7.174500e+02 1.261980e+05
7.174000e+02 1.266460e+05
7.173500e+02 1.267225e+05
7.173000e+02 1.267990e+05
7.172500e+02 1.269135e+05
7.172000e+02 1.270280e+05
7.171500e+02 1.261045e+05
7.171000e+02 1.251810e+05
7.170500e+02 1.249045e+05
7.170000e+02 1.246280e+05
7.169500e+02 1.249810e+05
7.169000e+02 1.253340e+05
7.168500e+02 1.255335e+05
7.168000e+02 1.257330e+05
7.167500e+02 1.258795e+05
7.167000e+02 1.260260e+05
7.166500e+02 1.261520e+05
7.166000e+02 1.262780e+05
7.165500e+02 1.265195e+05
7.165000e+02 1.267610e+05
7.164500e+02 1.269600e+05
7.164000e+02 1.271590e+05
7.163500e+02 1.269075e+05
7.163000e+02 1.266560e+05
7.162500e+02 1.268555e+05
7.162000e+02 1.270550e+05
7.161500e+02 1.266510e+05
7.161000e+02 1.262470e+05
7.160500e+02 1.266845e+05
7.160000e+02 1.271220e+05
7.159500e+02 1.270285e+05
7.159000e+02 1.269350e+05
7.158500e+02 1.276085e+05
7.158000e+02 1.282820e+05
7.157500e+02 1.283685e+05
7.157000e+02 1.284550e+05
7.156500e+02 1.291010e+05
7.156000e+02 1.297470e+05
7.155500e+02 1.292385e+05
7.155000e+02 1.287300e+05
7.154500e+02 1.284050e+05
7.154000e+02 1.280800e+05
7.153500e+02 1.291235e+05
7.153000e+02 1.301670e+05
7.152500e+02 1.301565e+05
7.152000e+02 1.301460e+05
7.151500e+02 1.297115e+05
7.151000e+02 1.292770e+05
7.150500e+02 1.293740e+05
7.150000e+02 1.294710e+05
7.149500e+02 1.298045e+05
7.149000e+02 1.301380e+05
7.148500e+02 1.299845e+05
7.148000e+02 1.298310e+05
7.147500e+02 1.306285e+05
7.147000e+02 1.314260e+05
7.146500e+02 1.314130e+05
7.146000e+02 1.314000e+05
7.145500e+02 1.323815e+05
7.145000e+02 1.333630e+05
7.144500e+02 1.327455e+05
7.144000e+02 1.321280e+05
7.143500e+02 1.318995e+05
7.143000e+02 1.316710e+05
7.142500e+02 1.332010e+05
7.142000e+02 1.347310e+05
7.141500e+02 1.350125e+05
7.141000e+02 1.352940e+05
7.140500e+02 1.350365e+05
7.140000e+02 1.347790e+05
7.139500e+02 1.356140e+05
7.139000e+02 1.364490e+05
7.138500e+02 1.366780e+05
7.138000e+02 1.369070e+05
7.137500e+02 1.371970e+05
7.137000e+02 1.374870e+05
7.136500e+02 1.391805e+05
7.136000e+02 1.408740e+05
7.135500e+02 1.409850e+05
7.135000e+02 1.410960e+05
7.134500e+02 1.406240e+05
7.134000e+02 1.401520e+05
7.133500e+02 1.407815e+05
7.133000e+02 1.414110e+05
7.132500e+02 1.422425e+05
7.132000e+02 1.430740e+05
7.131500e+02 1.431495e+05
7.131000e+02 1.432250e+05
7.130500e+02 1.442450e+05
7.130000e+02 1.452650e+05
7.129500e+02 1.460040e+05
7.129000e+02 1.467430e+05
7.128500e+02 1.477650e+05
7.128000e+02 1.487870e+05
7.127500e+02 1.488320e+05
7.127000e+02 1.488770e+05
7.126500e+02 1.498320e+05
7.126000e+02 1.507870e+05
7.125500e+02 1.518430e+05
7.125000e+02 1.528990e+05
7.124500e+02 1.539030e+05
7.124000e+02 1.549070e+05
7.123500e+02 1.558685e+05
7.123000e+02 1.568300e+05
7.122500e+02 1.572865e+05
7.122000e+02 1.577430e+05
7.121500e+02 1.578945e+05
7.121000e+02 1.580460e+05
7.120500e+02 1.601630e+05
7.120000e+02 1.622800e+05
7.119500e+02 1.636495e+05
7.119000e+02 1.650190e+05
7.118500e+02 1.663885e+05
7.118000e+02 1.677580e+05
7.117500e+02 1.691505e+05
7.117000e+02 1.705430e+05
7.116500e+02 1.709060e+05
7.116000e+02 1.712690e+05
7.115500e+02 1.729250e+05
7.115000e+02 1.745810e+05
7.114500e+02 1.770235e+05
7.114000e+02 1.794660e+05
7.113500e+02 1.808080e+05
7.113000e+02 1.821500e+05
7.112500e+02 1.826555e+05
7.112000e+02 1.831610e+05
7.111500e+02 1.850985e+05
7.111000e+02 1.870360e+05
7.110500e+02 1.900545e+05
7.110000e+02 1.930730e+05
7.109500e+02 1.943215e+05
7.109000e+02 1.955700e+05
7.108500e+02 1.978520e+05
7.108000e+02 2.001340e+05
7.107500e+02 2.028180e+05
7.107000e+02 2.055020e+05
7.106500e+02 2.071640e+05
7.106000e+02 2.088260e+05
7.105500e+02 2.117305e+05
7.105000e+02 2.146350e+05
7.104500e+02 2.162825e+05
7.104000e+02 2.179300e+05
7.103500e+02 2.223365e+05
7.103000e+02 2.267430e+05
7.102500e+02 2.308575e+05
7.102000e+02 2.349720e+05
7.101500e+02 2.386580e+05
7.101000e+02 2.423440e+05
7.100500e+02 2.468900e+05
7.100000e+02 2.514360e+05
7.099500e+02 2.560570e+05
7.099000e+02 2.606780e+05
7.098500e+02 2.641920e+05
7.098000e+02 2.677060e+05
7.097500e+02 2.730745e+05
7.097000e+02 2.784430e+05
7.096500e+02 2.860945e+05
7.096000e+02 2.937460e+05
7.095500e+02 3.008115e+05
7.095000e+02 3.078770e+05
7.094500e+02 3.148410e+05
7.094000e+02 3.218050e+05
7.093500e+02 3.299910e+05
7.093000e+02 3.381770e+05
7.092500e+02 3.460605e+05
7.092000e+02 3.539440e+05
7.091500e+02 3.613300e+05
7.091000e+02 3.687160e+05
7.090500e+02 3.788045e+05
7.090000e+02 3.888930e+05
7.089500e+02 3.981070e+05
7.089000e+02 4.073210e+05
7.088500e+02 4.152150e+05
7.088000e+02 4.231090e+05
7.087500e+02 4.295160e+05
7.087000e+02 4.359230e+05
7.086500e+02 4.417575e+05
7.086000e+02 4.475920e+05
7.085500e+02 4.509935e+05
7.085000e+02 4.543950e+05
7.084500e+02 4.547160e+05
7.084000e+02 4.550370e+05
7.083500e+02 4.533350e+05
7.083000e+02 4.516330e+05
7.082500e+02 4.449860e+05
7.082000e+02 4.383390e+05
7.081500e+02 4.295740e+05
7.081000e+02 4.208090e+05
7.080500e+02 4.088265e+05
7.080000e+02 3.968440e+05
7.079500e+02 3.836685e+05
7.079000e+02 3.704930e+05
7.078500e+02 3.553100e+05
7.078000e+02 3.401270e+05
7.077500e+02 3.229240e+05
7.077000e+02 3.057210e+05
7.076500e+02 2.870470e+05
7.076000e+02 2.683730e+05
7.075500e+02 2.502840e+05
7.075000e+02 2.321950e+05
7.074500e+02 2.141545e+05
7.074000e+02 1.961140e+05
7.073500e+02 1.785830e+05
7.073000e+02 1.610520e+05
7.072500e+02 1.467915e+05
7.072000e+02 1.325310e+05
7.071500e+02 1.198470e+05
7.071000e+02 1.071630e+05
7.070500e+02 9.729025e+04
7.070000e+02 8.741750e+04
7.069500e+02 7.949570e+04
7.069000e+02 7.157390e+04
7.068500e+02 6.559665e+04
7.068000e+02 5.961940e+04
7.067500e+02 5.525280e+04
7.067000e+02 5.088620e+04
7.066500e+02 4.782610e+04
7.066000e+02 4.476600e+04
7.065500e+02 4.193020e+04
7.065000e+02 3.909440e+04
7.064500e+02 3.758985e+04
7.064000e+02 3.608530e+04
7.063500e+02 3.428220e+04
7.063000e+02 3.247910e+04
7.062500e+02 3.086100e+04
7.062000e+02 2.924290e+04
7.061500e+02 2.841950e+04
7.061000e+02 2.759610e+04
7.060500e+02 2.662855e+04
7.060000e+02 2.566100e+04
7.059500e+02 2.456060e+04
7.059000e+02 2.346020e+04
7.058500e+02 2.324620e+04
7.058000e+02 2.303220e+04
7.057500e+02 2.252900e+04
7.057000e+02 2.202580e+04
7.056500e+02 2.119170e+04
7.056000e+02 2.035760e+04
7.055500e+02 2.027700e+04
7.055000e+02 2.019640e+04
7.054500e+02 2.002020e+04
7.054000e+02 1.984400e+04
7.053500e+02 1.944855e+04
7.053000e+02 1.905310e+04
7.052500e+02 1.878480e+04
7.052000e+02 1.851650e+04
7.051500e+02 1.812885e+04
7.051000e+02 1.774120e+04
7.050500e+02 1.747020e+04
7.050000e+02 1.719920e+04
7.049500e+02 1.701675e+04
7.049000e+02 1.683430e+04
7.048500e+02 1.633930e+04
7.048000e+02 1.584430e+04
7.047500e+02 1.581955e+04
7.047000e+02 1.579480e+04
7.046500e+02 1.559990e+04
7.046000e+02 1.540500e+04
7.045500e+02 1.521760e+04
7.045000e+02 1.503020e+04
7.044500e+02 1.490030e+04
7.044000e+02 1.477040e+04
7.043500e+02 1.451235e+04
7.043000e+02 1.425430e+04
7.042500e+02 1.440140e+04
7.042000e+02 1.454850e+04
7.041500e+02 1.454500e+04
7.041000e+02 1.454150e+04
7.040500e+02 1.426535e+04
7.040000e+02 1.398920e+04
7.039500e+02 1.388240e+04
7.039000e+02 1.377560e+04
7.038500e+02 1.387115e+04
7.038000e+02 1.396670e+04
7.037500e+02 1.366420e+04
7.037000e+02 1.336170e+04
7.036500e+02 1.327605e+04
7.036000e+02 1.319040e+04
7.035500e+02 1.304050e+04
7.035000e+02 1.289060e+04
7.034500e+02 1.287370e+04
7.034000e+02 1.285680e+04
7.033500e+02 1.307790e+04
7.033000e+02 1.329900e+04
7.032500e+02 1.277650e+04
7.032000e+02 1.225400e+04
7.031500e+02 1.248460e+04
7.031000e+02 1.271520e+04
7.030500e+02 1.236640e+04
7.030000e+02 1.201760e+04
7.029500e+02 1.195525e+04
7.029000e+02 1.189290e+04
7.028500e+02 1.200560e+04
7.028000e+02 1.211830e+04
7.027500e+02 1.214330e+04
7.027000e+02 1.216830e+04
7.026500e+02 1.207415e+04
7.026000e+02 1.198000e+04
7.025500e+02 1.185225e+04
7.025000e+02 1.172450e+04
7.024500e+02 1.174625e+04
7.024000e+02 1.176800e+04
7.023500e+02 1.185305e+04
7.023000e+02 1.193810e+04
7.022500e+02 1.167380e+04
7.022000e+02 1.140950e+04
7.021500e+02 1.134615e+04
7.021000e+02 1.128280e+04
7.020500e+02 1.124815e+04
7.020000e+02 1.121350e+04
7.019500e+02 1.135225e+04
7.019000e+02 1.149100e+04
7.018500e+02 1.153340e+04
7.018000e+02 1.157580e+04
7.017500e+02 1.141875e+04
7.017000e+02 1.126170e+04
7.016500e+02 1.126855e+04
7.016000e+02 1.127540e+04
7.015500e+02 1.122525e+04
7.015000e+02 1.117510e+04
7.014500e+02 1.075555e+04
7.014000e+02 1.033600e+04
7.013500e+02 1.047495e+04
7.013000e+02 1.061390e+04
7.012500e+02 1.075800e+04
7.012000e+02 1.090210e+04
7.011500e+02 1.082030e+04
7.011000e+02 1.073850e+04
7.010500e+02 1.054965e+04
7.010000e+02 1.036080e+04
7.009500e+02 1.035910e+04
7.009000e+02 1.035740e+04
7.008500e+02 1.071225e+04
7.008000e+02 1.106710e+04
7.007500e+02 1.097680e+04
7.007000e+02 1.088650e+04
7.006500e+02 1.067875e+04
7.006000e+02 1.047100e+04
7.005500e+02 1.056795e+04
7.005000e+02 1.066490e+04
7.004500e+02 1.059545e+04
7.004000e+02 1.052600e+04
7.003500e+02 1.041505e+04
7.003000e+02 1.030410e+04
7.002500e+02 1.032475e+04
7.002000e+02 1.034540e+04
7.001500e+02 1.015506e+04
7.001000e+02 9.964720e+03
7.000500e+02 1.026126e+04
7.000000e+02 1.055780e+04
6.999500e+02 1.055780e+04
6.999000e+02 1.055780e+04
6.998500e+02 1.055780e+04
6.998000e+02 1.055780e+04
6.997500e+02 1.055780e+04
6.997000e+02 1.055780e+04
6.996500e+02 1.055780e+04
6.996000e+02 1.055780e+04
6.995500e+02 1.055780e+04
6.995000e+02 1.055780e+04
6.994500e+02 1.055780e+04
6.994000e+02 1.055780e+04
6.993500e+02 1.055780e+04
6.993000e+02 1.055780e+04
6.992500e+02 1.055780e+04
6.992000e+02 1.055780e+04
6.991500e+02 1.055780e+04
6.991000e+02 1.055780e+04
6.990500e+02 1.055780e+04
6.990000e+02 1.055780e+04
6.989500e+02 1.055780e+04
6.989000e+02 1.055780e+04
6.988500e+02 1.055780e+04
6.988000e+02 1.055780e+04
6.987500e+02 1.055780e+04
6.987000e+02 1.055780e+04
6.986500e+02 1.055780e+04
6.986000e+02 1.055780e+04
6.985500e+02 1.055780e+04
6.985000e+02 1.055780e+04
6.984500e+02 1.055780e+04
6.984000e+02 1.055780e+04
6.983500e+02 1.055780e+04
6.983000e+02 1.055780e+04
6.982500e+02 1.055780e+04
6.982000e+02 1.055780e+04
6.981500e+02 1.055780e+04
6.981000e+02 1.055780e+04
6.980500e+02 1.055780e+04
6.980000e+02 1.055780e+04
6.979500e+02 1.055780e+04
6.979000e+02 1.055780e+04
6.978500e+02 1.055780e+04
6.978000e+02 1.055780e+04
6.977500e+02 1.055780e+04
6.977000e+02 1.055780e+04
6.976500e+02 1.055780e+04
6.976000e+02 1.055780e+04
6.975500e+02 1.055780e+04
6.975000e+02 1.055780e+04
6.974500e+02 1.055780e+04
6.974000e+02 1.055780e+04
6.973500e+02 1.055780e+04
6.973000e+02 1.055780e+04
6.972500e+02 1.055780e+04
6.972000e+02 1.055780e+04
6.971500e+02 1.055780e+04
6.971000e+02 1.055780e+04
6.970500e+02 1.055780e+04
6.970000e+02 1.055780e+04
6.969500e+02 1.055780e+04
6.969000e+02 1.055780e+04
6.968500e+02 1.055780e+04
6.968000e+02 1.055780e+04
6.967500e+02 1.055780e+04
6.967000e+02 1.055780e+04
6.966500e+02 1.055780e+04
6.966000e+02 1.055780e+04
6.965500e+02 1.055780e+04
6.965000e+02 1.055780e+04
6.964500e+02 1.055780e+04
6.964000e+02 1.055780e+04
6.963500e+02 1.055780e+04
6.963000e+02 1.055780e+04
6.962500e+02 1.055780e+04
6.962000e+02 1.055780e+04
6.961500e+02 1.055780e+04
6.961000e+02 1.055780e+04
6.960500e+02 1.055780e+04
6.960000e+02 1.055780e+04
6.959500e+02 1.055780e+04
6.959000e+02 1.055780e+04
6.958500e+02 1.055780e+04
6.958000e+02 1.055780e+04
6.957500e+02 1.055780e+04
6.957000e+02 1.055780e+04
6.956500e+02 1.055780e+04
6.956000e+02 1.055780e+04
6.955500e+02 1.055780e+04
6.955000e+02 1.055780e+04
6.954500e+02 1.055780e+04
6.954000e+02 1.055780e+04
6.953500e+02 1.055780e+04
6.953000e+02 1.055780e+04
6.952500e+02 1.055780e+04
6.952000e+02 1.055780e+04
6.951500e+02 1.055780e+04
6.951000e+02 1.055780e+04
6.950500e+02 1.055780e+04
6.950000e+02 1.055780e+04
6.949500e+02 1.055780e+04
6.949000e+02 1.055780e+04
6.948500e+02 1.055780e+04
6.948000e+02 1.055780e+04
6.947500e+02 1.055780e+04
6.947000e+02 1.055780e+04
6.946500e+02 1.055780e+04
6.946000e+02 1.055780e+04
6.945500e+02 1.055780e+04
6.945000e+02 1.055780e+04
6.944500e+02 1.055780e+04
6.944000e+02 1.055780e+04
6.943500e+02 1.055780e+04
6.943000e+02 1.055780e+04
6.942500e+02 1.055780e+04
6.942000e+02 1.055780e+04
6.941500e+02 1.055780e+04
6.941000e+02 1.055780e+04
6.940500e+02 1.055780e+04
6.940000e+02 1.055780e+04
