FeO
7.500000e+02 7.225380e+04
7.499500e+02 7.227630e+04
7.499000e+02 7.229880e+04
7.498500e+02 7.232590e+04
7.498000e+02 7.235300e+04
7.497500e+02 7.243480e+04
7.497000e+02 7.251660e+04
7.496500e+02 7.238400e+04
7.496000e+02 7.225140e+04
7.495500e+02 7.192660e+04
7.495000e+02 7.160180e+04
7.494500e+02 7.198420e+04
7.494000e+02 7.236660e+04
7.493500e+02 7.245010e+04
7.493000e+02 7.253360e+04
7.492500e+02 7.259430e+04
7.492000e+02 7.265500e+04
7.491500e+02 7.273780e+04
7.491000e+02 7.282060e+04
7.490500e+02 7.281490e+04
7.490000e+02 7.280920e+04
7.489500e+02 7.314880e+04
7.489000e+02 7.348840e+04
7.488500e+02 7.347420e+04
7.488000e+02 7.346000e+04
7.487500e+02 7.321400e+04
7.487000e+02 7.296800e+04
7.486500e+02 7.301070e+04
7.486000e+02 7.305340e+04
7.485500e+02 7.306270e+04
7.485000e+02 7.307200e+04
7.484500e+02 7.297520e+04
7.484000e+02 7.287840e+04
7.483500e+02 7.296700e+04
7.483000e+02 7.305560e+04
7.482500e+02 7.339680e+04
7.482000e+02 7.373800e+04
7.481500e+02 7.323470e+04
7.481000e+02 7.273140e+04
7.480500e+02 7.261710e+04
7.480000e+02 7.250280e+04
7.479500e+02 7.267390e+04
7.479000e+02 7.284500e+04
7.478500e+02 7.328980e+04
7.478000e+02 7.373460e+04
7.477500e+02 7.352610e+04
7.477000e+02 7.331760e+04
7.476500e+02 7.306780e+04
7.476000e+02 7.281800e+04
7.475500e+02 7.302290e+04
7.475000e+02 7.322780e+04
7.474500e+02 7.325170e+04
7.474000e+02 7.327560e+04
7.473500e+02 7.333500e+04
7.473000e+02 7.339440e+04
7.472500e+02 7.343460e+04
7.472000e+02 7.347480e+04
7.471500e+02 7.331480e+04
7.471000e+02 7.315480e+04
7.470500e+02 7.334870e+04
7.470000e+02 7.354260e+04
7.469500e+02 7.343000e+04
7.469000e+02 7.331740e+04
7.468500e+02 7.333260e+04
7.468000e+02 7.334780e+04
7.467500e+02 7.316790e+04
7.467000e+02 7.298800e+04
7.466500e+02 7.322610e+04
7.466000e+02 7.346420e+04
7.465500e+02 7.341610e+04
7.465000e+02 7.336800e+04
7.464500e+02 7.355930e+04
7.464000e+02 7.375060e+04
7.463500e+02 7.375840e+04
7.463000e+02 7.376620e+04
7.462500e+02 7.355300e+04
7.462000e+02 7.333980e+04
7.461500e+02 7.369110e+04
7.461000e+02 7.404240e+04
7.460500e+02 7.413690e+04
7.460000e+02 7.423140e+04
7.459500e+02 7.419260e+04
7.459000e+02 7.415380e+04
7.458500e+02 7.381570e+04
7.458000e+02 7.347760e+04
7.457500e+02 7.371650e+04
7.457000e+02 7.395540e+04
7.456500e+02 7.357120e+04
7.456000e+02 7.318700e+04
7.455500e+02 7.366290e+04
7.455000e+02 7.413880e+04
7.454500e+02 7.424040e+04
7.454000e+02 7.434200e+04
7.453500e+02 7.448360e+04
7.453000e+02 7.462520e+04
7.452500e+02 7.453750e+04
7.452000e+02 7.444980e+04
7.451500e+02 7.430050e+04
7.451000e+02 7.415120e+04
7.450500e+02 7.417060e+04
7.450000e+02 7.419000e+04
7.449500e+02 7.410010e+04
7.449000e+02 7.401020e+04
7.448500e+02 7.361090e+04
7.448000e+02 7.321160e+04
7.447500e+02 7.346440e+04
7.447000e+02 7.371720e+04
7.446500e+02 7.373440e+04
7.446000e+02 7.375160e+04
7.445500e+02 7.405150e+04
7.445000e+02 7.435140e+04
7.444500e+02 7.450300e+04
7.444000e+02 7.465460e+04
7.443500e+02 7.444420e+04
7.443000e+02 7.423380e+04
7.442500e+02 7.422260e+04
7.442000e+02 7.421140e+04
7.441500e+02 7.399540e+04
7.441000e+02 7.377940e+04
7.440500e+02 7.373960e+04
7.440000e+02 7.369980e+04
7.439500e+02 7.340680e+04
7.439000e+02 7.311380e+04
7.438500e+02 7.320210e+04
7.438000e+02 7.329040e+04
7.437500e+02 7.354360e+04
7.437000e+02 7.379680e+04
7.436500e+02 7.384660e+04
7.436000e+02 7.389640e+04
7.435500e+02 7.368410e+04
7.435000e+02 7.347180e+04
7.434500e+02 7.365250e+04
7.434000e+02 7.383320e+04
7.433500e+02 7.365670e+04
7.433000e+02 7.348020e+04
7.432500e+02 7.315660e+04
7.432000e+02 7.283300e+04
7.431500e+02 7.327740e+04
7.431000e+02 7.372180e+04
7.430500e+02 7.309110e+04
7.430000e+02 7.246040e+04
7.429500e+02 7.256230e+04
7.429000e+02 7.266420e+04
7.428500e+02 7.277750e+04
7.428000e+02 7.289080e+04
7.427500e+02 7.256240e+04
7.427000e+02 7.223400e+04
7.426500e+02 7.237010e+04
7.426000e+02 7.250620e+04
7.425500e+02 7.254930e+04
7.425000e+02 7.259240e+04
7.424500e+02 7.230450e+04
7.424000e+02 7.201660e+04
7.423500e+02 7.216150e+04
7.423000e+02 7.230640e+04
7.422500e+02 7.228440e+04
7.422000e+02 7.226240e+04
7.421500e+02 7.231420e+04
7.421000e+02 7.236600e+04
7.420500e+02 7.227950e+04
7.420000e+02 7.219300e+04
7.419500e+02 7.194960e+04
7.419000e+02 7.170620e+04
7.418500e+02 7.208320e+04
7.418000e+02 7.246020e+04
7.417500e+02 7.208790e+04
7.417000e+02 7.171560e+04
7.416500e+02 7.170550e+04
7.416000e+02 7.169540e+04
7.415500e+02 7.182590e+04
7.415000e+02 7.195640e+04
7.414500e+02 7.166060e+04
7.414000e+02 7.136480e+04
7.413500e+02 7.151510e+04
7.413000e+02 7.166540e+04
7.412500e+02 7.199300e+04
7.412000e+02 7.232060e+04
7.411500e+02 7.195180e+04
7.411000e+02 7.158300e+04
7.410500e+02 7.161420e+04
7.410000e+02 7.164540e+04
7.409500e+02 7.162230e+04
7.409000e+02 7.159920e+04
7.408500e+02 7.159080e+04
7.408000e+02 7.158240e+04
7.407500e+02 7.170780e+04
7.407000e+02 7.183320e+04
7.406500e+02 7.189590e+04
7.406000e+02 7.195860e+04
7.405500e+02 7.150040e+04
7.405000e+02 7.104220e+04
7.404500e+02 7.130970e+04
7.404000e+02 7.157720e+04
7.403500e+02 7.168890e+04
7.403000e+02 7.180060e+04
7.402500e+02 7.176250e+04
7.402000e+02 7.172440e+04
7.401500e+02 7.153770e+04
7.401000e+02 7.135100e+04
7.400500e+02 7.168070e+04
7.400000e+02 7.201040e+04
7.399500e+02 7.197560e+04
7.399000e+02 7.194080e+04
7.398500e+02 7.167220e+04
7.398000e+02 7.140360e+04
7.397500e+02 7.156500e+04
7.397000e+02 7.172640e+04
7.396500e+02 7.180250e+04
7.396000e+02 7.187860e+04
7.395500e+02 7.164450e+04
7.395000e+02 7.141040e+04
7.394500e+02 7.161770e+04
7.394000e+02 7.182500e+04
7.393500e+02 7.192140e+04
7.393000e+02 7.201780e+04
7.392500e+02 7.228110e+04
7.392000e+02 7.254440e+04
7.391500e+02 7.253020e+04
7.391000e+02 7.251600e+04
7.390500e+02 7.225710e+04
7.390000e+02 7.199820e+04
7.389500e+02 7.239650e+04
7.389000e+02 7.279480e+04
7.388500e+02 7.264350e+04
7.388000e+02 7.249220e+04
7.387500e+02 7.225710e+04
7.387000e+02 7.202200e+04
7.386500e+02 7.251760e+04
7.386000e+02 7.301320e+04
7.385500e+02 7.295470e+04
7.385000e+02 7.289620e+04
7.384500e+02 7.288310e+04
7.384000e+02 7.287000e+04
7.383500e+02 7.261300e+04
7.383000e+02 7.235600e+04
7.382500e+02 7.233340e+04
7.382000e+02 7.231080e+04
7.381500e+02 7.213330e+04
7.381000e+02 7.195580e+04
7.380500e+02 7.234610e+04
7.380000e+02 7.273640e+04
7.379500e+02 7.280480e+04
7.379000e+02 7.287320e+04
7.378500e+02 7.301850e+04
7.378000e+02 7.316380e+04
7.377500e+02 7.317090e+04
7.377000e+02 7.317800e+04
7.376500e+02 7.298930e+04
7.376000e+02 7.280060e+04
7.375500e+02 7.298240e+04
7.375000e+02 7.316420e+04
7.374500e+02 7.320630e+04
7.374000e+02 7.324840e+04
7.373500e+02 7.322810e+04
7.373000e+02 7.320780e+04
7.372500e+02 7.351190e+04
7.372000e+02 7.381600e+04
7.371500e+02 7.385550e+04
7.371000e+02 7.389500e+04
7.370500e+02 7.388470e+04
7.370000e+02 7.387440e+04
7.369500e+02 7.391090e+04
7.369000e+02 7.394740e+04
7.368500e+02 7.391480e+04
7.368000e+02 7.388220e+04
7.367500e+02 7.377150e+04
7.367000e+02 7.366080e+04
7.366500e+02 7.369030e+04
7.366000e+02 7.371980e+04
7.365500e+02 7.389590e+04
7.365000e+02 7.407200e+04
7.364500e+02 7.401790e+04
7.364000e+02 7.396380e+04
7.363500e+02 7.415680e+04
7.363000e+02 7.434980e+04
7.362500e+02 7.462510e+04
7.362000e+02 7.490040e+04
7.361500e+02 7.508230e+04
7.361000e+02 7.526420e+04
7.360500e+02 7.509440e+04
7.360000e+02 7.492460e+04
7.359500e+02 7.500200e+04
7.359000e+02 7.507940e+04
7.358500e+02 7.511090e+04
7.358000e+02 7.514240e+04
7.357500e+02 7.513770e+04
7.357000e+02 7.513300e+04
7.356500e+02 7.526840e+04
7.356000e+02 7.540380e+04
7.355500e+02 7.540410e+04
7.355000e+02 7.540440e+04
7.354500e+02 7.532910e+04
7.354000e+02 7.525380e+04
7.353500e+02 7.547320e+04
7.353000e+02 7.569260e+04
7.352500e+02 7.565030e+04
7.352000e+02 7.560800e+04
7.351500e+02 7.579770e+04
7.351000e+02 7.598740e+04
7.350500e+02 7.608700e+04
7.350000e+02 7.618660e+04
7.349500e+02 7.622470e+04
7.349000e+02 7.626280e+04
7.348500e+02 7.615530e+04
7.348000e+02 7.604780e+04
7.347500e+02 7.602650e+04
7.347000e+02 7.600520e+04
7.346500e+02 7.608900e+04
7.346000e+02 7.617280e+04
7.345500e+02 7.640810e+04
7.345000e+02 7.664340e+04
7.344500e+02 7.673310e+04
7.344000e+02 7.682280e+04
7.343500e+02 7.702180e+04
7.343000e+02 7.722080e+04
7.342500e+02 7.696320e+04
7.342000e+02 7.670560e+04
7.341500e+02 7.686110e+04
7.341000e+02 7.701660e+04
7.340500e+02 7.723030e+04
7.340000e+02 7.744400e+04
7.339500e+02 7.746260e+04
7.339000e+02 7.748120e+04
7.338500e+02 7.762420e+04
7.338000e+02 7.776720e+04
7.337500e+02 7.753940e+04
7.337000e+02 7.731160e+04
7.336500e+02 7.747660e+04
7.336000e+02 7.764160e+04
7.335500e+02 7.781100e+04
7.335000e+02 7.798040e+04
7.334500e+02 7.802000e+04
7.334000e+02 7.805960e+04
7.333500e+02 7.829820e+04
7.333000e+02 7.853680e+04
7.332500e+02 7.862230e+04
7.332000e+02 7.870780e+04
7.331500e+02 7.861270e+04
7.331000e+02 7.851760e+04
7.330500e+02 7.852910e+04
7.330000e+02 7.854060e+04
7.329500e+02 7.881300e+04
7.329000e+02 7.908540e+04
7.328500e+02 7.911370e+04
7.328000e+02 7.914200e+04
7.327500e+02 7.921530e+04
7.327000e+02 7.928860e+04
7.326500e+02 7.958110e+04
7.326000e+02 7.987360e+04
7.325500e+02 7.998030e+04
7.325000e+02 8.008700e+04
7.324500e+02 8.042540e+04
7.324000e+02 8.076380e+04
7.323500e+02 8.065680e+04
7.323000e+02 8.054980e+04
7.322500e+02 8.029400e+04
7.322000e+02 8.003820e+04
7.321500e+02 8.009010e+04
7.321000e+02 8.014200e+04
7.320500e+02 8.025590e+04
7.320000e+02 8.036980e+04
7.319500e+02 8.028750e+04
7.319000e+02 8.020520e+04
7.318500e+02 8.036550e+04
7.318000e+02 8.052580e+04
7.317500e+02 8.092250e+04
7.317000e+02 8.131920e+04
7.316500e+02 8.162200e+04
7.316000e+02 8.192480e+04
7.315500e+02 8.201220e+04
7.315000e+02 8.209960e+04
7.314500e+02 8.204980e+04
7.314000e+02 8.200000e+04
7.313500e+02 8.209520e+04
7.313000e+02 8.219040e+04
7.312500e+02 8.202980e+04
7.312000e+02 8.186920e+04
7.311500e+02 8.178620e+04
7.311000e+02 8.170320e+04
7.310500e+02 8.162650e+04
7.310000e+02 8.154980e+04
7.309500e+02 8.165670e+04
7.309000e+02 8.176360e+04
7.308500e+02 8.152330e+04
7.308000e+02 8.128300e+04
7.307500e+02 8.156130e+04
7.307000e+02 8.183960e+04
7.306500e+02 8.207880e+04
7.306000e+02 8.231800e+04
7.305500e+02 8.249330e+04
7.305000e+02 8.266860e+04
7.304500e+02 8.244270e+04
7.304000e+02 8.221680e+04
7.303500e+02 8.209770e+04
7.303000e+02 8.197860e+04
7.302500e+02 8.178650e+04
7.302000e+02 8.159440e+04
7.301500e+02 8.137310e+04
7.301000e+02 8.115180e+04
7.300500e+02 8.153900e+04
7.300000e+02 8.192620e+04
7.299500e+02 8.175440e+04
7.299000e+02 8.158260e+04
7.298500e+02 8.146370e+04
7.298000e+02 8.134480e+04
7.297500e+02 8.150800e+04
7.297000e+02 8.167120e+04
7.296500e+02 8.138080e+04
7.296000e+02 8.109040e+04
7.295500e+02 8.119050e+04
7.295000e+02 8.129060e+04
7.294500e+02 8.134190e+04
7.294000e+02 8.139320e+04
7.293500e+02 8.128090e+04
7.293000e+02 8.116860e+04
7.292500e+02 8.110170e+04
7.292000e+02 8.103480e+04
7.291500e+02 8.103770e+04
7.291000e+02 8.104060e+04
7.290500e+02 8.083480e+04
7.290000e+02 8.062900e+04
7.289500e+02 8.078450e+04
7.289000e+02 8.094000e+04
7.288500e+02 8.104260e+04
7.288000e+02 8.114520e+04
7.287500e+02 8.127850e+04
7.287000e+02 8.141180e+04
7.286500e+02 8.129280e+04
7.286000e+02 8.117380e+04
7.285500e+02 8.124000e+04
7.285000e+02 8.130620e+04
7.284500e+02 8.151050e+04
7.284000e+02 8.171480e+04
7.283500e+02 8.148190e+04
7.283000e+02 8.124900e+04
7.282500e+02 8.151630e+04
7.282000e+02 8.178360e+04
7.281500e+02 8.185930e+04
7.281000e+02 8.193500e+04
7.280500e+02 8.178340e+04
7.280000e+02 8.163180e+04
7.279500e+02 8.170780e+04
7.279000e+02 8.178380e+04
7.278500e+02 8.195090e+04
7.278000e+02 8.211800e+04
7.277500e+02 8.198070e+04
7.277000e+02 8.184340e+04
7.276500e+02 8.243500e+04
7.276000e+02 8.302660e+04
7.275500e+02 8.337110e+04
7.275000e+02 8.371560e+04
7.274500e+02 8.358440e+04
7.274000e+02 8.345320e+04
7.273500e+02 8.354690e+04
7.273000e+02 8.364060e+04
7.272500e+02 8.408270e+04
7.272000e+02 8.452480e+04
7.271500e+02 8.454650e+04
7.271000e+02 8.456820e+04
7.270500e+02 8.479670e+04
7.270000e+02 8.502520e+04
7.269500e+02 8.511800e+04
7.269000e+02 8.521080e+04
7.268500e+02 8.550530e+04
7.268000e+02 8.579980e+04
7.267500e+02 8.619020e+04
7.267000e+02 8.658060e+04
7.266500e+02 8.649450e+04
7.266000e+02 8.640840e+04
7.265500e+02 8.686340e+04
7.265000e+02 8.731840e+04
7.264500e+02 8.771220e+04
7.264000e+02 8.810600e+04
7.263500e+02 8.869380e+04
7.263000e+02 8.928160e+04
7.262500e+02 8.916930e+04
7.262000e+02 8.905700e+04
7.261500e+02 8.958920e+04
7.261000e+02 9.012140e+04
7.260500e+02 9.014380e+04
7.260000e+02 9.016620e+04
7.259500e+02 9.032060e+04
7.259000e+02 9.047500e+04
7.258500e+02 9.089450e+04
7.258000e+02 9.131400e+04
7.257500e+02 9.158170e+04
7.257000e+02 9.184940e+04
7.256500e+02 9.231550e+04
7.256000e+02 9.278160e+04
7.255500e+02 9.270470e+04
7.255000e+02 9.262780e+04
7.254500e+02 9.321490e+04
7.254000e+02 9.380200e+04
7.253500e+02 9.387170e+04
7.253000e+02 9.394140e+04
7.252500e+02 9.417190e+04
7.252000e+02 9.440240e+04
7.251500e+02 9.427050e+04
7.251000e+02 9.413860e+04
7.250500e+02 9.428580e+04
7.250000e+02 9.443300e+04
7.249500e+02 9.479790e+04
7.249000e+02 9.516280e+04
7.248500e+02 9.563880e+04
7.248000e+02 9.611480e+04
7.247500e+02 9.625700e+04
7.247000e+02 9.639920e+04
7.246500e+02 9.613290e+04
7.246000e+02 9.586660e+04
7.245500e+02 9.562140e+04
7.245000e+02 9.537620e+04
7.244500e+02 9.557760e+04
7.244000e+02 9.577900e+04
7.243500e+02 9.583000e+04
7.243000e+02 9.588100e+04
7.242500e+02 9.592270e+04
7.242000e+02 9.596440e+04
7.241500e+02 9.599970e+04
7.241000e+02 9.603500e+04
7.240500e+02 9.565040e+04
7.240000e+02 9.526580e+04
7.239500e+02 9.500280e+04
7.239000e+02 9.473980e+04
7.238500e+02 9.431930e+04
7.238000e+02 9.389880e+04
7.237500e+02 9.372390e+04
7.237000e+02 9.354900e+04
7.236500e+02 9.320220e+04
7.236000e+02 9.285540e+04
7.235500e+02 9.234580e+04
7.235000e+02 9.183620e+04
7.234500e+02 9.162880e+04
7.234000e+02 9.142140e+04
7.233500e+02 9.083780e+04
7.233000e+02 9.025420e+04
7.232500e+02 8.971650e+04
7.232000e+02 8.917880e+04
7.231500e+02 8.829250e+04
7.231000e+02 8.740620e+04
7.230500e+02 8.662530e+04
7.230000e+02 8.584440e+04
7.229500e+02 8.583420e+04
7.229000e+02 8.582400e+04
7.228500e+02 8.501210e+04
7.228000e+02 8.420020e+04
7.227500e+02 8.361800e+04
7.227000e+02 8.303580e+04
7.226500e+02 8.233560e+04
7.226000e+02 8.163540e+04
7.225500e+02 8.141730e+04
7.225000e+02 8.119920e+04
7.224500e+02 8.048600e+04
7.224000e+02 7.977280e+04
7.223500e+02 7.915310e+04
7.223000e+02 7.853340e+04
7.222500e+02 7.800360e+04
7.222000e+02 7.747380e+04
7.221500e+02 7.674840e+04
7.221000e+02 7.602300e+04
7.220500e+02 7.587690e+04
7.220000e+02 7.573080e+04
7.219500e+02 7.519060e+04
7.219000e+02 7.465040e+04
7.218500e+02 7.428680e+04
7.218000e+02 7.392320e+04
7.217500e+02 7.344510e+04
7.217000e+02 7.296700e+04
7.216500e+02 7.259310e+04
7.216000e+02 7.221920e+04
7.215500e+02 7.229700e+04
7.215000e+02 7.237480e+04
7.214500e+02 7.181940e+04
7.214000e+02 7.126400e+04
7.213500e+02 7.094210e+04
7.213000e+02 7.062020e+04
7.212500e+02 7.072060e+04
7.212000e+02 7.082100e+04
7.211500e+02 7.070800e+04
7.211000e+02 7.059500e+04
7.210500e+02 7.024310e+04
7.210000e+02 6.989120e+04
7.209500e+02 6.954180e+04
7.209000e+02 6.919240e+04
7.208500e+02 6.918850e+04
7.208000e+02 6.918460e+04
7.207500e+02 6.889060e+04
7.207000e+02 6.859660e+04
7.206500e+02 6.840560e+04
7.206000e+02 6.821460e+04
7.205500e+02 6.803200e+04
7.205000e+02 6.784940e+04
7.204500e+02 6.792880e+04
7.204000e+02 6.800820e+04
7.203500e+02 6.769040e+04
7.203000e+02 6.737260e+04
7.202500e+02 6.722610e+04
7.202000e+02 6.707960e+04
7.201500e+02 6.678880e+04
7.201000e+02 6.649800e+04
7.200500e+02 6.642610e+04
7.200000e+02 6.635420e+04
7.199500e+02 6.631620e+04
7.199000e+02 6.627820e+04
7.198500e+02 6.634510e+04
7.198000e+02 6.641200e+04
7.197500e+02 6.610810e+04
7.197000e+02 6.580420e+04
7.196500e+02 6.571520e+04
7.196000e+02 6.562620e+04
7.195500e+02 6.561520e+04
7.195000e+02 6.560420e+04
7.194500e+02 6.552850e+04
7.194000e+02 6.545280e+04
7.193500e+02 6.582720e+04
7.193000e+02 6.620160e+04
7.192500e+02 6.620070e+04
7.192000e+02 6.619980e+04
7.191500e+02 6.622670e+04
7.191000e+02 6.625360e+04
7.190500e+02 6.632200e+04
7.190000e+02 6.639040e+04
7.189500e+02 6.658780e+04
7.189000e+02 6.678520e+04
7.188500e+02 6.713990e+04
7.188000e+02 6.749460e+04
7.187500e+02 6.757590e+04
7.187000e+02 6.765720e+04
7.186500e+02 6.781200e+04
7.186000e+02 6.796680e+04
7.185500e+02 6.821740e+04
7.185000e+02 6.846800e+04
7.184500e+02 6.877890e+04
7.184000e+02 6.908980e+04
7.183500e+02 6.886230e+04
7.183000e+02 6.863480e+04
7.182500e+02 6.871660e+04
7.182000e+02 6.879840e+04
7.181500e+02 6.900580e+04
7.181000e+02 6.921320e+04
7.180500e+02 6.943250e+04
7.180000e+02 6.965180e+04
7.179500e+02 6.959360e+04
7.179000e+02 6.953540e+04
7.178500e+02 6.977400e+04
7.178000e+02 7.001260e+04
7.177500e+02 7.017350e+04
7.177000e+02 7.033440e+04
7.176500e+02 7.041900e+04
7.176000e+02 7.050360e+04
7.175500e+02 7.077380e+04
7.175000e+02 7.104400e+04
7.174500e+02 7.119140e+04
7.174000e+02 7.133880e+04
7.173500e+02 7.155950e+04
7.173000e+02 7.178020e+04
7.172500e+02 7.174570e+04
7.172000e+02 7.171120e+04
7.171500e+02 7.182900e+04
7.171000e+02 7.194680e+04
7.170500e+02 7.207840e+04
7.170000e+02 7.221000e+04
7.169500e+02 7.220060e+04
7.169000e+02 7.219120e+04
7.168500e+02 7.243510e+04
7.168000e+02 7.267900e+04
7.167500e+02 7.296550e+04
7.167000e+02 7.325200e+04
7.166500e+02 7.302920e+04
7.166000e+02 7.280640e+04
7.165500e+02 7.272990e+04
7.165000e+02 7.265340e+04
7.164500e+02 7.281960e+04
7.164000e+02 7.298580e+04
7.163500e+02 7.285610e+04
7.163000e+02 7.272640e+04
7.162500e+02 7.312920e+04
7.162000e+02 7.353200e+04
7.161500e+02 7.384460e+04
7.161000e+02 7.415720e+04
7.160500e+02 7.379570e+04
7.160000e+02 7.343420e+04
7.159500e+02 7.356130e+04
7.159000e+02 7.368840e+04
7.158500e+02 7.378110e+04
7.158000e+02 7.387380e+04
7.157500e+02 7.417490e+04
7.157000e+02 7.447600e+04
7.156500e+02 7.422980e+04
7.156000e+02 7.398360e+04
7.155500e+02 7.441190e+04
7.155000e+02 7.484020e+04
7.154500e+02 7.484140e+04
7.154000e+02 7.484260e+04
7.153500e+02 7.529960e+04
7.153000e+02 7.575660e+04
7.152500e+02 7.603600e+04
7.152000e+02 7.631540e+04
7.151500e+02 7.624300e+04
7.151000e+02 7.617060e+04
7.150500e+02 7.646380e+04
7.150000e+02 7.675700e+04
7.149500e+02 7.774420e+04
7.149000e+02 7.873140e+04
7.148500e+02 7.871130e+04
7.148000e+02 7.869120e+04
7.147500e+02 7.882160e+04
7.147000e+02 7.895200e+04
7.146500e+02 7.918040e+04
7.146000e+02 7.940880e+04
7.145500e+02 8.018170e+04
7.145000e+02 8.095460e+04
7.144500e+02 8.104480e+04
7.144000e+02 8.113500e+04
7.143500e+02 8.148060e+04
7.143000e+02 8.182620e+04
7.142500e+02 8.237500e+04
7.142000e+02 8.292380e+04
7.141500e+02 8.312760e+04
7.141000e+02 8.333140e+04
7.140500e+02 8.365000e+04
7.140000e+02 8.396860e+04
7.139500e+02 8.438530e+04
7.139000e+02 8.480200e+04
7.138500e+02 8.541090e+04
7.138000e+02 8.601980e+04
7.137500e+02 8.620250e+04
7.137000e+02 8.638520e+04
7.136500e+02 8.714540e+04
7.136000e+02 8.790560e+04
7.135500e+02 8.844760e+04
7.135000e+02 8.898960e+04
7.134500e+02 8.939730e+04
7.134000e+02 8.980500e+04
7.133500e+02 9.006860e+04
7.133000e+02 9.033220e+04
7.132500e+02 9.078270e+04
7.132000e+02 9.123320e+04
7.131500e+02 9.157100e+04
7.131000e+02 9.190880e+04
7.130500e+02 9.246500e+04
7.130000e+02 9.302120e+04
7.129500e+02 9.372660e+04
7.129000e+02 9.443200e+04
7.128500e+02 9.509350e+04
7.128000e+02 9.575500e+04
7.127500e+02 9.615070e+04
7.127000e+02 9.654640e+04
7.126500e+02 9.709700e+04
7.126000e+02 9.764760e+04
7.125500e+02 9.820020e+04
7.125000e+02 9.875280e+04
7.124500e+02 9.935110e+04
7.124000e+02 9.994940e+04
7.123500e+02 1.000845e+05
7.123000e+02 1.002196e+05
7.122500e+02 1.007537e+05
7.122000e+02 1.012878e+05
7.121500e+02 1.016118e+05
7.121000e+02 1.019358e+05
7.120500e+02 1.020674e+05
7.120000e+02 1.021990e+05
7.119500e+02 1.026650e+05
7.119000e+02 1.031310e+05
7.118500e+02 1.037264e+05
7.118000e+02 1.043218e+05
7.117500e+02 1.045238e+05
7.117000e+02 1.047258e+05
7.116500e+02 1.048164e+05
7.116000e+02 1.049070e+05
7.115500e+02 1.049042e+05
7.115000e+02 1.049014e+05
7.114500e+02 1.052140e+05
7.114000e+02 1.055266e+05
7.113500e+02 1.056180e+05
7.113000e+02 1.057094e+05
7.112500e+02 1.054246e+05
7.112000e+02 1.051398e+05
7.111500e+02 1.050304e+05
7.111000e+02 1.049210e+05
7.110500e+02 1.050387e+05
7.110000e+02 1.051564e+05
7.109500e+02 1.048102e+05
7.109000e+02 1.044640e+05
7.108500e+02 1.037588e+05
7.108000e+02 1.030536e+05
7.107500e+02 1.030827e+05
7.107000e+02 1.031118e+05
7.106500e+02 1.024109e+05
7.106000e+02 1.017100e+05
7.105500e+02 1.009083e+05
7.105000e+02 1.001066e+05
7.104500e+02 9.935640e+04
7.104000e+02 9.860620e+04
7.103500e+02 9.760050e+04
7.103000e+02 9.659480e+04
7.102500e+02 9.582840e+04
7.102000e+02 9.506200e+04
7.101500e+02 9.397460e+04
7.101000e+02 9.288720e+04
7.100500e+02 9.169810e+04
7.100000e+02 9.050900e+04
7.099500e+02 8.932750e+04
7.099000e+02 8.814600e+04
7.098500e+02 8.669460e+04
7.098000e+02 8.524320e+04
7.097500e+02 8.344420e+04
7.097000e+02 8.164520e+04
7.096500e+02 7.990650e+04
7.096000e+02 7.816780e+04
7.095500e+02 7.659110e+04
7.095000e+02 7.501440e+04
7.094500e+02 7.329160e+04
7.094000e+02 7.156880e+04
7.093500e+02 6.999080e+04
7.093000e+02 6.841280e+04
7.092500e+02 6.668660e+04
7.092000e+02 6.496040e+04
7.091500e+02 6.316170e+04
7.091000e+02 6.136300e+04
7.090500e+02 5.981500e+04
7.090000e+02 5.826700e+04
7.089500e+02 5.661060e+04
7.089000e+02 5.495420e+04
7.088500e+02 5.369920e+04
7.088000e+02 5.244420e+04
7.087500e+02 5.098720e+04
7.087000e+02 4.953020e+04
7.086500e+02 4.846140e+04
7.086000e+02 4.739260e+04
7.085500e+02 4.610320e+04
7.085000e+02 4.481380e+04
7.084500e+02 4.402320e+04
7.084000e+02 4.323260e+04
7.083500e+02 4.237250e+04
7.083000e+02 4.151240e+04
7.082500e+02 4.061440e+04
7.082000e+02 3.971640e+04
7.081500e+02 3.865210e+04
7.081000e+02 3.758780e+04
7.080500e+02 3.660260e+04
7.080000e+02 3.561740e+04
7.079500e+02 3.497580e+04
7.079000e+02 3.433420e+04
7.078500e+02 3.356850e+04
7.078000e+02 3.280280e+04
7.077500e+02 3.187580e+04
7.077000e+02 3.094880e+04
7.076500e+02 3.009880e+04
7.076000e+02 2.924880e+04
7.075500e+02 2.830310e+04
7.075000e+02 2.735740e+04
7.074500e+02 2.644840e+04
7.074000e+02 2.553940e+04
7.073500e+02 2.488710e+04
7.073000e+02 2.423480e+04
7.072500e+02 2.367210e+04
7.072000e+02 2.310940e+04
7.071500e+02 2.242910e+04
7.071000e+02 2.174880e+04
7.070500e+02 2.142320e+04
7.070000e+02 2.109760e+04
7.069500e+02 2.055100e+04
7.069000e+02 2.000440e+04
7.068500e+02 1.959511e+04
7.068000e+02 1.918582e+04
7.067500e+02 1.885619e+04
7.067000e+02 1.852656e+04
7.066500e+02 1.843577e+04
7.066000e+02 1.834498e+04
7.065500e+02 1.808119e+04
7.065000e+02 1.781740e+04
7.064500e+02 1.767567e+04
7.064000e+02 1.753394e+04
7.063500e+02 1.734022e+04
7.063000e+02 1.714650e+04
7.062500e+02 1.708368e+04
7.062000e+02 1.702086e+04
7.061500e+02 1.680645e+04
7.061000e+02 1.659204e+04
7.060500e+02 1.655760e+04
7.060000e+02 1.652316e+04
7.059500e+02 1.646983e+04
7.059000e+02 1.641650e+04
7.058500e+02 1.650532e+04
7.058000e+02 1.659414e+04
7.057500e+02 1.644141e+04
7.057000e+02 1.628868e+04
7.056500e+02 1.626794e+04
7.056000e+02 1.624720e+04
7.055500e+02 1.622762e+04
7.055000e+02 1.620804e+04
7.054500e+02 1.622836e+04
7.054000e+02 1.624868e+04
7.053500e+02 1.616095e+04
7.053000e+02 1.607322e+04
7.052500e+02 1.600091e+04
7.052000e+02 1.592860e+04
7.051500e+02 1.594476e+04
7.051000e+02 1.596092e+04
7.050500e+02 1.593030e+04
7.050000e+02 1.589968e+04
7.049500e+02 1.581810e+04
7.049000e+02 1.573652e+04
7.048500e+02 1.577881e+04
7.048000e+02 1.582110e+04
7.047500e+02 1.592210e+04
7.047000e+02 1.602310e+04
7.046500e+02 1.594062e+04
7.046000e+02 1.585814e+04
7.045500e+02 1.581329e+04
7.045000e+02 1.576844e+04
7.044500e+02 1.562472e+04
7.044000e+02 1.548100e+04
7.043500e+02 1.555841e+04
7.043000e+02 1.563582e+04
7.042500e+02 1.561696e+04
7.042000e+02 1.559810e+04
7.041500e+02 1.556607e+04
7.041000e+02 1.553404e+04
7.040500e+02 1.557015e+04
7.040000e+02 1.560626e+04
7.039500e+02 1.561778e+04
7.039000e+02 1.562930e+04
7.038500e+02 1.555956e+04
7.038000e+02 1.548982e+04
7.037500e+02 1.542996e+04
7.037000e+02 1.537010e+04
7.036500e+02 1.543257e+04
7.036000e+02 1.549504e+04
7.035500e+02 1.544951e+04
7.035000e+02 1.540398e+04
7.034500e+02 1.546655e+04
7.034000e+02 1.552912e+04
7.033500e+02 1.549409e+04
7.033000e+02 1.545906e+04
7.032500e+02 1.556801e+04
7.032000e+02 1.567696e+04
7.031500e+02 1.571813e+04
7.031000e+02 1.575930e+04
7.030500e+02 1.568680e+04
7.030000e+02 1.561430e+04
7.029500e+02 1.530508e+04
7.029000e+02 1.499586e+04
7.028500e+02 1.513263e+04
7.028000e+02 1.526940e+04
7.027500e+02 1.518240e+04
7.027000e+02 1.509540e+04
7.026500e+02 1.512582e+04
7.026000e+02 1.515624e+04
7.025500e+02 1.530192e+04
7.025000e+02 1.544760e+04
7.024500e+02 1.544336e+04
7.024000e+02 1.543912e+04
7.023500e+02 1.549412e+04
7.023000e+02 1.554912e+04
7.022500e+02 1.541209e+04
7.022000e+02 1.527506e+04
7.021500e+02 1.532739e+04
7.021000e+02 1.537972e+04
7.020500e+02 1.518443e+04
7.020000e+02 1.498914e+04
7.019500e+02 1.508829e+04
7.019000e+02 1.518744e+04
7.018500e+02 1.529796e+04
7.018000e+02 1.540848e+04
7.017500e+02 1.520807e+04
7.017000e+02 1.500766e+04
7.016500e+02 1.498925e+04
7.016000e+02 1.497084e+04
7.015500e+02 1.505711e+04
7.015000e+02 1.514338e+04
7.014500e+02 1.527249e+04
7.014000e+02 1.540160e+04
7.013500e+02 1.530604e+04
7.013000e+02 1.521048e+04
7.012500e+02 1.521229e+04
7.012000e+02 1.521410e+04
7.011500e+02 1.517314e+04
7.011000e+02 1.513218e+04
7.010500e+02 1.520395e+04
7.010000e+02 1.527572e+04
7.009500e+02 1.522925e+04
7.009000e+02 1.518278e+04
7.008500e+02 1.517817e+04
7.008000e+02 1.517356e+04
7.007500e+02 1.513241e+04
7.007000e+02 1.509126e+04
7.006500e+02 1.511443e+04
7.006000e+02 1.513760e+04
7.005500e+02 1.519997e+04
7.005000e+02 1.526234e+04
7.004500e+02 1.519069e+04
7.004000e+02 1.511904e+04
7.003500e+02 1.506209e+04
7.003000e+02 1.500514e+04
7.002500e+02 1.492596e+04
7.002000e+02 1.484678e+04
7.001500e+02 1.493822e+04
7.001000e+02 1.502966e+04
7.000500e+02 1.501746e+04
7.000000e+02 1.500526e+04
6.999500e+02 1.500526e+04
6.999000e+02 1.500526e+04
6.998500e+02 1.500526e+04
6.998000e+02 1.500526e+04
6.997500e+02 1.500526e+04
6.997000e+02 1.500526e+04
6.996500e+02 1.500526e+04
6.996000e+02 1.500526e+04
6.995500e+02 1.500526e+04
6.995000e+02 1.500526e+04
6.994500e+02 1.500526e+04
6.994000e+02 1.500526e+04
6.993500e+02 1.500526e+04
6.993000e+02 1.500526e+04
6.992500e+02 1.500526e+04
6.992000e+02 1.500526e+04
6.991500e+02 1.500526e+04
6.991000e+02 1.500526e+04
6.990500e+02 1.500526e+04
6.990000e+02 1.500526e+04
6.989500e+02 1.500526e+04
6.989000e+02 1.500526e+04
6.988500e+02 1.500526e+04
6.988000e+02 1.500526e+04
6.987500e+02 1.500526e+04
6.987000e+02 1.500526e+04
6.986500e+02 1.500526e+04
6.986000e+02 1.500526e+04
6.985500e+02 1.500526e+04
6.985000e+02 1.500526e+04
6.984500e+02 1.500526e+04
6.984000e+02 1.500526e+04
6.983500e+02 1.500526e+04
6.983000e+02 1.500526e+04
6.982500e+02 1.500526e+04
6.982000e+02 1.500526e+04
6.981500e+02 1.500526e+04
6.981000e+02 1.500526e+04
6.980500e+02 1.500526e+04
6.980000e+02 1.500526e+04
6.979500e+02 1.500526e+04
6.979000e+02 1.500526e+04
6.978500e+02 1.500526e+04
6.978000e+02 1.500526e+04
6.977500e+02 1.500526e+04
6.977000e+02 1.500526e+04
6.976500e+02 1.500526e+04
6.976000e+02 1.500526e+04
6.975500e+02 1.500526e+04
6.975000e+02 1.500526e+04
6.974500e+02 1.500526e+04
6.974000e+02 1.500526e+04
6.973500e+02 1.500526e+04
6.973000e+02 1.500526e+04
6.972500e+02 1.500526e+04
6.972000e+02 1.500526e+04
6.971500e+02 1.500526e+04
6.971000e+02 1.500526e+04
6.970500e+02 1.500526e+04
6.970000e+02 1.500526e+04
6.969500e+02 1.500526e+04
6.969000e+02 1.500526e+04
6.968500e+02 1.500526e+04
6.968000e+02 1.500526e+04
6.967500e+02 1.500526e+04
6.967000e+02 1.500526e+04
6.966500e+02 1.500526e+04
6.966000e+02 1.500526e+04
6.965500e+02 1.500526e+04
6.965000e+02 1.500526e+04
6.964500e+02 1.500526e+04
6.964000e+02 1.500526e+04
6.963500e+02 1.500526e+04
6.963000e+02 1.500526e+04
6.962500e+02 1.500526e+04
6.962000e+02 1.500526e+04
6.961500e+02 1.500526e+04
6.961000e+02 1.500526e+04
6.960500e+02 1.500526e+04
6.960000e+02 1.500526e+04
6.959500e+02 1.500526e+04
6.959000e+02 1.500526e+04
6.958500e+02 1.500526e+04
6.958000e+02 1.500526e+04
6.957500e+02 1.500526e+04
6.957000e+02 1.500526e+04
6.956500e+02 1.500526e+04
6.956000e+02 1.500526e+04
6.955500e+02 1.500526e+04
6.955000e+02 1.500526e+04
6.954500e+02 1.500526e+04
6.954000e+02 1.500526e+04
6.953500e+02 1.500526e+04
6.953000e+02 1.500526e+04
6.952500e+02 1.500526e+04
6.952000e+02 1.500526e+04
6.951500e+02 1.500526e+04
6.951000e+02 1.500526e+04
6.950500e+02 1.500526e+04
6.950000e+02 1.500526e+04
6.949500e+02 1.500526e+04
6.949000e+02 1.500526e+04
6.948500e+02 1.500526e+04
6.948000e+02 1.500526e+04
6.947500e+02 1.500526e+04
6.947000e+02 1.500526e+04
6.946500e+02 1.500526e+04
6.946000e+02 1.500526e+04
6.945500e+02 1.500526e+04
6.945000e+02 1.500526e+04
6.944500e+02 1.500526e+04
6.944000e+02 1.500526e+04
6.943500e+02 1.500526e+04
6.943000e+02 1.500526e+04
6.942500e+02 1.500526e+04
6.942000e+02 1.500526e+04
6.941500e+02 1.500526e+04
6.941000e+02 1.500526e+04
6.940500e+02 1.500526e+04
6.940000e+02 1.500526e+04
