MnO2
669.9	1725.94
669.8	1745.35
669.7	1758.94
669.6	1745.89
669.5	1745.75
669.4	1736.19
669.3	1762.84
669.2	1752.74
669.1	1765.9
669	1775.37
668.9	1759.81
668.8	1752.8
668.7	1760.59
668.6	1744.19
668.5	1752.69
668.4	1744.24
668.3	1753.44
668.2	1761.16
668.1	1747.96
668	1755.89
667.9	1755.58
667.8	1764.43
667.7	1786.26
667.6	1760.14
667.5	1772.43
667.4	1775.9
667.3	1790.63
667.2	1783.41
667.1	1782.59
667	1799.26
666.9	1795.02
666.8	1790.05
666.7	1798.33
666.6	1795.97
666.5	1796.2
666.4	1810.46
666.3	1783.04
666.2	1809.61
666.1	1796
666	1802.87
665.9	1805.46
665.8	1815.69
665.7	1839.99
665.6	1823.14
665.5	1837.13
665.4	1827.16
665.3	1842.75
665.2	1866.55
665.1	1846.75
665	1863.74
664.9	1863.22
664.8	1854.14
664.7	1843.81
664.6	1879.77
664.5	1868.47
664.4	1870.44
664.3	1885.84
664.2	1886.26
664.1	1903.52
664	1898.27
663.9	1892.34
663.8	1905.83
663.7	1917.79
663.6	1918.01
663.5	1905.12
663.4	1911.25
663.3	1925.56
663.2	1926.3
663.1	1913.9
663	1915.06
662.9	1911.04
662.8	1904.7
662.7	1898.95
662.6	1896.61
662.5	1885.69
662.4	1890.55
662.3	1891.79
662.2	1880.95
662.1	1899.24
662	1878.06
661.9	1866.76
661.8	1855.75
661.7	1851.57
661.6	1836.19
661.5	1862.77
661.4	1818.6
661.3	1815.63
661.2	1848.4
661.1	1834.04
661	1829.02
660.9	1816.99
660.8	1817.5
660.7	1850.96
660.6	1818.71
660.5	1832.38
660.4	1813.36
660.3	1827.35
660.2	1821.51
660.1	1837.16
660	1830.42
659.9	1820.21
659.8	1840.25
659.7	1824.12
659.6	1850.06
659.5	1849.11
659.4	1855.24
659.3	1836.62
659.2	1829.3
659.1	1862.92
659	1869.29
658.9	1866.35
658.8	1854.55
658.7	1888.14
658.6	1890.66
658.5	1878.34
658.4	1886.67
658.3	1881.81
658.2	1893.47
658.1	1890.79
658	1853.29
657.9	1853.01
657.8	1886.86
657.7	1912.54
657.6	1891.2
657.5	1919.59
657.4	1910.89
657.3	1937.7
657.2	1933.65
657.1	1954.05
657	1971.8
656.9	1984.54
656.8	1996.09
656.7	1983.36
656.6	2009.77
656.5	2025.12
656.4	2057.65
656.3	2074.24
656.2	2106.47
656.1	2145.55
656	2141.85
655.9	2180.84
655.8	2207.05
655.7	2228.85
655.6	2295.6
655.5	2305.28
655.4	2322.96
655.3	2368.13
655.2	2421.67
655.1	2443.29
655	2527.7
654.9	2564
654.8	2617.64
654.7	2677.65
654.6	2725.2
654.5	2806.46
654.4	2859.56
654.3	2909.62
654.2	2985.26
654.1	3082.56
654	3124.89
653.9	3195.41
653.8	3241.01
653.7	3324.81
653.6	3363.13
653.5	3395.3
653.4	3422.61
653.3	3436.71
653.2	3464.04
653.1	3437.9
653	3412.35
652.9	3414.95
652.8	3406.58
652.7	3368.49
652.6	3345.63
652.5	3259.45
652.4	3202.65
652.3	3132.97
652.2	3061.99
652.1	2938.39
652	2857.51
651.9	2759.34
651.8	2704.16
651.7	2599.16
651.6	2528.29
651.5	2462.1
651.4	2379.45
651.3	2323.72
651.2	2252.55
651.1	2169.1
651	2122.24
650.9	2025.7
650.8	1988.27
650.7	1947.6
650.6	1889.51
650.5	1854.65
650.4	1813.52
650.3	1750.2
650.2	1746.96
650.1	1706.07
650	1694.85
649.9	1668.81
649.8	1635.07
649.7	1651.35
649.6	1626.76
649.5	1593.09
649.4	1610.54
649.3	1590.3
649.2	1580.1
649.1	1590.63
649	1583.72
648.9	1580.63
648.8	1584.41
648.7	1586.16
648.6	1614.96
648.5	1613.47
648.4	1596.59
648.3	1582.87
648.2	1612.98
648.1	1636.95
648	1641.06
647.9	1636.56
647.8	1644.91
647.7	1642.59
647.6	1678.24
647.5	1658.82
647.4	1665.7
647.3	1685.39
647.2	1681.74
647.1	1661.41
647	1694.58
646.9	1728.54
646.8	1752.09
646.7	1734.9
646.6	1730.02
646.5	1778.94
646.4	1766.36
646.3	1773.33
646.2	1764.99
646.1	1810.58
646	1808.64
645.9	1792.02
645.8	1822.54
645.7	1828.03
645.6	1850.26
645.5	1866.05
645.4	1894.65
645.3	1908.25
645.2	1925.12
645.1	1964.04
645	1967.59
644.9	2012.27
644.8	2043.52
644.7	2088.25
644.6	2100.88
644.5	2139.45
644.4	2190.56
644.3	2242.76
644.2	2287.54
644.1	2359.46
644	2392.85
643.9	2448.38
643.8	2508.63
643.7	2592.97
643.6	2658.37
643.5	2728.57
643.4	2817.1
643.3	2910.74
643.2	3020.74
643.1	3146.39
643	3259.71
642.9	3362.2
642.8	3485.85
642.7	3613.03
642.6	3722.7
642.5	3808.37
642.4	3917.95
642.3	4060.35
642.2	4167.29
642.1	4258.99
642	4342.32
641.9	4377.23
641.8	4386.95
641.7	4463.13
641.6	4483.3
641.5	4459.57
641.4	4473.86
641.3	4473.1
641.2	4545.32
641.1	4604.56
641	4648.65
640.9	4630.67
640.8	4562.67
640.7	4375.55
640.6	4104.22
640.5	3823.5
640.4	3504.7
640.3	3225.92
640.2	2957.21
640.1	2724.91
640	2544.69
639.9	2418.56
639.8	2258.27
639.7	2050.05
639.6	1841.8
639.5	1617.96
639.4	1389.61
639.3	1196.09
639.2	1036.3
639.1	915.555
639	814.72
638.9	740.59
638.8	693.195
638.7	643.884
638.6	629.642
638.5	625.686
638.4	592.841
638.3	575.033
638.2	585.409
638.1	570.28
638	555.591
637.9	552.574
637.8	533.398
637.7	544.308
637.6	544.81
637.5	529.106
637.4	525.616
637.3	533.435
637.2	527.384
637.1	527.149
637	519.349
636.9	510.82
636.8	528.779
636.7	522.414
636.6	517.265
636.5	514.195
636.4	515.702
636.3	505.395
636.2	511.879
636.1	504.787
636	499.106
635.9	484.92
635.8	497.635
635.7	497.591
635.6	514.686
635.5	508.791
635.4	494.709
635.3	491.455
635.2	490.179
635.1	505.581
635	501.617
634.9	499.844
634.8	508.705
634.7	480.376
634.6	484.492
634.5	485.24
634.4	500.878
634.3	498.209
634.2	500.86
634.1	492.555
634	495.58
633.9	493.353
633.8	501.95
633.7	495.285
633.6	499.783
633.5	488.055
633.4	486.101
633.3	487.321
633.2	476.443
633.1	475.004
633	494.64
632.9	491.067
632.8	490.616
632.7	479.667
632.6	475.344
632.5	495.007
632.4	490.514
632.3	493.456
632.2	490.086
632.1	490.835
632	488.055
631.9	483.435
631.8	476.824
631.7	488.295
631.6	486.141
631.5	493.621
631.4	495.125
631.3	490.03
631.2	488.074
631.1	492.451
631	491.831
630.9	483.068
630.8	492.364
630.7	486.907
630.6	493.095
630.5	482.465
630.4	480.879
630.3	467.306
630.2	481.238
630.1	487.771
630	486.795
