Pd metal	
3.830000e+02 2.378653e+03
3.829500e+02 2.397532e+03
3.829000e+02 2.397532e+03
3.828500e+02 2.397532e+03
3.828000e+02 2.416410e+03
3.827500e+02 2.423989e+03
3.827000e+02 2.423989e+03
3.826500e+02 2.423989e+03
3.826000e+02 2.431568e+03
3.825500e+02 2.429547e+03
3.825000e+02 2.429547e+03
3.824500e+02 2.429547e+03
3.824000e+02 2.427525e+03
3.823500e+02 2.438771e+03
3.823000e+02 2.438771e+03
3.822500e+02 2.438771e+03
3.822000e+02 2.450017e+03
3.821500e+02 2.446926e+03
3.821000e+02 2.446926e+03
3.820500e+02 2.446926e+03
3.820000e+02 2.443835e+03
3.819500e+02 2.445778e+03
3.819000e+02 2.445778e+03
3.818500e+02 2.445778e+03
3.818000e+02 2.447720e+03
3.817500e+02 2.436760e+03
3.817000e+02 2.436760e+03
3.816500e+02 2.436760e+03
3.816000e+02 2.425800e+03
3.815500e+02 2.427968e+03
3.815000e+02 2.427968e+03
3.814500e+02 2.427968e+03
3.814000e+02 2.430135e+03
3.813500e+02 2.441648e+03
3.813000e+02 2.441648e+03
3.812500e+02 2.441648e+03
3.812000e+02 2.453160e+03
3.811500e+02 2.460858e+03
3.811000e+02 2.460858e+03
3.810500e+02 2.460858e+03
3.810000e+02 2.468557e+03
3.809500e+02 2.470685e+03
3.809000e+02 2.470685e+03
3.808500e+02 2.470685e+03
3.808000e+02 2.472813e+03
3.807500e+02 2.476532e+03
3.807000e+02 2.476532e+03
3.806500e+02 2.476532e+03
3.806000e+02 2.480250e+03
3.805500e+02 2.481418e+03
3.805000e+02 2.481418e+03
3.804500e+02 2.481418e+03
3.804000e+02 2.482585e+03
3.803500e+02 2.473319e+03
3.803000e+02 2.473319e+03
3.802500e+02 2.473319e+03
3.802000e+02 2.464052e+03
3.801500e+02 2.464536e+03
3.801000e+02 2.464536e+03
3.800500e+02 2.464536e+03
3.800000e+02 2.465020e+03
3.799500e+02 2.468417e+03
3.799000e+02 2.468417e+03
3.798500e+02 2.468417e+03
3.798000e+02 2.471813e+03
3.797500e+02 2.480628e+03
3.797000e+02 2.480628e+03
3.796500e+02 2.480628e+03
3.796000e+02 2.489443e+03
3.795500e+02 2.484724e+03
3.795000e+02 2.484724e+03
3.794500e+02 2.484724e+03
3.794000e+02 2.480005e+03
3.793500e+02 2.464821e+03
3.793000e+02 2.464821e+03
3.792500e+02 2.464821e+03
3.792000e+02 2.449637e+03
3.791500e+02 2.456620e+03
3.791000e+02 2.456620e+03
3.790500e+02 2.456620e+03
3.790000e+02 2.463603e+03
3.789500e+02 2.472939e+03
3.789000e+02 2.472939e+03
3.788500e+02 2.472939e+03
3.788000e+02 2.482275e+03
3.787500e+02 2.492600e+03
3.787000e+02 2.492600e+03
3.786500e+02 2.492600e+03
3.786000e+02 2.502925e+03
3.785500e+02 2.497823e+03
3.785000e+02 2.497823e+03
3.784500e+02 2.497823e+03
3.784000e+02 2.492720e+03
3.783500e+02 2.501472e+03
3.783000e+02 2.501472e+03
3.782500e+02 2.501472e+03
3.782000e+02 2.510225e+03
3.781500e+02 2.512387e+03
3.781000e+02 2.512387e+03
3.780500e+02 2.512387e+03
3.780000e+02 2.514550e+03
3.779500e+02 2.519075e+03
3.779000e+02 2.519075e+03
3.778500e+02 2.519075e+03
3.778000e+02 2.523600e+03
3.777500e+02 2.522387e+03
3.777000e+02 2.522387e+03
3.776500e+02 2.522387e+03
3.776000e+02 2.521175e+03
3.775500e+02 2.536163e+03
3.775000e+02 2.536163e+03
3.774500e+02 2.536163e+03
3.774000e+02 2.551150e+03
3.773500e+02 2.539238e+03
3.773000e+02 2.539238e+03
3.772500e+02 2.539238e+03
3.772000e+02 2.527325e+03
3.771500e+02 2.544162e+03
3.771000e+02 2.544162e+03
3.770500e+02 2.544162e+03
3.770000e+02 2.561000e+03
3.769500e+02 2.561375e+03
3.769000e+02 2.561375e+03
3.768500e+02 2.561375e+03
3.768000e+02 2.561750e+03
3.767500e+02 2.572725e+03
3.767000e+02 2.572725e+03
3.766500e+02 2.572725e+03
3.766000e+02 2.583700e+03
3.765500e+02 2.584938e+03
3.765000e+02 2.584938e+03
3.764500e+02 2.584938e+03
3.764000e+02 2.586175e+03
3.763500e+02 2.573213e+03
3.763000e+02 2.573213e+03
3.762500e+02 2.573213e+03
3.762000e+02 2.560250e+03
3.761500e+02 2.547150e+03
3.761000e+02 2.547150e+03
3.760500e+02 2.547150e+03
3.760000e+02 2.534050e+03
3.759500e+02 2.550438e+03
3.759000e+02 2.550438e+03
3.758500e+02 2.550438e+03
3.758000e+02 2.566825e+03
3.757500e+02 2.587300e+03
3.757000e+02 2.587300e+03
3.756500e+02 2.587300e+03
3.756000e+02 2.607775e+03
3.755500e+02 2.593562e+03
3.755000e+02 2.593562e+03
3.754500e+02 2.593562e+03
3.754000e+02 2.579350e+03
3.753500e+02 2.580375e+03
3.753000e+02 2.580375e+03
3.752500e+02 2.580375e+03
3.752000e+02 2.581400e+03
3.751500e+02 2.576350e+03
3.751000e+02 2.576350e+03
3.750500e+02 2.576350e+03
3.750000e+02 2.571300e+03
3.749500e+02 2.590675e+03
3.749000e+02 2.590675e+03
3.748500e+02 2.590675e+03
3.748000e+02 2.610050e+03
3.747500e+02 2.608663e+03
3.747000e+02 2.608663e+03
3.746500e+02 2.608663e+03
3.746000e+02 2.607275e+03
3.745500e+02 2.608175e+03
3.745000e+02 2.608175e+03
3.744500e+02 2.608175e+03
3.744000e+02 2.609075e+03
3.743500e+02 2.619900e+03
3.743000e+02 2.619900e+03
3.742500e+02 2.619900e+03
3.742000e+02 2.630725e+03
3.741500e+02 2.630425e+03
3.741000e+02 2.630425e+03
3.740500e+02 2.630425e+03
3.740000e+02 2.630125e+03
3.739500e+02 2.666537e+03
3.739000e+02 2.666537e+03
3.738500e+02 2.666537e+03
3.738000e+02 2.702950e+03
3.737500e+02 2.697762e+03
3.737000e+02 2.697762e+03
3.736500e+02 2.697762e+03
3.736000e+02 2.692575e+03
3.735500e+02 2.692375e+03
3.735000e+02 2.692375e+03
3.734500e+02 2.692375e+03
3.734000e+02 2.692175e+03
3.733500e+02 2.682713e+03
3.733000e+02 2.682713e+03
3.732500e+02 2.682713e+03
3.732000e+02 2.673250e+03
3.731500e+02 2.669975e+03
3.731000e+02 2.669975e+03
3.730500e+02 2.669975e+03
3.730000e+02 2.666700e+03
3.729500e+02 2.672837e+03
3.729000e+02 2.672837e+03
3.728500e+02 2.672837e+03
3.728000e+02 2.678975e+03
3.727500e+02 2.677087e+03
3.727000e+02 2.677087e+03
3.726500e+02 2.677087e+03
3.726000e+02 2.675200e+03
3.725500e+02 2.674875e+03
3.725000e+02 2.674875e+03
3.724500e+02 2.674875e+03
3.724000e+02 2.674550e+03
3.723500e+02 2.660038e+03
3.723000e+02 2.660038e+03
3.722500e+02 2.660038e+03
3.722000e+02 2.645525e+03
3.721500e+02 2.668588e+03
3.721000e+02 2.668588e+03
3.720500e+02 2.668588e+03
3.720000e+02 2.691650e+03
3.719500e+02 2.663762e+03
3.719000e+02 2.663762e+03
3.718500e+02 2.663762e+03
3.718000e+02 2.635875e+03
3.717500e+02 2.631887e+03
3.717000e+02 2.631887e+03
3.716500e+02 2.631887e+03
3.716000e+02 2.627900e+03
3.715500e+02 2.655475e+03
3.715000e+02 2.655475e+03
3.714500e+02 2.655475e+03
3.714000e+02 2.683050e+03
3.713500e+02 2.696413e+03
3.713000e+02 2.696413e+03
3.712500e+02 2.696413e+03
3.712000e+02 2.709775e+03
3.711500e+02 2.701025e+03
3.711000e+02 2.701025e+03
3.710500e+02 2.701025e+03
3.710000e+02 2.692275e+03
3.709500e+02 2.688637e+03
3.709000e+02 2.688637e+03
3.708500e+02 2.688637e+03
3.708000e+02 2.685000e+03
3.707500e+02 2.682238e+03
3.707000e+02 2.682238e+03
3.706500e+02 2.682238e+03
3.706000e+02 2.679475e+03
3.705500e+02 2.685450e+03
3.705000e+02 2.685450e+03
3.704500e+02 2.685450e+03
3.704000e+02 2.691425e+03
3.703500e+02 2.700062e+03
3.703000e+02 2.700062e+03
3.702500e+02 2.700062e+03
3.702000e+02 2.708700e+03
3.701500e+02 2.702562e+03
3.701000e+02 2.702562e+03
3.700500e+02 2.702562e+03
3.700000e+02 2.696425e+03
3.699500e+02 2.710838e+03
3.699000e+02 2.710838e+03
3.698500e+02 2.710838e+03
3.698000e+02 2.725250e+03
3.697500e+02 2.725463e+03
3.697000e+02 2.725463e+03
3.696500e+02 2.725463e+03
3.696000e+02 2.725675e+03
3.695500e+02 2.734025e+03
3.695000e+02 2.734025e+03
3.694500e+02 2.734025e+03
3.694000e+02 2.742375e+03
3.693500e+02 2.765125e+03
3.693000e+02 2.765125e+03
3.692500e+02 2.765125e+03
3.692000e+02 2.787875e+03
3.691500e+02 2.783925e+03
3.691000e+02 2.783925e+03
3.690500e+02 2.783925e+03
3.690000e+02 2.779975e+03
3.689500e+02 2.758637e+03
3.689000e+02 2.758637e+03
3.688500e+02 2.758637e+03
3.688000e+02 2.737300e+03
3.687500e+02 2.731925e+03
3.687000e+02 2.731925e+03
3.686500e+02 2.731925e+03
3.686000e+02 2.726550e+03
3.685500e+02 2.775562e+03
3.685000e+02 2.775562e+03
3.684500e+02 2.775562e+03
3.684000e+02 2.824575e+03
3.683500e+02 2.808200e+03
3.683000e+02 2.808200e+03
3.682500e+02 2.808200e+03
3.682000e+02 2.791825e+03
3.681500e+02 2.801775e+03
3.681000e+02 2.801775e+03
3.680500e+02 2.801775e+03
3.680000e+02 2.811725e+03
3.679500e+02 2.792188e+03
3.679000e+02 2.792188e+03
3.678500e+02 2.792188e+03
3.678000e+02 2.772650e+03
3.677500e+02 2.805600e+03
3.677000e+02 2.805600e+03
3.676500e+02 2.805600e+03
3.676000e+02 2.838550e+03
3.675500e+02 2.838913e+03
3.675000e+02 2.838913e+03
3.674500e+02 2.838913e+03
3.674000e+02 2.839275e+03
3.673500e+02 2.829113e+03
3.673000e+02 2.829113e+03
3.672500e+02 2.829113e+03
3.672000e+02 2.818950e+03
3.671500e+02 2.785800e+03
3.671000e+02 2.785800e+03
3.670500e+02 2.785800e+03
3.670000e+02 2.752650e+03
3.669500e+02 2.734575e+03
3.669000e+02 2.734575e+03
3.668500e+02 2.734575e+03
3.668000e+02 2.716500e+03
3.667500e+02 2.722838e+03
3.667000e+02 2.722838e+03
3.666500e+02 2.722838e+03
3.666000e+02 2.729175e+03
3.665500e+02 2.736062e+03
3.665000e+02 2.736062e+03
3.664500e+02 2.736062e+03
3.664000e+02 2.742950e+03
3.663500e+02 2.727387e+03
3.663000e+02 2.727387e+03
3.662500e+02 2.727387e+03
3.662000e+02 2.711825e+03
3.661500e+02 2.699912e+03
3.661000e+02 2.699912e+03
3.660500e+02 2.699912e+03
3.660000e+02 2.688000e+03
3.659500e+02 2.711575e+03
3.659000e+02 2.711575e+03
3.658500e+02 2.711575e+03
3.658000e+02 2.735150e+03
3.657500e+02 2.730363e+03
3.657000e+02 2.730363e+03
3.656500e+02 2.730363e+03
3.656000e+02 2.725575e+03
3.655500e+02 2.719400e+03
3.655000e+02 2.719400e+03
3.654500e+02 2.719400e+03
3.654000e+02 2.713225e+03
3.653500e+02 2.697100e+03
3.653000e+02 2.697100e+03
3.652500e+02 2.697100e+03
3.652000e+02 2.680975e+03
3.651500e+02 2.661863e+03
3.651000e+02 2.661863e+03
3.650500e+02 2.661863e+03
3.650000e+02 2.642750e+03
3.649500e+02 2.659550e+03
3.649000e+02 2.659550e+03
3.648500e+02 2.659550e+03
3.648000e+02 2.676350e+03
3.647500e+02 2.709375e+03
3.647000e+02 2.709375e+03
3.646500e+02 2.709375e+03
3.646000e+02 2.742400e+03
3.645500e+02 2.713075e+03
3.645000e+02 2.713075e+03
3.644500e+02 2.713075e+03
3.644000e+02 2.683750e+03
3.643500e+02 2.678400e+03
3.643000e+02 2.678400e+03
3.642500e+02 2.678400e+03
3.642000e+02 2.673050e+03
3.641500e+02 2.697038e+03
3.641000e+02 2.697038e+03
3.640500e+02 2.697038e+03
3.640000e+02 2.721025e+03
3.639500e+02 2.715038e+03
3.639000e+02 2.715038e+03
3.638500e+02 2.715038e+03
3.638000e+02 2.709050e+03
3.637500e+02 2.690238e+03
3.637000e+02 2.690238e+03
3.636500e+02 2.690238e+03
3.636000e+02 2.671425e+03
3.635500e+02 2.682038e+03
3.635000e+02 2.682038e+03
3.634500e+02 2.682038e+03
3.634000e+02 2.692650e+03
3.633500e+02 2.692850e+03
3.633000e+02 2.692850e+03
3.632500e+02 2.692850e+03
3.632000e+02 2.693050e+03
3.631500e+02 2.708775e+03
3.631000e+02 2.708775e+03
3.630500e+02 2.708775e+03
3.630000e+02 2.724500e+03
3.629500e+02 2.701025e+03
3.629000e+02 2.701025e+03
3.628500e+02 2.701025e+03
3.628000e+02 2.677550e+03
3.627500e+02 2.696637e+03
3.627000e+02 2.696637e+03
3.626500e+02 2.696637e+03
3.626000e+02 2.715725e+03
3.625500e+02 2.711500e+03
3.625000e+02 2.711500e+03
3.624500e+02 2.711500e+03
3.624000e+02 2.707275e+03
3.623500e+02 2.687113e+03
3.623000e+02 2.687113e+03
3.622500e+02 2.687113e+03
3.622000e+02 2.666950e+03
3.621500e+02 2.655537e+03
3.621000e+02 2.655537e+03
3.620500e+02 2.655537e+03
3.620000e+02 2.644125e+03
3.619500e+02 2.652738e+03
3.619000e+02 2.652738e+03
3.618500e+02 2.652738e+03
3.618000e+02 2.661350e+03
3.617500e+02 2.676837e+03
3.617000e+02 2.676837e+03
3.616500e+02 2.676837e+03
3.616000e+02 2.692325e+03
3.615500e+02 2.685900e+03
3.615000e+02 2.685900e+03
3.614500e+02 2.685900e+03
3.614000e+02 2.679475e+03
3.613500e+02 2.677950e+03
3.613000e+02 2.677950e+03
3.612500e+02 2.677950e+03
3.612000e+02 2.676425e+03
3.611500e+02 2.690938e+03
3.611000e+02 2.690938e+03
3.610500e+02 2.690938e+03
3.610000e+02 2.705450e+03
3.609500e+02 2.682025e+03
3.609000e+02 2.682025e+03
3.608500e+02 2.682025e+03
3.608000e+02 2.658600e+03
3.607500e+02 2.650238e+03
3.607000e+02 2.650238e+03
3.606500e+02 2.650238e+03
3.606000e+02 2.641875e+03
3.605500e+02 2.670700e+03
3.605000e+02 2.670700e+03
3.604500e+02 2.670700e+03
3.604000e+02 2.699525e+03
3.603500e+02 2.684650e+03
3.603000e+02 2.684650e+03
3.602500e+02 2.684650e+03
3.602000e+02 2.669775e+03
3.601500e+02 2.663675e+03
3.601000e+02 2.663675e+03
3.600500e+02 2.663675e+03
3.600000e+02 2.657575e+03
3.599500e+02 2.647587e+03
3.599000e+02 2.647587e+03
3.598500e+02 2.647587e+03
3.598000e+02 2.637600e+03
3.597500e+02 2.627225e+03
3.597000e+02 2.627225e+03
3.596500e+02 2.627225e+03
3.596000e+02 2.616850e+03
3.595500e+02 2.624537e+03
3.595000e+02 2.624537e+03
3.594500e+02 2.624537e+03
3.594000e+02 2.632225e+03
3.593500e+02 2.616212e+03
3.593000e+02 2.616212e+03
3.592500e+02 2.616212e+03
3.592000e+02 2.600200e+03
3.591500e+02 2.613762e+03
3.591000e+02 2.613762e+03
3.590500e+02 2.613762e+03
3.590000e+02 2.627325e+03
3.589500e+02 2.622875e+03
3.589000e+02 2.622875e+03
3.588500e+02 2.622875e+03
3.588000e+02 2.618425e+03
3.587500e+02 2.634500e+03
3.587000e+02 2.634500e+03
3.586500e+02 2.634500e+03
3.586000e+02 2.650575e+03
3.585500e+02 2.651062e+03
3.585000e+02 2.651062e+03
3.584500e+02 2.651062e+03
3.584000e+02 2.651550e+03
3.583500e+02 2.631300e+03
3.583000e+02 2.631300e+03
3.582500e+02 2.631300e+03
3.582000e+02 2.611050e+03
3.581500e+02 2.620863e+03
3.581000e+02 2.620863e+03
3.580500e+02 2.620863e+03
3.580000e+02 2.630675e+03
3.579500e+02 2.617213e+03
3.579000e+02 2.617213e+03
3.578500e+02 2.617213e+03
3.578000e+02 2.603750e+03
3.577500e+02 2.586400e+03
3.577000e+02 2.586400e+03
3.576500e+02 2.586400e+03
3.576000e+02 2.569050e+03
3.575500e+02 2.576100e+03
3.575000e+02 2.576100e+03
3.574500e+02 2.576100e+03
3.574000e+02 2.583150e+03
3.573500e+02 2.591788e+03
3.573000e+02 2.591788e+03
3.572500e+02 2.591788e+03
3.572000e+02 2.600425e+03
3.571500e+02 2.597400e+03
3.571000e+02 2.597400e+03
3.570500e+02 2.597400e+03
3.570000e+02 2.594375e+03
3.569500e+02 2.613188e+03
3.569000e+02 2.613188e+03
3.568500e+02 2.613188e+03
3.568000e+02 2.632000e+03
3.567500e+02 2.621537e+03
3.567000e+02 2.621537e+03
3.566500e+02 2.621537e+03
3.566000e+02 2.611075e+03
3.565500e+02 2.590725e+03
3.565000e+02 2.590725e+03
3.564500e+02 2.590725e+03
3.564000e+02 2.570375e+03
3.563500e+02 2.563412e+03
3.563000e+02 2.563412e+03
3.562500e+02 2.563412e+03
3.562000e+02 2.556450e+03
3.561500e+02 2.584188e+03
3.561000e+02 2.584188e+03
3.560500e+02 2.584188e+03
3.560000e+02 2.611925e+03
3.559500e+02 2.585100e+03
3.559000e+02 2.585100e+03
3.558500e+02 2.585100e+03
3.558000e+02 2.558275e+03
3.557500e+02 2.544375e+03
3.557000e+02 2.544375e+03
3.556500e+02 2.544375e+03
3.556000e+02 2.530475e+03
3.555500e+02 2.562900e+03
3.555000e+02 2.562900e+03
3.554500e+02 2.562900e+03
3.554000e+02 2.595325e+03
3.553500e+02 2.587625e+03
3.553000e+02 2.587625e+03
3.552500e+02 2.587625e+03
3.552000e+02 2.579925e+03
3.551500e+02 2.573575e+03
3.551000e+02 2.573575e+03
3.550500e+02 2.573575e+03
3.550000e+02 2.567225e+03
3.549500e+02 2.571262e+03
3.549000e+02 2.571262e+03
3.548500e+02 2.571262e+03
3.548000e+02 2.575300e+03
3.547500e+02 2.573988e+03
3.547000e+02 2.573988e+03
3.546500e+02 2.573988e+03
3.546000e+02 2.572675e+03
3.545500e+02 2.573750e+03
3.545000e+02 2.573750e+03
3.544500e+02 2.573750e+03
3.544000e+02 2.574825e+03
3.543500e+02 2.586300e+03
3.543000e+02 2.586300e+03
3.542500e+02 2.586300e+03
3.542000e+02 2.597775e+03
3.541500e+02 2.591750e+03
3.541000e+02 2.591750e+03
3.540500e+02 2.591750e+03
3.540000e+02 2.585725e+03
3.539500e+02 2.596000e+03
3.539000e+02 2.596000e+03
3.538500e+02 2.596000e+03
3.538000e+02 2.606275e+03
3.537500e+02 2.612725e+03
3.537000e+02 2.612725e+03
3.536500e+02 2.612725e+03
3.536000e+02 2.619175e+03
3.535500e+02 2.618163e+03
3.535000e+02 2.618163e+03
3.534500e+02 2.618163e+03
3.534000e+02 2.617150e+03
3.533500e+02 2.612875e+03
3.533000e+02 2.612875e+03
3.532500e+02 2.612875e+03
3.532000e+02 2.608600e+03
3.531500e+02 2.588475e+03
3.531000e+02 2.588475e+03
3.530500e+02 2.588475e+03
3.530000e+02 2.568350e+03
3.529500e+02 2.593150e+03
3.529000e+02 2.593150e+03
3.528500e+02 2.593150e+03
3.528000e+02 2.617950e+03
3.527500e+02 2.635837e+03
3.527000e+02 2.635837e+03
3.526500e+02 2.635837e+03
3.526000e+02 2.653725e+03
3.525500e+02 2.648613e+03
3.525000e+02 2.648613e+03
3.524500e+02 2.648613e+03
3.524000e+02 2.643500e+03
3.523500e+02 2.666175e+03
3.523000e+02 2.666175e+03
3.522500e+02 2.666175e+03
3.522000e+02 2.688850e+03
3.521500e+02 2.700337e+03
3.521000e+02 2.700337e+03
3.520500e+02 2.700337e+03
3.520000e+02 2.711825e+03
3.519500e+02 2.741238e+03
3.519000e+02 2.741238e+03
3.518500e+02 2.741238e+03
3.518000e+02 2.770650e+03
3.517500e+02 2.793512e+03
3.517000e+02 2.793512e+03
3.516500e+02 2.793512e+03
3.516000e+02 2.816375e+03
3.515500e+02 2.804650e+03
3.515000e+02 2.804650e+03
3.514500e+02 2.804650e+03
3.514000e+02 2.792925e+03
3.513500e+02 2.825575e+03
3.513000e+02 2.825575e+03
3.512500e+02 2.825575e+03
3.512000e+02 2.858225e+03
3.511500e+02 2.870562e+03
3.511000e+02 2.870562e+03
3.510500e+02 2.870562e+03
3.510000e+02 2.882900e+03
3.509500e+02 2.893887e+03
3.509000e+02 2.893887e+03
3.508500e+02 2.893887e+03
3.508000e+02 2.904875e+03
3.507500e+02 2.914675e+03
3.507000e+02 2.914675e+03
3.506500e+02 2.914675e+03
3.506000e+02 2.924475e+03
3.505500e+02 2.945475e+03
3.505000e+02 2.945475e+03
3.504500e+02 2.945475e+03
3.504000e+02 2.966475e+03
3.503500e+02 2.987375e+03
3.503000e+02 2.987375e+03
3.502500e+02 2.987375e+03
3.502000e+02 3.008275e+03
3.501500e+02 3.019350e+03
3.501000e+02 3.019350e+03
3.500500e+02 3.019350e+03
3.500000e+02 3.030425e+03
3.499500e+02 3.057775e+03
3.499000e+02 3.057775e+03
3.498500e+02 3.057775e+03
3.498000e+02 3.085125e+03
3.497500e+02 3.099762e+03
3.497000e+02 3.099762e+03
3.496500e+02 3.099762e+03
3.496000e+02 3.114400e+03
3.495500e+02 3.138663e+03
3.495000e+02 3.138663e+03
3.494500e+02 3.138663e+03
3.494000e+02 3.162925e+03
3.493500e+02 3.186475e+03
3.493000e+02 3.186475e+03
3.492500e+02 3.186475e+03
3.492000e+02 3.210025e+03
3.491500e+02 3.228913e+03
3.491000e+02 3.228913e+03
3.490500e+02 3.228913e+03
3.490000e+02 3.247800e+03
3.489500e+02 3.282225e+03
3.489000e+02 3.282225e+03
3.488500e+02 3.282225e+03
3.488000e+02 3.316650e+03
3.487500e+02 3.340775e+03
3.487000e+02 3.340775e+03
3.486500e+02 3.340775e+03
3.486000e+02 3.364900e+03
3.485500e+02 3.385312e+03
3.485000e+02 3.385312e+03
3.484500e+02 3.385312e+03
3.484000e+02 3.405725e+03
3.483500e+02 3.438275e+03
3.483000e+02 3.438275e+03
3.482500e+02 3.438275e+03
3.482000e+02 3.470825e+03
3.481500e+02 3.516100e+03
3.481000e+02 3.516100e+03
3.480500e+02 3.516100e+03
3.480000e+02 3.561375e+03
3.479500e+02 3.562975e+03
3.479000e+02 3.562975e+03
3.478500e+02 3.562975e+03
3.478000e+02 3.564575e+03
3.477500e+02 3.601175e+03
3.477000e+02 3.601175e+03
3.476500e+02 3.601175e+03
3.476000e+02 3.637775e+03
3.475500e+02 3.678225e+03
3.475000e+02 3.678225e+03
3.474500e+02 3.678225e+03
3.474000e+02 3.718675e+03
3.473500e+02 3.752863e+03
3.473000e+02 3.752863e+03
3.472500e+02 3.752863e+03
3.472000e+02 3.787050e+03
3.471500e+02 3.839463e+03
3.471000e+02 3.839463e+03
3.470500e+02 3.839463e+03
3.470000e+02 3.891875e+03
3.469500e+02 3.917713e+03
3.469000e+02 3.917713e+03
3.468500e+02 3.917713e+03
3.468000e+02 3.943550e+03
3.467500e+02 3.947938e+03
3.467000e+02 3.947938e+03
3.466500e+02 3.947938e+03
3.466000e+02 3.952325e+03
3.465500e+02 3.945988e+03
3.465000e+02 3.945988e+03
3.464500e+02 3.945988e+03
3.464000e+02 3.939650e+03
3.463500e+02 3.883975e+03
3.463000e+02 3.883975e+03
3.462500e+02 3.883975e+03
3.462000e+02 3.828300e+03
3.461500e+02 3.774825e+03
3.461000e+02 3.774825e+03
3.460500e+02 3.774825e+03
3.460000e+02 3.721350e+03
3.459500e+02 3.678438e+03
3.459000e+02 3.678438e+03
3.458500e+02 3.678438e+03
3.458000e+02 3.635525e+03
3.457500e+02 3.600650e+03
3.457000e+02 3.600650e+03
3.456500e+02 3.600650e+03
3.456000e+02 3.565775e+03
3.455500e+02 3.561088e+03
3.455000e+02 3.561088e+03
3.454500e+02 3.561088e+03
3.454000e+02 3.556400e+03
3.453500e+02 3.548950e+03
3.453000e+02 3.548950e+03
3.452500e+02 3.548950e+03
3.452000e+02 3.541500e+03
3.451500e+02 3.540137e+03
3.451000e+02 3.540137e+03
3.450500e+02 3.540137e+03
3.450000e+02 3.538775e+03
3.449500e+02 3.565088e+03
3.449000e+02 3.565088e+03
3.448500e+02 3.565088e+03
3.448000e+02 3.591400e+03
3.447500e+02 3.650775e+03
3.447000e+02 3.650775e+03
3.446500e+02 3.650775e+03
3.446000e+02 3.710150e+03
3.445500e+02 3.730538e+03
3.445000e+02 3.730538e+03
3.444500e+02 3.730538e+03
3.444000e+02 3.750925e+03
3.443500e+02 3.826213e+03
3.443000e+02 3.826213e+03
3.442500e+02 3.826213e+03
3.442000e+02 3.901500e+03
3.441500e+02 3.929725e+03
3.441000e+02 3.929725e+03
3.440500e+02 3.929725e+03
3.440000e+02 3.957950e+03
3.439500e+002	4.028350e+003		
3.439000e+002	4.124650e+003		
3.438500e+002	4.109025e+003		
3.438000e+002	4.164950e+003		
3.437500e+002	4.210225e+003		
3.437000e+002	4.196450e+003		
3.436500e+002	4.268125e+003		
3.436000e+002	4.266625e+003		
3.435500e+002	4.305500e+003		
3.435000e+002	4.340400e+003		
3.434500e+002	4.385825e+003		
3.434000e+002	4.398900e+003		
3.433500e+002	4.408975e+003		
3.433000e+002	4.458675e+003		
3.432500e+002	4.514100e+003		
3.432000e+002	4.538250e+003		
3.431500e+002	4.608950e+003		
3.431000e+002	4.592625e+003		
3.430500e+002	4.680450e+003		
3.430000e+002	4.724075e+003		
3.429500e+002	4.787225e+003		
3.429000e+002	4.820775e+003		
3.428500e+002	4.821625e+003		
3.428000e+002	4.878800e+003		
3.427500e+002	4.969450e+003		
3.427000e+002	4.986525e+003		
3.426500e+002	5.078150e+003		
3.426000e+002	5.152800e+003		
3.425500e+002	5.191275e+003		
3.425000e+002	5.238700e+003		
3.424500e+002	5.365250e+003		
3.424000e+002	5.418200e+003		
3.423500e+002	5.484750e+003		
3.423000e+002	5.544900e+003		
3.422500e+002	5.729500e+003		
3.422000e+002	5.759250e+003		
3.421500e+002	5.863800e+003		
3.421000e+002	6.025025e+003		
3.420500e+002	6.109350e+003		
3.420000e+002	6.198675e+003		
3.419500e+002	6.354525e+003		
3.419000e+002	6.552250e+003		
3.418500e+002	6.717700e+003		
3.418000e+002	6.930475e+003		
3.417500e+002	7.069075e+003		
3.417000e+002	7.332550e+003		
3.416500e+002	7.554725e+003		
3.416000e+002	7.703150e+003		
3.415500e+002	7.994150e+003		
3.415000e+002	8.282175e+003		
3.414500e+002	8.621875e+003		
3.414000e+002	9.011450e+003		
3.413500e+002	9.368075e+003		
3.413000e+002	9.682975e+003		
3.412500e+002	1.011963e+004		
3.412000e+002	1.064138e+004		
3.411500e+002	1.113073e+004		
3.411000e+002	1.168878e+004		
3.410500e+002	1.225458e+004		
3.410000e+002	1.279498e+004		
3.409500e+002	1.333720e+004		
3.409000e+002	1.398250e+004		
3.408500e+002	1.468060e+004		
3.408000e+002	1.537373e+004		
3.407500e+002	1.588567e+004		
3.407000e+002	1.639203e+004		
3.406500e+002	1.692442e+004		
3.406000e+002	1.732275e+004		
3.405500e+002	1.769095e+004		
3.405000e+002	1.805345e+004		
3.404500e+002	1.818090e+004		
3.404000e+002	1.800250e+004		
3.403500e+002	1.765790e+004		
3.403000e+002	1.708595e+004		
3.402500e+002	1.615285e+004		
3.402000e+002	1.519813e+004		
3.401500e+002	1.381050e+004		
3.401000e+002	1.239663e+004		
3.400500e+002	1.105753e+004		
3.400000e+002	9.748600e+003		
3.399500e+002	8.526600e+003		
3.399000e+002	7.363625e+003		
3.398500e+002	6.422550e+003		
3.398000e+002	5.700100e+003		
3.397500e+002	5.145025e+003		
3.397000e+002	4.595650e+003		
3.396500e+002	4.227900e+003		
3.396000e+002	3.955175e+003		
3.395500e+002	3.779675e+003		
3.395000e+002	3.587400e+003		
3.394500e+002	3.447425e+003		
3.394000e+002	3.348100e+003		
3.393500e+002	3.247100e+003		
3.393000e+002	3.195750e+003		
3.392500e+002	3.105000e+003		
3.392000e+002	3.074200e+003		
3.391500e+002	3.008875e+003		
3.391000e+002	3.004350e+003		
3.390500e+002	2.977750e+003		
3.390000e+002	2.925675e+003		
3.389500e+002	2.966250e+003		
3.389000e+002	2.914675e+003		
3.388500e+002	2.915825e+003		
3.388000e+002	2.920275e+003		
3.387500e+002	2.900175e+003		
3.387000e+002	2.943025e+003		
3.386500e+002	2.940450e+003		
3.386000e+002	2.936975e+003		
3.385500e+002	2.931700e+003		
3.385000e+002	2.971850e+003		
3.384500e+002	2.952600e+003		
3.384000e+002	2.937250e+003		
3.383500e+002	3.018850e+003		
3.383000e+002	2.988200e+003		
3.382500e+002	3.006550e+003		
3.382000e+002	3.048125e+003		
3.381500e+002	3.000750e+003		
3.381000e+002	3.064525e+003		
3.380500e+002	3.090800e+003		
3.380000e+002	3.094550e+003		
3.379500e+002	3.190625e+003		
3.379000e+002	3.185150e+003		
3.378500e+002	3.219175e+003		
3.378000e+002	3.219325e+003		
3.377500e+002	3.277400e+003		
3.377000e+002	3.269950e+003		
3.376500e+002	3.341225e+003		
3.376000e+002	3.398200e+003		
3.375500e+002	3.418375e+003		
3.375000e+002	3.446200e+003		
3.374500e+002	3.499675e+003		
3.374000e+002	3.550400e+003		
3.373500e+002	3.662850e+003		
3.373000e+002	3.771450e+003		
3.372500e+002	3.798175e+003		
3.372000e+002	3.886875e+003		
3.371500e+002	3.924425e+003		
3.371000e+002	4.018200e+003		
3.370500e+002	4.103700e+003		
3.370000e+002	4.277950e+003		
3.369500e+002	4.385300e+003		
3.369000e+002	4.486825e+003		
3.368500e+002	4.622375e+003		
3.368000e+002	4.747075e+003		
3.367500e+002	4.939200e+003		
3.367000e+002	5.123850e+003		
3.366500e+002	5.367650e+003		
3.366000e+002	5.606900e+003		
3.365500e+002	5.851725e+003		
3.365000e+002	6.051075e+003		
3.364500e+002	6.353175e+003		
3.364000e+002	6.758350e+003		
3.363500e+002	7.038450e+003		
3.363000e+002	7.449700e+003		
3.362500e+002	7.922150e+003		
3.362000e+002	8.467600e+003		
3.361500e+002	8.841700e+003		
3.361000e+002	9.472275e+003		
3.360500e+002	1.011105e+004		
3.360000e+002	1.078913e+004		
3.359500e+002	1.154538e+004		
3.359000e+002	1.229550e+004		
3.358500e+002	1.319050e+004		
3.358000e+002	1.406908e+004		
3.357500e+002	1.497975e+004		
3.357000e+002	1.603188e+004		
3.356500e+002	1.701580e+004		
3.356000e+002	1.797915e+004		
3.355500e+002	1.901825e+004		
3.355000e+002	2.004288e+004		
3.354500e+002	2.098083e+004		
3.354000e+002	2.184333e+004		
3.353500e+002	2.265978e+004		
3.353000e+002	2.329255e+004		
3.352500e+002	2.400830e+004		
3.352000e+002	2.425213e+004		
3.351500e+002	2.413113e+004		
3.351000e+002	2.390558e+004		
3.350500e+002	2.326510e+004		
3.350000e+002	2.199585e+004		
3.349500e+002	2.060092e+004		
3.349000e+002	1.872908e+004		
3.348500e+002	1.664333e+004		
3.348000e+002	1.435895e+004		
3.347500e+002	1.212235e+004		
3.347000e+002	1.011233e+004		
3.346500e+002	8.266550e+003		
3.346000e+002	6.671325e+003		
3.345500e+002	5.460700e+003		
3.345000e+002	4.433000e+003		
3.344500e+002	3.677225e+003		
3.344000e+002	3.075500e+003		
3.343500e+002	2.612775e+003		
3.343000e+002	2.279528e+003		
3.342500e+002	2.031795e+003		
3.342000e+002	1.814797e+003		
3.341500e+002	1.640198e+003		
3.341000e+002	1.484160e+003		
3.340500e+002	1.383783e+003		
3.340000e+002	1.270040e+003		
3.339500e+002	1.210547e+003		
3.339000e+002	1.128358e+003		
3.338500e+002	1.072885e+003		
3.338000e+002	1.033435e+003		
3.337500e+002	9.876800e+002		
3.337000e+002	9.114800e+002		
3.336500e+002	8.777200e+002		
3.336000e+002	8.436925e+002		
3.335500e+002	8.354050e+002		
3.335000e+002	8.065975e+002		
3.334500e+002	7.844300e+002		
3.334000e+002	7.519275e+002		
3.333500e+002	7.133575e+002		
3.333000e+002	7.040450e+002		
3.332500e+002	7.043500e+002		
3.332000e+002	7.022925e+002		
3.331500e+002	6.946950e+002		
3.331000e+002	6.504025e+002		
3.330500e+002	6.242175e+002		
3.330000e+002	6.309700e+002		
3.329500e+002	6.201650e+002		
3.329000e+002	5.863125e+002		
3.328500e+002	6.053975e+002		
3.328000e+002	6.068300e+002		
3.327500e+002	5.860225e+002		
3.327000e+002	5.741250e+002		
3.326500e+002	5.687900e+002		
3.326000e+002	5.608300e+002		
3.325500e+002	5.469950e+002		
3.325000e+002	5.323300e+002		
3.324500e+002	5.347450e+002		
3.324000e+002	5.188250e+002		
3.323500e+002	5.215700e+002		
3.323000e+002	5.261850e+002		
3.322500e+002	5.206075e+002		
3.322000e+002	5.240350e+002		
3.321500e+002	5.153925e+002		
3.321000e+002	5.035050e+002		
3.320500e+002	5.001150e+002		
3.320000e+002	4.877525e+002		
3.319500e+002	4.865475e+002		
3.319000e+002	4.909225e+002		
3.318500e+002	4.967050e+002		
3.318000e+002	4.902750e+002		
3.317500e+002	4.718075e+002		
3.317000e+002	4.683025e+002		
3.316500e+002	4.744275e+002		
3.316000e+002	4.619100e+002		
3.315500e+002	4.576775e+002		
3.315000e+002	4.610175e+002		
3.314500e+002	4.512975e+002		
3.314000e+002	4.475725e+002		
3.313500e+002	4.625825e+002		
3.313000e+002	4.511950e+002		
3.312500e+002	4.520850e+002		
3.312000e+002	4.372500e+002		
3.311500e+002	4.432050e+002		
3.311000e+002	4.540500e+002		
3.310500e+002	4.426950e+002		
3.310000e+002	4.309875e+002