Ti2O3
4.990000e+02 2.548860e+03
4.989500e+02 2.548860e+03
4.989000e+02 2.550285e+03
4.988500e+02 2.551710e+03
4.988000e+02 2.553140e+03
4.987500e+02 2.554570e+03
4.987000e+02 2.556000e+03
4.986500e+02 2.557430e+03
4.986000e+02 2.558860e+03
4.985500e+02 2.560290e+03
4.985000e+02 2.561720e+03
4.984500e+02 2.563150e+03
4.984000e+02 2.564585e+03
4.983500e+02 2.566020e+03
4.983000e+02 2.567455e+03
4.982500e+02 2.568890e+03
4.982000e+02 2.570330e+03
4.981500e+02 2.571770e+03
4.981000e+02 2.573210e+03
4.980500e+02 2.574650e+03
4.980000e+02 2.576090e+03
4.979500e+02 2.577530e+03
4.979000e+02 2.578975e+03
4.978500e+02 2.580420e+03
4.978000e+02 2.581865e+03
4.977500e+02 2.583310e+03
4.977000e+02 2.584760e+03
4.976500e+02 2.586210e+03
4.976000e+02 2.587655e+03
4.975500e+02 2.589100e+03
4.975000e+02 2.590555e+03
4.974500e+02 2.592010e+03
4.974000e+02 2.593465e+03
4.973500e+02 2.594920e+03
4.973000e+02 2.596375e+03
4.972500e+02 2.597830e+03
4.972000e+02 2.599280e+03
4.971500e+02 2.600730e+03
4.971000e+02 2.602190e+03
4.970500e+02 2.603650e+03
4.970000e+02 2.605115e+03
4.969500e+02 2.606580e+03
4.969000e+02 2.608040e+03
4.968500e+02 2.609500e+03
4.968000e+02 2.610965e+03
4.967500e+02 2.612430e+03
4.967000e+02 2.613915e+03
4.966500e+02 2.615400e+03
4.966000e+02 2.617000e+03
4.965500e+02 2.618600e+03
4.965000e+02 2.620200e+03
4.964500e+02 2.621800e+03
4.964000e+02 2.623400e+03
4.963500e+02 2.625000e+03
4.963000e+02 2.626605e+03
4.962500e+02 2.628210e+03
4.962000e+02 2.629815e+03
4.961500e+02 2.631420e+03
4.961000e+02 2.633035e+03
4.960500e+02 2.634650e+03
4.960000e+02 2.636260e+03
4.959500e+02 2.637870e+03
4.959000e+02 2.639480e+03
4.958500e+02 2.641090e+03
4.958000e+02 2.642705e+03
4.957500e+02 2.644320e+03
4.957000e+02 2.645940e+03
4.956500e+02 2.647560e+03
4.956000e+02 2.649185e+03
4.955500e+02 2.650810e+03
4.955000e+02 2.652430e+03
4.954500e+02 2.654050e+03
4.954000e+02 2.655670e+03
4.953500e+02 2.657290e+03
4.953000e+02 2.658920e+03
4.952500e+02 2.660550e+03
4.952000e+02 2.662185e+03
4.951500e+02 2.663820e+03
4.951000e+02 2.665450e+03
4.950500e+02 2.667080e+03
4.950000e+02 2.668710e+03
4.949500e+02 2.670340e+03
4.949000e+02 2.671980e+03
4.948500e+02 2.673620e+03
4.948000e+02 2.675260e+03
4.947500e+02 2.676900e+03
4.947000e+02 2.678545e+03
4.946500e+02 2.680190e+03
4.946000e+02 2.681830e+03
4.945500e+02 2.683470e+03
4.945000e+02 2.685115e+03
4.944500e+02 2.686760e+03
4.944000e+02 2.688415e+03
4.943500e+02 2.690070e+03
4.943000e+02 2.691725e+03
4.942500e+02 2.693380e+03
4.942000e+02 2.695035e+03
4.941500e+02 2.696690e+03
4.941000e+02 2.698340e+03
4.940500e+02 2.699990e+03
4.940000e+02 2.701655e+03
4.939500e+02 2.703320e+03
4.939000e+02 2.704990e+03
4.938500e+02 2.706660e+03
4.938000e+02 2.708325e+03
4.937500e+02 2.709990e+03
4.937000e+02 2.711660e+03
4.936500e+02 2.713330e+03
4.936000e+02 2.715000e+03
4.935500e+02 2.716670e+03
4.935000e+02 2.718350e+03
4.934500e+02 2.720030e+03
4.934000e+02 2.721710e+03
4.933500e+02 2.723390e+03
4.933000e+02 2.725175e+03
4.932500e+02 2.726960e+03
4.932000e+02 2.728815e+03
4.931500e+02 2.730670e+03
4.931000e+02 2.732535e+03
4.930500e+02 2.734400e+03
4.930000e+02 2.736265e+03
4.929500e+02 2.738130e+03
4.929000e+02 2.739995e+03
4.928500e+02 2.741860e+03
4.928000e+02 2.743725e+03
4.927500e+02 2.745590e+03
4.927000e+02 2.747470e+03
4.926500e+02 2.749350e+03
4.926000e+02 2.751225e+03
4.925500e+02 2.753100e+03
4.925000e+02 2.754980e+03
4.924500e+02 2.756860e+03
4.924000e+02 2.758740e+03
4.923500e+02 2.760620e+03
4.923000e+02 2.762505e+03
4.922500e+02 2.764390e+03
4.922000e+02 2.766280e+03
4.921500e+02 2.768170e+03
4.921000e+02 2.770065e+03
4.920500e+02 2.771960e+03
4.920000e+02 2.773850e+03
4.919500e+02 2.775740e+03
4.919000e+02 2.777635e+03
4.918500e+02 2.779530e+03
4.918000e+02 2.781440e+03
4.917500e+02 2.783350e+03
4.917000e+02 2.785260e+03
4.916500e+02 2.787170e+03
4.916000e+02 2.789080e+03
4.915500e+02 2.790990e+03
4.915000e+02 2.792895e+03
4.914500e+02 2.794800e+03
4.914000e+02 2.796720e+03
4.913500e+02 2.798640e+03
4.913000e+02 2.800565e+03
4.912500e+02 2.802490e+03
4.912000e+02 2.804415e+03
4.911500e+02 2.806340e+03
4.911000e+02 2.808265e+03
4.910500e+02 2.810190e+03
4.910000e+02 2.812115e+03
4.909500e+02 2.814040e+03
4.909000e+02 2.815980e+03
4.908500e+02 2.817920e+03
4.908000e+02 2.819860e+03
4.907500e+02 2.821800e+03
4.907000e+02 2.823740e+03
4.906500e+02 2.825680e+03
4.906000e+02 2.827615e+03
4.905500e+02 2.829550e+03
4.905000e+02 2.831505e+03
4.904500e+02 2.833460e+03
4.904000e+02 2.835415e+03
4.903500e+02 2.837370e+03
4.903000e+02 2.839325e+03
4.902500e+02 2.841280e+03
4.902000e+02 2.843235e+03
4.901500e+02 2.845190e+03
4.901000e+02 2.847155e+03
4.900500e+02 2.849120e+03
4.900000e+02 2.851105e+03
4.899500e+02 2.853090e+03
4.899000e+02 2.855275e+03
4.898500e+02 2.857460e+03
4.898000e+02 2.859650e+03
4.897500e+02 2.861840e+03
4.897000e+02 2.864035e+03
4.896500e+02 2.866230e+03
4.896000e+02 2.868440e+03
4.895500e+02 2.870650e+03
4.895000e+02 2.872855e+03
4.894500e+02 2.875060e+03
4.894000e+02 2.877270e+03
4.893500e+02 2.879480e+03
4.893000e+02 2.881690e+03
4.892500e+02 2.883900e+03
4.892000e+02 2.886120e+03
4.891500e+02 2.888340e+03
4.891000e+02 2.890565e+03
4.890500e+02 2.892790e+03
4.890000e+02 2.895015e+03
4.889500e+02 2.897240e+03
4.889000e+02 2.899465e+03
4.888500e+02 2.901690e+03
4.888000e+02 2.903925e+03
4.887500e+02 2.906160e+03
4.887000e+02 2.908405e+03
4.886500e+02 2.910650e+03
4.886000e+02 2.912890e+03
4.885500e+02 2.915130e+03
4.885000e+02 2.917375e+03
4.884500e+02 2.919620e+03
4.884000e+02 2.921865e+03
4.883500e+02 2.924110e+03
4.883000e+02 2.925380e+03
4.882500e+02 2.926650e+03
4.882000e+02 2.928915e+03
4.881500e+02 2.931180e+03
4.881000e+02 2.933455e+03
4.880500e+02 2.935730e+03
4.880000e+02 2.938005e+03
4.879500e+02 2.940280e+03
4.879000e+02 2.942585e+03
4.878500e+02 2.944890e+03
4.878000e+02 2.947200e+03
4.877500e+02 2.949510e+03
4.877000e+02 2.951830e+03
4.876500e+02 2.954150e+03
4.876000e+02 2.956475e+03
4.875500e+02 2.958800e+03
4.875000e+02 2.961150e+03
4.874500e+02 2.963500e+03
4.874000e+02 2.965860e+03
4.873500e+02 2.968220e+03
4.873000e+02 2.970595e+03
4.872500e+02 2.972970e+03
4.872000e+02 2.975350e+03
4.871500e+02 2.977730e+03
4.871000e+02 2.980115e+03
4.870500e+02 2.982500e+03
4.870000e+02 2.984915e+03
4.869500e+02 2.987330e+03
4.869000e+02 2.989750e+03
4.868500e+02 2.992170e+03
4.868000e+02 2.994595e+03
4.867500e+02 2.997020e+03
4.867000e+02 2.999455e+03
4.866500e+02 3.001890e+03
4.866000e+02 3.004345e+03
4.865500e+02 3.006800e+03
4.865000e+02 3.009270e+03
4.864500e+02 3.011740e+03
4.864000e+02 3.014215e+03
4.863500e+02 3.016690e+03
4.863000e+02 3.019175e+03
4.862500e+02 3.021660e+03
4.862000e+02 3.024155e+03
4.861500e+02 3.026650e+03
4.861000e+02 3.029170e+03
4.860500e+02 3.031690e+03
4.860000e+02 3.034215e+03
4.859500e+02 3.036740e+03
4.859000e+02 3.039270e+03
4.858500e+02 3.041800e+03
4.858000e+02 3.044340e+03
4.857500e+02 3.046880e+03
4.857000e+02 3.049450e+03
4.856500e+02 3.052020e+03
4.856000e+02 3.054595e+03
4.855500e+02 3.057170e+03
4.855000e+02 3.059750e+03
4.854500e+02 3.062330e+03
4.854000e+02 3.064925e+03
4.853500e+02 3.067520e+03
4.853000e+02 3.070135e+03
4.852500e+02 3.072750e+03
4.852000e+02 3.075380e+03
4.851500e+02 3.078010e+03
4.851000e+02 3.080650e+03
4.850500e+02 3.083290e+03
4.850000e+02 3.085935e+03
4.849500e+02 3.088580e+03
4.849000e+02 3.091240e+03
4.848500e+02 3.093900e+03
4.848000e+02 3.096580e+03
4.847500e+02 3.099260e+03
4.847000e+02 3.101950e+03
4.846500e+02 3.104640e+03
4.846000e+02 3.107335e+03
4.845500e+02 3.110030e+03
4.845000e+02 3.112735e+03
4.844500e+02 3.115440e+03
4.844000e+02 3.118165e+03
4.843500e+02 3.120890e+03
4.843000e+02 3.123625e+03
4.842500e+02 3.126360e+03
4.842000e+02 3.129105e+03
4.841500e+02 3.131850e+03
4.841000e+02 3.134605e+03
4.840500e+02 3.137360e+03
4.840000e+02 3.140130e+03
4.839500e+02 3.142900e+03
4.839000e+02 3.145680e+03
4.838500e+02 3.148460e+03
4.838000e+02 3.151255e+03
4.837500e+02 3.154050e+03
4.837000e+02 3.156845e+03
4.836500e+02 3.159640e+03
4.836000e+02 3.162455e+03
4.835500e+02 3.165270e+03
4.835000e+02 3.168100e+03
4.834500e+02 3.170930e+03
4.834000e+02 3.173765e+03
4.833500e+02 3.176600e+03
4.833000e+02 3.179445e+03
4.832500e+02 3.182290e+03
4.832000e+02 3.185160e+03
4.831500e+02 3.188030e+03
4.831000e+02 3.190915e+03
4.830500e+02 3.193800e+03
4.830000e+02 3.196695e+03
4.829500e+02 3.199590e+03
4.829000e+02 3.202495e+03
4.828500e+02 3.205400e+03
4.828000e+02 3.208315e+03
4.827500e+02 3.211230e+03
4.827000e+02 3.214155e+03
4.826500e+02 3.217080e+03
4.826000e+02 3.220020e+03
4.825500e+02 3.222960e+03
4.825000e+02 3.225905e+03
4.824500e+02 3.228850e+03
4.824000e+02 3.231805e+03
4.823500e+02 3.234760e+03
4.823000e+02 3.237725e+03
4.822500e+02 3.240690e+03
4.822000e+02 3.243670e+03
4.821500e+02 3.246650e+03
4.821000e+02 3.249640e+03
4.820500e+02 3.252630e+03
4.820000e+02 3.255625e+03
4.819500e+02 3.258620e+03
4.819000e+02 3.261625e+03
4.818500e+02 3.264630e+03
4.818000e+02 3.267645e+03
4.817500e+02 3.270660e+03
4.817000e+02 3.273690e+03
4.816500e+02 3.276720e+03
4.816000e+02 3.279755e+03
4.815500e+02 3.282790e+03
4.815000e+02 3.285830e+03
4.814500e+02 3.288870e+03
4.814000e+02 3.291920e+03
4.813500e+02 3.294970e+03
4.813000e+02 3.298030e+03
4.812500e+02 3.301090e+03
4.812000e+02 3.304160e+03
4.811500e+02 3.307230e+03
4.811000e+02 3.310315e+03
4.810500e+02 3.313400e+03
4.810000e+02 3.316510e+03
4.809500e+02 3.319620e+03
4.809000e+02 3.322735e+03
4.808500e+02 3.325850e+03
4.808000e+02 3.328970e+03
4.807500e+02 3.332090e+03
4.807000e+02 3.335220e+03
4.806500e+02 3.338350e+03
4.806000e+02 3.341490e+03
4.805500e+02 3.344630e+03
4.805000e+02 3.347775e+03
4.804500e+02 3.350920e+03
4.804000e+02 3.354065e+03
4.803500e+02 3.357210e+03
4.803000e+02 3.360370e+03
4.802500e+02 3.363530e+03
4.802000e+02 3.366690e+03
4.801500e+02 3.369850e+03
4.801000e+02 3.373020e+03
4.800500e+02 3.376190e+03
4.800000e+02 3.379275e+03
4.799500e+02 3.382360e+03
4.799000e+02 3.385540e+03
4.798500e+02 3.388720e+03
4.798000e+02 3.391905e+03
4.797500e+02 3.395090e+03
4.797000e+02 3.398285e+03
4.796500e+02 3.401480e+03
4.796000e+02 3.404665e+03
4.795500e+02 3.407850e+03
4.795000e+02 3.411050e+03
4.794500e+02 3.414250e+03
4.794000e+02 3.417455e+03
4.793500e+02 3.420660e+03
4.793000e+02 3.423875e+03
4.792500e+02 3.427090e+03
4.792000e+02 3.430300e+03
4.791500e+02 3.433510e+03
4.791000e+02 3.436715e+03
4.790500e+02 3.439920e+03
4.790000e+02 3.443140e+03
4.789500e+02 3.446360e+03
4.789000e+02 3.449590e+03
4.788500e+02 3.452820e+03
4.788000e+02 3.456045e+03
4.787500e+02 3.459270e+03
4.787000e+02 3.462480e+03
4.786500e+02 3.465690e+03
4.786000e+02 3.468910e+03
4.785500e+02 3.472130e+03
4.785000e+02 3.475360e+03
4.784500e+02 3.478590e+03
4.784000e+02 3.481830e+03
4.783500e+02 3.485070e+03
4.783000e+02 3.488275e+03
4.782500e+02 3.491480e+03
4.782000e+02 3.494690e+03
4.781500e+02 3.497900e+03
4.781000e+02 3.501120e+03
4.780500e+02 3.504340e+03
4.780000e+02 3.507570e+03
4.779500e+02 3.510800e+03
4.779000e+02 3.514005e+03
4.778500e+02 3.517210e+03
4.778000e+02 3.520395e+03
4.777500e+02 3.523580e+03
4.777000e+02 3.526775e+03
4.776500e+02 3.529970e+03
4.776000e+02 3.533175e+03
4.775500e+02 3.536380e+03
4.775000e+02 3.539580e+03
4.774500e+02 3.542780e+03
4.774000e+02 3.545915e+03
4.773500e+02 3.549050e+03
4.773000e+02 3.552200e+03
4.772500e+02 3.555350e+03
4.772000e+02 3.558510e+03
4.771500e+02 3.561670e+03
4.771000e+02 3.564845e+03
4.770500e+02 3.568020e+03
4.770000e+02 3.571100e+03
4.769500e+02 3.574180e+03
4.769000e+02 3.577255e+03
4.768500e+02 3.580330e+03
4.768000e+02 3.583420e+03
4.767500e+02 3.586510e+03
4.767000e+02 3.589610e+03
4.766500e+02 3.592710e+03
4.766000e+02 3.595745e+03
4.765500e+02 3.598780e+03
4.765000e+02 3.601745e+03
4.764500e+02 3.604710e+03
4.764000e+02 3.607690e+03
4.763500e+02 3.610670e+03
4.763000e+02 3.613665e+03
4.762500e+02 3.616660e+03
4.762000e+02 3.619635e+03
4.761500e+02 3.622610e+03
4.761000e+02 3.625420e+03
4.760500e+02 3.628230e+03
4.760000e+02 3.631060e+03
4.759500e+02 3.633890e+03
4.759000e+02 3.636730e+03
4.758500e+02 3.639570e+03
4.758000e+02 3.642425e+03
4.757500e+02 3.645280e+03
4.757000e+02 3.647935e+03
4.756500e+02 3.650590e+03
4.756000e+02 3.653205e+03
4.755500e+02 3.655820e+03
4.755000e+02 3.658445e+03
4.754500e+02 3.661070e+03
4.754000e+02 3.663715e+03
4.753500e+02 3.666360e+03
4.753000e+02 3.668875e+03
4.752500e+02 3.671390e+03
4.752000e+02 3.673720e+03
4.751500e+02 3.676050e+03
4.751000e+02 3.678395e+03
4.750500e+02 3.680740e+03
4.750000e+02 3.683105e+03
4.749500e+02 3.685470e+03
4.749000e+02 3.687820e+03
4.748500e+02 3.690170e+03
4.748000e+02 3.692130e+03
4.747500e+02 3.694090e+03
4.747000e+02 3.696065e+03
4.746500e+02 3.698040e+03
4.746000e+02 3.700040e+03
4.745500e+02 3.702040e+03
4.745000e+02 3.704055e+03
4.744500e+02 3.706070e+03
4.744000e+02 3.707710e+03
4.743500e+02 3.709350e+03
4.743000e+02 3.710860e+03
4.742500e+02 3.712370e+03
4.742000e+02 3.713900e+03
4.741500e+02 3.715430e+03
4.741000e+02 3.716985e+03
4.740500e+02 3.718540e+03
4.740000e+02 3.719875e+03
4.739500e+02 3.721210e+03
4.739000e+02 3.722135e+03
4.738500e+02 3.723060e+03
4.738000e+02 3.724010e+03
4.737500e+02 3.724960e+03
4.737000e+02 3.725940e+03
4.736500e+02 3.726920e+03
4.736000e+02 3.727925e+03
4.735500e+02 3.728930e+03
4.735000e+02 3.729150e+03
4.734500e+02 3.729370e+03
4.734000e+02 3.729620e+03
4.733500e+02 3.729870e+03
4.733000e+02 3.730155e+03
4.732500e+02 3.730440e+03
4.732000e+02 3.730755e+03
4.731500e+02 3.731070e+03
4.731000e+02 3.730815e+03
4.730500e+02 3.730560e+03
4.730000e+02 3.729995e+03
4.729500e+02 3.729430e+03
4.729000e+02 3.728900e+03
4.728500e+02 3.728370e+03
4.728000e+02 3.727880e+03
4.727500e+02 3.727390e+03
4.727000e+02 3.726635e+03
4.726500e+02 3.725880e+03
4.726000e+02 3.724380e+03
4.725500e+02 3.722880e+03
4.725000e+02 3.721425e+03
4.724500e+02 3.719970e+03
4.724000e+02 3.718565e+03
4.723500e+02 3.717160e+03
4.723000e+02 3.715805e+03
4.722500e+02 3.714450e+03
4.722000e+02 3.712030e+03
4.721500e+02 3.709610e+03
4.721000e+02 3.707145e+03
4.720500e+02 3.704680e+03
4.720000e+02 3.702280e+03
4.719500e+02 3.699880e+03
4.719000e+02 3.697540e+03
4.718500e+02 3.695200e+03
4.718000e+02 3.692180e+03
4.717500e+02 3.689160e+03
4.717000e+02 3.685630e+03
4.716500e+02 3.682100e+03
4.716000e+02 3.678650e+03
4.715500e+02 3.675200e+03
4.715000e+02 3.671825e+03
4.714500e+02 3.668450e+03
4.714000e+02 3.664875e+03
4.713500e+02 3.661300e+03
4.713000e+02 3.656710e+03
4.712500e+02 3.652120e+03
4.712000e+02 3.647630e+03
4.711500e+02 3.643140e+03
4.711000e+02 3.638755e+03
4.710500e+02 3.634370e+03
4.710000e+02 3.630105e+03
4.709500e+02 3.625840e+03
4.709000e+02 3.620660e+03
4.708500e+02 3.615110e+03
4.708000e+02 3.609620e+03
4.707500e+02 3.604190e+03
4.707000e+02 3.598850e+03
4.706500e+02 3.593580e+03
4.706000e+02 3.588380e+03
4.705500e+02 3.583280e+03
4.705000e+02 3.578250e+03
4.704500e+02 3.571920e+03
4.704000e+02 3.565640e+03
4.703500e+02 3.559450e+03
4.703000e+02 3.553380e+03
4.702500e+02 3.547410e+03
4.702000e+02 3.541560e+03
4.701500e+02 3.535810e+03
4.701000e+02 3.530190e+03
4.700500e+02 3.524340e+03
4.700000e+02 3.517600e+03
4.699500e+02 3.511010e+03
4.699000e+02 3.504550e+03
4.698500e+02 3.498240e+03
4.698000e+02 3.492090e+03
4.697500e+02 3.486100e+03
4.697000e+02 3.480280e+03
4.696500e+02 3.474630e+03
4.696000e+02 3.468500e+03
4.695500e+02 3.461970e+03
4.695000e+02 3.455650e+03
4.694500e+02 3.449550e+03
4.694000e+02 3.443660e+03
4.693500e+02 3.438030e+03
4.693000e+02 3.432650e+03
4.692500e+02 3.427550e+03
4.692000e+02 3.422730e+03
4.691500e+02 3.417270e+03
4.691000e+02 3.411930e+03
4.690500e+02 3.406890e+03
4.690000e+02 3.402170e+03
4.689500e+02 3.397800e+03
4.689000e+02 3.393780e+03
4.688500e+02 3.390140e+03
4.688000e+02 3.386890e+03
4.687500e+02 3.383950e+03
4.687000e+02 3.380660e+03
4.686500e+02 3.377820e+03
4.686000e+02 3.375460e+03
4.685500e+02 3.373580e+03
4.685000e+02 3.372220e+03
4.684500e+02 3.371390e+03
4.684000e+02 3.371110e+03
4.683500e+02 3.371430e+03
4.683000e+02 3.372100e+03
4.682500e+02 3.373000e+03
4.682000e+02 3.374570e+03
4.681500e+02 3.376800e+03
4.681000e+02 3.379750e+03
4.680500e+02 3.383450e+03
4.680000e+02 3.387950e+03
4.679500e+02 3.393250e+03
4.679000e+02 3.399360e+03
4.678500e+02 3.406040e+03
4.678000e+02 3.413450e+03
4.677500e+02 3.421760e+03
4.677000e+02 3.431010e+03
4.676500e+02 3.441200e+03
4.676000e+02 3.452410e+03
4.675500e+02 3.464610e+03
4.675000e+02 3.477860e+03
4.674500e+02 3.492190e+03
4.674000e+02 3.507440e+03
4.673500e+02 3.523900e+03
4.673000e+02 3.541560e+03
4.672500e+02 3.560420e+03
4.672000e+02 3.580480e+03
4.671500e+02 3.601750e+03
4.671000e+02 3.624260e+03
4.670500e+02 3.648010e+03
4.670000e+02 3.673040e+03
4.669500e+02 3.699400e+03
4.669000e+02 3.727030e+03
4.668500e+02 3.755980e+03
4.668000e+02 3.786210e+03
4.667500e+02 3.817740e+03
4.667000e+02 3.850680e+03
4.666500e+02 3.884920e+03
4.666000e+02 3.920460e+03
4.665500e+02 3.957410e+03
4.665000e+02 3.995780e+03
4.664500e+02 4.035380e+03
4.664000e+02 4.076210e+03
4.663500e+02 4.118220e+03
4.663000e+02 4.161530e+03
4.662500e+02 4.206020e+03
4.662000e+02 4.251590e+03
4.661500e+02 4.298200e+03
4.661000e+02 4.346190e+03
4.660500e+02 4.395270e+03
4.660000e+02 4.445240e+03
4.659500e+02 4.496010e+03
4.659000e+02 4.547510e+03
4.658500e+02 4.599650e+03
4.658000e+02 4.651630e+03
4.657500e+02 4.704830e+03
4.657000e+02 4.758520e+03
4.656500e+02 4.813160e+03
4.656000e+02 4.868010e+03
4.655500e+02 4.923030e+03
4.655000e+02 4.978030e+03
4.654500e+02 5.032970e+03
4.654000e+02 5.087710e+03
4.653500e+02 5.142110e+03
4.653000e+02 5.196100e+03
4.652500e+02 5.249770e+03
4.652000e+02 5.303310e+03
4.651500e+02 5.356040e+03
4.651000e+02 5.407820e+03
4.650500e+02 5.458610e+03
4.650000e+02 5.508130e+03
4.649500e+02 5.556410e+03
4.649000e+02 5.603240e+03
4.648500e+02 5.648510e+03
4.648000e+02 5.692750e+03
4.647500e+02 5.735410e+03
4.647000e+02 5.776080e+03
4.646500e+02 5.814660e+03
4.646000e+02 5.851070e+03
4.645500e+02 5.885270e+03
4.645000e+02 5.916990e+03
4.644500e+02 5.946310e+03
4.644000e+02 5.973000e+03
4.643500e+02 5.997950e+03
4.643000e+02 6.020280e+03
4.642500e+02 6.039670e+03
4.642000e+02 6.056290e+03
4.641500e+02 6.069860e+03
4.641000e+02 6.080450e+03
4.640500e+02 6.087810e+03
4.640000e+02 6.091920e+03
4.639500e+02 6.093250e+03
4.639000e+02 6.092130e+03
4.638500e+02 6.087920e+03
4.638000e+02 6.080600e+03
4.637500e+02 6.070030e+03
4.637000e+02 6.056480e+03
4.636500e+02 6.039720e+03
4.636000e+02 6.019980e+03
4.635500e+02 5.997270e+03
4.635000e+02 5.972050e+03
4.634500e+02 5.944620e+03
4.634000e+02 5.914080e+03
4.633500e+02 5.880870e+03
4.633000e+02 5.845080e+03
4.632500e+02 5.806760e+03
4.632000e+02 5.766230e+03
4.631500e+02 5.723320e+03
4.631000e+02 5.678440e+03
4.630500e+02 5.632410e+03
4.630000e+02 5.584790e+03
4.629500e+02 5.535690e+03
4.629000e+02 5.484990e+03
4.628500e+02 5.433150e+03
4.628000e+02 5.380230e+03
4.627500e+02 5.326340e+03
4.627000e+02 5.271830e+03
4.626500e+02 5.216770e+03
4.626000e+02 5.162510e+03
4.625500e+02 5.108200e+03
4.625000e+02 5.054090e+03
4.624500e+02 5.000490e+03
4.624000e+02 4.947420e+03
4.623500e+02 4.895340e+03
4.623000e+02 4.844330e+03
4.622500e+02 4.794670e+03
4.622000e+02 4.746970e+03
4.621500e+02 4.701600e+03
4.621000e+02 4.658340e+03
4.620500e+02 4.617330e+03
4.620000e+02 4.578850e+03
4.619500e+02 4.543150e+03
4.619000e+02 4.510370e+03
4.618500e+02 4.480830e+03
4.618000e+02 4.454660e+03
4.617500e+02 4.432650e+03
4.617000e+02 4.414770e+03
4.616500e+02 4.400880e+03
4.616000e+02 4.391180e+03
4.615500e+02 4.385830e+03
4.615000e+02 4.385020e+03
4.614500e+02 4.388870e+03
4.614000e+02 4.397650e+03
4.613500e+02 4.411380e+03
4.613000e+02 4.430930e+03
4.612500e+02 4.455730e+03
4.612000e+02 4.485790e+03
4.611500e+02 4.521230e+03
4.611000e+02 4.562050e+03
4.610500e+02 4.608350e+03
4.610000e+02 4.660110e+03
4.609500e+02 4.717330e+03
4.609000e+02 4.780210e+03
4.608500e+02 4.849050e+03
4.608000e+02 4.923350e+03
4.607500e+02 5.003010e+03
4.607000e+02 5.087930e+03
4.606500e+02 5.178010e+03
4.606000e+02 5.273000e+03
4.605500e+02 5.372920e+03
4.605000e+02 5.477430e+03
4.604500e+02 5.586720e+03
4.604000e+02 5.700640e+03
4.603500e+02 5.818490e+03
4.603000e+02 5.940200e+03
4.602500e+02 6.065310e+03
4.602000e+02 6.193610e+03
4.601500e+02 6.324810e+03
4.601000e+02 6.458480e+03
4.600500e+02 6.594510e+03
4.600000e+02 6.732710e+03
4.599500e+02 6.872490e+03
4.599000e+02 7.013320e+03
4.598500e+02 7.154680e+03
4.598000e+02 7.296370e+03
4.597500e+02 7.437730e+03
4.597000e+02 7.578440e+03
4.596500e+02 7.718050e+03
4.596000e+02 7.856030e+03
4.595500e+02 7.992590e+03
4.595000e+02 8.126580e+03
4.594500e+02 8.257690e+03
4.594000e+02 8.385440e+03
4.593500e+02 8.509300e+03
4.593000e+02 8.628950e+03
4.592500e+02 8.743800e+03
4.592000e+02 8.853550e+03
4.591500e+02 8.957880e+03
4.591000e+02 9.056520e+03
4.590500e+02 9.148900e+03
4.590000e+02 9.234500e+03
4.589500e+02 9.313100e+03
4.589000e+02 9.384300e+03
4.588500e+02 9.447800e+03
4.588000e+02 9.503410e+03
4.587500e+02 9.550780e+03
4.587000e+02 9.590020e+03
4.586500e+02 9.620760e+03
4.586000e+02 9.642690e+03
4.585500e+02 9.655720e+03
4.585000e+02 9.659650e+03
4.584500e+02 9.654500e+03
4.584000e+02 9.640160e+03
4.583500e+02 9.616610e+03
4.583000e+02 9.583920e+03
4.582500e+02 9.542380e+03
4.582000e+02 9.491870e+03
4.581500e+02 9.432380e+03
4.581000e+02 9.364100e+03
4.580500e+02 9.287190e+03
4.580000e+02 9.201790e+03
4.579500e+02 9.108210e+03
4.579000e+02 9.006600e+03
4.578500e+02 8.897330e+03
4.578000e+02 8.780910e+03
4.577500e+02 8.657330e+03
4.577000e+02 8.527020e+03
4.576500e+02 8.390240e+03
4.576000e+02 8.247410e+03
4.575500e+02 8.098890e+03
4.575000e+02 7.945050e+03
4.574500e+02 7.786370e+03
4.574000e+02 7.623310e+03
4.573500e+02 7.456330e+03
4.573000e+02 7.285730e+03
4.572500e+02 7.111880e+03
4.572000e+02 6.935270e+03
4.571500e+02 6.756280e+03
4.571000e+02 6.575340e+03
4.570500e+02 6.392880e+03
4.570000e+02 6.209280e+03
4.569500e+02 6.025160e+03
4.569000e+02 5.840770e+03
4.568500e+02 5.656430e+03
4.568000e+02 5.472530e+03
4.567500e+02 5.289400e+03
4.567000e+02 5.107420e+03
4.566500e+02 4.926870e+03
4.566000e+02 4.748100e+03
4.565500e+02 4.571380e+03
4.565000e+02 4.397200e+03
4.564500e+02 4.225620e+03
4.564000e+02 4.056860e+03
4.563500e+02 3.891170e+03
4.563000e+02 3.728740e+03
4.562500e+02 3.569740e+03
4.562000e+02 3.414360e+03
4.561500e+02 3.262730e+03
4.561000e+02 3.115040e+03
4.560500e+02 2.971480e+03
4.560000e+02 2.832000e+03
4.559500e+02 2.696690e+03
4.559000e+02 2.565600e+03
4.558500e+02 2.438780e+03
4.558000e+02 2.316250e+03
4.557500e+02 2.198030e+03
4.557000e+02 2.084120e+03
4.556500e+02 1.974590e+03
4.556000e+02 1.869400e+03
4.555500e+02 1.768440e+03
4.555000e+02 1.671650e+03
4.554500e+02 1.579000e+03
4.554000e+02 1.490400e+03
4.553500e+02 1.405790e+03
4.553000e+02 1.325070e+03
4.552500e+02 1.248160e+03
4.552000e+02 1.175090e+03
4.551500e+02 1.105650e+03
4.551000e+02 1.039720e+03
4.550500e+02 9.771940e+02
4.550000e+02 9.179570e+02
4.549500e+02 8.618980e+02
4.549000e+02 8.088970e+02
4.548500e+02 7.588480e+02
4.548000e+02 7.116430e+02
4.547500e+02 6.672530e+02
4.547000e+02 6.254610e+02
4.546500e+02 5.861490e+02
4.546000e+02 5.492120e+02
4.545500e+02 5.145290e+02
4.545000e+02 4.819960e+02
4.544500e+02 4.515040e+02
4.544000e+02 4.229450e+02
4.543500e+02 3.962680e+02
4.543000e+02 3.713780e+02
4.542500e+02 3.481280e+02
4.542000e+02 3.264230e+02
4.541500e+02 3.061710e+02
4.541000e+02 2.872930e+02
4.540500e+02 2.696980e+02
4.540000e+02 2.533120e+02
4.539500e+02 2.380560e+02
4.539000e+02 2.239200e+02
4.538500e+02 2.108000e+02
4.538000e+02 1.986020e+02
4.537500e+02 1.872680e+02
4.537000e+02 1.767360e+02
4.536500e+02 1.669500e+02
4.536000e+02 1.578600e+02
4.535500e+02 1.494130e+02
4.535000e+02 1.415660e+02
4.534500e+02 1.343480e+02
4.534000e+02 1.276420e+02
4.533500e+02 1.214120e+02
4.533000e+02 1.156180e+02
4.532500e+02 1.102310e+02
4.532000e+02 1.052160e+02
4.531500e+02 1.005450e+02
4.531000e+02 9.619140e+01
4.530500e+02 9.214570e+01
4.530000e+02 8.841620e+01
4.529500e+02 8.493170e+01
4.529000e+02 8.167280e+01
4.528500e+02 7.862160e+01
4.528000e+02 7.575910e+01
4.527500e+02 7.307190e+01
4.527000e+02 7.054260e+01
4.526500e+02 6.815850e+01
4.526000e+02 6.593950e+01
4.525500e+02 6.386510e+01
4.525000e+02 6.190270e+01
4.524500e+02 6.004020e+01
4.524000e+02 5.826980e+01
4.523500e+02 5.658420e+01
4.523000e+02 5.497500e+01
4.522500e+02 5.343910e+01
4.522000e+02 5.196900e+01
4.521500e+02 5.060380e+01
4.521000e+02 4.930590e+01
4.520500e+02 4.806320e+01
4.520000e+02 4.687490e+01
4.519500e+02 4.573510e+01
4.519000e+02 4.464130e+01
4.518500e+02 4.358940e+01
4.518000e+02 4.257440e+01
4.517500e+02 4.160010e+01
4.517000e+02 4.069270e+01
4.516500e+02 3.981320e+01
4.516000e+02 3.895850e+01
4.515500e+02 3.812570e+01
4.515000e+02 3.731420e+01
4.514500e+02 3.652060e+01
4.514000e+02 3.574460e+01
4.513500e+02 3.498410e+01
4.513000e+02 3.425310e+01
4.512500e+02 3.355830e+01
4.512000e+02 3.287550e+01
4.511500e+02 3.220490e+01
4.511000e+02 3.154530e+01
4.510500e+02 3.089590e+01
4.510000e+02 3.025710e+01
4.509500e+02 2.962700e+01
4.509000e+02 2.927770e+01
4.508500e+02 2.867640e+01
4.508000e+02 2.808850e+01
4.507500e+02 2.750430e+01
4.507000e+02 2.692270e+01
4.506500e+02 2.634490e+01
4.506000e+02 2.576990e+01
4.505500e+02 2.519780e+01
4.505000e+02 2.462910e+01
4.504500e+02 2.406290e+01
4.504000e+02 2.356400e+01
4.503500e+02 2.309800e+01
4.503000e+02 2.263470e+01
4.502500e+02 2.217450e+01
4.502000e+02 2.171650e+01
4.501500e+02 2.126180e+01
4.501000e+02 2.080930e+01
4.500500e+02 2.035940e+01
4.500000e+02 1.991860e+01
4.499500e+02 1.949830e+01
4.499000e+02 1.908090e+01
4.498500e+02 1.866550e+01
4.498000e+02 1.825240e+01
4.497500e+02 1.784180e+01
4.497000e+02 1.743310e+01
4.496500e+02 1.702710e+01
4.496000e+02 1.662290e+01
4.495500e+02 1.623260e+01
4.495000e+02 1.585460e+01
4.494500e+02 1.547840e+01
4.494000e+02 1.512070e+01
4.493500e+02 1.477270e+01
4.493000e+02 1.442680e+01
4.492500e+02 1.408290e+01
4.492000e+02 1.374060e+01
4.491500e+02 1.340050e+01
4.491000e+02 1.307770e+01
4.490500e+02 1.276010e+01
4.490000e+02 1.244440e+01
4.489500e+02 1.213010e+01
4.489000e+02 1.181790e+01
4.488500e+02 1.150720e+01
4.488000e+02 1.119830e+01
4.487500e+02 1.089100e+01
4.487000e+02 1.058690e+01
4.486500e+02 1.029960e+01
4.486000e+02 1.001370e+01
4.485500e+02 9.729410e+00
4.485000e+02 9.446580e+00
4.484500e+02 9.165110e+00
4.484000e+02 8.894000e+00
4.483500e+02 8.626570e+00
4.483000e+02 8.360720e+00
4.482500e+02 8.101930e+00
4.482000e+02 7.853430e+00
4.481500e+02 7.606530e+00
4.481000e+02 7.360730e+00
4.480500e+02 7.116420e+00
4.480000e+02 6.873300e+00
4.479500e+02 6.631380e+00
4.479000e+02 6.390850e+00
4.478500e+02 6.151340e+00
4.478000e+02 5.921980e+00
4.477500e+02 5.697960e+00
4.477000e+02 5.475080e+00
4.476500e+02 5.253470e+00
4.476000e+02 5.032800e+00
4.475500e+02 4.981390e+00
4.475000e+02 4.761870e+00
4.474500e+02 4.542730e+00
4.474000e+02 4.329250e+00
4.473500e+02 4.127570e+00
4.473000e+02 3.926980e+00
4.472500e+02 0.000000e+00
4.472000e+02 0.000000e+00
4.471500e+02 0.000000e+00
4.471000e+02 0.000000e+00
4.470500e+02 0.000000e+00
4.470000e+02 0.000000e+00
4.469500e+02 0.000000e+00
4.469000e+02 0.000000e+00
4.468500e+02 0.000000e+00
4.468000e+02 0.000000e+00
4.467500e+02 0.000000e+00
4.467000e+02 0.000000e+00
4.466500e+02 0.000000e+00
4.466000e+02 0.000000e+00
4.465500e+02 0.000000e+00
4.465000e+02 0.000000e+00
4.464500e+02 0.000000e+00
4.464000e+02 0.000000e+00
4.463500e+02 0.000000e+00
4.463000e+02 0.000000e+00
4.462500e+02 0.000000e+00
4.462000e+02 0.000000e+00