TiO2
4.990000e+02 7.464970e+02
4.989500e+02 7.588980e+02
4.989000e+02 7.712990e+02
4.988500e+02 7.826900e+02
4.988000e+02 7.940810e+02
4.987500e+02 7.962715e+02
4.987000e+02 7.984620e+02
4.986500e+02 7.972740e+02
4.986000e+02 7.960860e+02
4.985500e+02 7.733935e+02
4.985000e+02 7.507010e+02
4.984500e+02 7.574725e+02
4.984000e+02 7.642440e+02
4.983500e+02 7.634735e+02
4.983000e+02 7.627030e+02
4.982500e+02 7.651725e+02
4.982000e+02 7.676420e+02
4.981500e+02 7.887585e+02
4.981000e+02 8.098750e+02
4.980500e+02 7.963050e+02
4.980000e+02 7.827350e+02
4.979500e+02 7.927485e+02
4.979000e+02 8.027620e+02
4.978500e+02 7.922580e+02
4.978000e+02 7.817540e+02
4.977500e+02 7.894145e+02
4.977000e+02 7.970750e+02
4.976500e+02 7.896035e+02
4.976000e+02 7.821320e+02
4.975500e+02 7.774705e+02
4.975000e+02 7.728090e+02
4.974500e+02 7.822495e+02
4.974000e+02 7.916900e+02
4.973500e+02 7.799335e+02
4.973000e+02 7.681770e+02
4.972500e+02 7.607425e+02
4.972000e+02 7.533080e+02
4.971500e+02 7.714885e+02
4.971000e+02 7.896690e+02
4.970500e+02 7.952040e+02
4.970000e+02 8.007390e+02
4.969500e+02 7.898880e+02
4.969000e+02 7.790370e+02
4.968500e+02 7.878520e+02
4.968000e+02 7.966670e+02
4.967500e+02 7.926655e+02
4.967000e+02 7.886640e+02
4.966500e+02 7.850475e+02
4.966000e+02 7.814310e+02
4.965500e+02 7.722820e+02
4.965000e+02 7.631330e+02
4.964500e+02 7.625315e+02
4.964000e+02 7.619300e+02
4.963500e+02 7.660490e+02
4.963000e+02 7.701680e+02
4.962500e+02 7.760785e+02
4.962000e+02 7.819890e+02
4.961500e+02 7.780815e+02
4.961000e+02 7.741740e+02
4.960500e+02 7.789775e+02
4.960000e+02 7.837810e+02
4.959500e+02 7.860740e+02
4.959000e+02 7.883670e+02
4.958500e+02 7.809300e+02
4.958000e+02 7.734930e+02
4.957500e+02 7.897335e+02
4.957000e+02 8.059740e+02
4.956500e+02 7.889840e+02
4.956000e+02 7.719940e+02
4.955500e+02 7.747210e+02
4.955000e+02 7.774480e+02
4.954500e+02 7.833650e+02
4.954000e+02 7.892820e+02
4.953500e+02 7.918350e+02
4.953000e+02 7.943880e+02
4.952500e+02 7.852515e+02
4.952000e+02 7.761150e+02
4.951500e+02 7.796800e+02
4.951000e+02 7.832450e+02
4.950500e+02 7.873960e+02
4.950000e+02 7.915470e+02
4.949500e+02 7.913495e+02
4.949000e+02 7.911520e+02
4.948500e+02 8.011230e+02
4.948000e+02 8.110940e+02
4.947500e+02 7.905310e+02
4.947000e+02 7.699680e+02
4.946500e+02 7.714640e+02
4.946000e+02 7.729600e+02
4.945500e+02 7.848050e+02
4.945000e+02 7.966500e+02
4.944500e+02 8.118195e+02
4.944000e+02 8.269890e+02
4.943500e+02 8.185095e+02
4.943000e+02 8.100300e+02
4.942500e+02 8.144965e+02
4.942000e+02 8.189630e+02
4.941500e+02 8.021855e+02
4.941000e+02 7.854080e+02
4.940500e+02 7.930620e+02
4.940000e+02 8.007160e+02
4.939500e+02 7.945970e+02
4.939000e+02 7.884780e+02
4.938500e+02 7.963210e+02
4.938000e+02 8.041640e+02
4.937500e+02 8.085710e+02
4.937000e+02 8.129780e+02
4.936500e+02 8.178000e+02
4.936000e+02 8.226220e+02
4.935500e+02 8.209150e+02
4.935000e+02 8.192080e+02
4.934500e+02 8.241430e+02
4.934000e+02 8.290780e+02
4.933500e+02 8.107290e+02
4.933000e+02 7.923800e+02
4.932500e+02 8.068705e+02
4.932000e+02 8.213610e+02
4.931500e+02 8.142125e+02
4.931000e+02 8.070640e+02
4.930500e+02 8.083685e+02
4.930000e+02 8.096730e+02
4.929500e+02 8.194695e+02
4.929000e+02 8.292660e+02
4.928500e+02 8.226705e+02
4.928000e+02 8.160750e+02
4.927500e+02 8.139815e+02
4.927000e+02 8.118880e+02
4.926500e+02 8.129225e+02
4.926000e+02 8.139570e+02
4.925500e+02 8.179090e+02
4.925000e+02 8.218610e+02
4.924500e+02 8.277155e+02
4.924000e+02 8.335700e+02
4.923500e+02 8.356420e+02
4.923000e+02 8.377140e+02
4.922500e+02 8.434970e+02
4.922000e+02 8.492800e+02
4.921500e+02 8.532830e+02
4.921000e+02 8.572860e+02
4.920500e+02 8.454175e+02
4.920000e+02 8.335490e+02
4.919500e+02 8.396775e+02
4.919000e+02 8.458060e+02
4.918500e+02 8.410230e+02
4.918000e+02 8.362400e+02
4.917500e+02 8.472995e+02
4.917000e+02 8.583590e+02
4.916500e+02 8.605210e+02
4.916000e+02 8.626830e+02
4.915500e+02 8.536935e+02
4.915000e+02 8.447040e+02
4.914500e+02 8.434140e+02
4.914000e+02 8.421240e+02
4.913500e+02 8.591375e+02
4.913000e+02 8.761510e+02
4.912500e+02 8.635015e+02
4.912000e+02 8.508520e+02
4.911500e+02 8.604270e+02
4.911000e+02 8.700020e+02
4.910500e+02 8.718635e+02
4.910000e+02 8.737250e+02
4.909500e+02 8.731505e+02
4.909000e+02 8.725760e+02
4.908500e+02 8.727395e+02
4.908000e+02 8.729030e+02
4.907500e+02 8.758585e+02
4.907000e+02 8.788140e+02
4.906500e+02 8.731225e+02
4.906000e+02 8.674310e+02
4.905500e+02 8.663535e+02
4.905000e+02 8.652760e+02
4.904500e+02 8.658220e+02
4.904000e+02 8.663680e+02
4.903500e+02 8.720515e+02
4.903000e+02 8.777350e+02
4.902500e+02 8.885740e+02
4.902000e+02 8.994130e+02
4.901500e+02 8.931285e+02
4.901000e+02 8.868440e+02
4.900500e+02 8.782055e+02
4.900000e+02 8.695670e+02
4.899500e+02 8.862115e+02
4.899000e+02 9.028560e+02
4.898500e+02 9.040930e+02
4.898000e+02 9.053300e+02
4.897500e+02 8.901480e+02
4.897000e+02 8.749660e+02
4.896500e+02 8.721845e+02
4.896000e+02 8.694030e+02
4.895500e+02 8.676760e+02
4.895000e+02 8.659490e+02
4.894500e+02 8.760485e+02
4.894000e+02 8.861480e+02
4.893500e+02 8.841800e+02
4.893000e+02 8.822120e+02
4.892500e+02 8.838045e+02
4.892000e+02 8.853970e+02
4.891500e+02 8.920060e+02
4.891000e+02 8.986150e+02
4.890500e+02 9.008030e+02
4.890000e+02 9.029910e+02
4.889500e+02 8.932145e+02
4.889000e+02 8.834380e+02
4.888500e+02 8.899690e+02
4.888000e+02 8.965000e+02
4.887500e+02 8.950885e+02
4.887000e+02 8.936770e+02
4.886500e+02 8.855715e+02
4.886000e+02 8.774660e+02
4.885500e+02 8.888780e+02
4.885000e+02 9.002900e+02
4.884500e+02 8.901595e+02
4.884000e+02 8.800290e+02
4.883500e+02 8.918220e+02
4.883000e+02 9.036150e+02
4.882500e+02 8.985545e+02
4.882000e+02 8.934940e+02
4.881500e+02 8.870705e+02
4.881000e+02 8.806470e+02
4.880500e+02 8.870950e+02
4.880000e+02 8.935430e+02
4.879500e+02 8.836380e+02
4.879000e+02 8.737330e+02
4.878500e+02 8.870605e+02
4.878000e+02 9.003880e+02
4.877500e+02 9.083200e+02
4.877000e+02 9.162520e+02
4.876500e+02 9.091665e+02
4.876000e+02 9.020810e+02
4.875500e+02 9.037275e+02
4.875000e+02 9.053740e+02
4.874500e+02 8.961150e+02
4.874000e+02 8.868560e+02
4.873500e+02 8.990345e+02
4.873000e+02 9.112130e+02
4.872500e+02 9.082610e+02
4.872000e+02 9.053090e+02
4.871500e+02 9.039980e+02
4.871000e+02 9.026870e+02
4.870500e+02 9.079960e+02
4.870000e+02 9.133050e+02
4.869500e+02 9.086750e+02
4.869000e+02 9.040450e+02
4.868500e+02 9.000825e+02
4.868000e+02 8.961200e+02
4.867500e+02 8.966780e+02
4.867000e+02 8.972360e+02
4.866500e+02 9.104575e+02
4.866000e+02 9.236790e+02
4.865500e+02 9.251800e+02
4.865000e+02 9.266810e+02
4.864500e+02 9.263770e+02
4.864000e+02 9.260730e+02
4.863500e+02 9.257995e+02
4.863000e+02 9.255260e+02
4.862500e+02 9.166150e+02
4.862000e+02 9.077040e+02
4.861500e+02 9.020505e+02
4.861000e+02 8.963970e+02
4.860500e+02 9.032320e+02
4.860000e+02 9.100670e+02
4.859500e+02 9.181580e+02
4.859000e+02 9.262490e+02
4.858500e+02 9.233390e+02
4.858000e+02 9.204290e+02
4.857500e+02 9.160560e+02
4.857000e+02 9.116830e+02
4.856500e+02 9.206500e+02
4.856000e+02 9.296170e+02
4.855500e+02 9.399565e+02
4.855000e+02 9.502960e+02
4.854500e+02 9.522590e+02
4.854000e+02 9.542220e+02
4.853500e+02 9.562965e+02
4.853000e+02 9.583710e+02
4.852500e+02 9.534540e+02
4.852000e+02 9.485370e+02
4.851500e+02 9.429905e+02
4.851000e+02 9.374440e+02
4.850500e+02 9.319825e+02
4.850000e+02 9.265210e+02
4.849500e+02 9.204840e+02
4.849000e+02 9.144470e+02
4.848500e+02 9.263365e+02
4.848000e+02 9.382260e+02
4.847500e+02 9.405045e+02
4.847000e+02 9.427830e+02
4.846500e+02 9.440600e+02
4.846000e+02 9.453370e+02
4.845500e+02 9.329585e+02
4.845000e+02 9.205800e+02
4.844500e+02 9.299210e+02
4.844000e+02 9.392620e+02
4.843500e+02 9.411375e+02
4.843000e+02 9.430130e+02
4.842500e+02 9.433880e+02
4.842000e+02 9.437630e+02
4.841500e+02 9.538525e+02
4.841000e+02 9.639420e+02
4.840500e+02 9.469670e+02
4.840000e+02 9.299920e+02
4.839500e+02 9.258815e+02
4.839000e+02 9.217710e+02
4.838500e+02 9.341580e+02
4.838000e+02 9.465450e+02
4.837500e+02 9.491780e+02
4.837000e+02 9.518110e+02
4.836500e+02 9.615640e+02
4.836000e+02 9.713170e+02
4.835500e+02 9.520510e+02
4.835000e+02 9.327850e+02
4.834500e+02 9.355875e+02
4.834000e+02 9.383900e+02
4.833500e+02 9.433010e+02
4.833000e+02 9.482120e+02
4.832500e+02 9.520645e+02
4.832000e+02 9.559170e+02
4.831500e+02 9.531785e+02
4.831000e+02 9.504400e+02
4.830500e+02 9.419930e+02
4.830000e+02 9.335460e+02
4.829500e+02 9.354685e+02
4.829000e+02 9.373910e+02
4.828500e+02 9.358680e+02
4.828000e+02 9.343450e+02
4.827500e+02 9.397230e+02
4.827000e+02 9.451010e+02
4.826500e+02 9.382325e+02
4.826000e+02 9.313640e+02
4.825500e+02 9.328280e+02
4.825000e+02 9.342920e+02
4.824500e+02 9.363900e+02
4.824000e+02 9.384880e+02
4.823500e+02 9.350735e+02
4.823000e+02 9.316590e+02
4.822500e+02 9.367355e+02
4.822000e+02 9.418120e+02
4.821500e+02 9.343200e+02
4.821000e+02 9.268280e+02
4.820500e+02 9.312040e+02
4.820000e+02 9.355800e+02
4.819500e+02 9.250275e+02
4.819000e+02 9.144750e+02
4.818500e+02 9.203400e+02
4.818000e+02 9.262050e+02
4.817500e+02 9.296780e+02
4.817000e+02 9.331510e+02
4.816500e+02 9.137040e+02
4.816000e+02 8.942570e+02
4.815500e+02 9.084445e+02
4.815000e+02 9.226320e+02
4.814500e+02 9.348655e+02
4.814000e+02 9.470990e+02
4.813500e+02 9.450465e+02
4.813000e+02 9.429940e+02
4.812500e+02 9.525010e+02
4.812000e+02 9.620080e+02
4.811500e+02 9.444020e+02
4.811000e+02 9.267960e+02
4.810500e+02 9.388160e+02
4.810000e+02 9.508360e+02
4.809500e+02 9.454895e+02
4.809000e+02 9.401430e+02
4.808500e+02 9.482415e+02
4.808000e+02 9.563400e+02
4.807500e+02 9.565335e+02
4.807000e+02 9.567270e+02
4.806500e+02 9.660220e+02
4.806000e+02 9.753170e+02
4.805500e+02 9.579540e+02
4.805000e+02 9.405910e+02
4.804500e+02 9.440235e+02
4.804000e+02 9.474560e+02
4.803500e+02 9.646375e+02
4.803000e+02 9.818190e+02
4.802500e+02 9.761870e+02
4.802000e+02 9.705550e+02
4.801500e+02 9.894625e+02
4.801000e+02 1.008370e+03
4.800500e+02 1.008240e+03
4.800000e+02 1.008110e+03
4.799500e+02 1.010855e+03
4.799000e+02 1.013600e+03
4.798500e+02 1.004955e+03
4.798000e+02 9.963100e+02
4.797500e+02 1.005290e+03
4.797000e+02 1.014270e+03
4.796500e+02 1.001120e+03
4.796000e+02 9.879700e+02
4.795500e+02 1.001770e+03
4.795000e+02 1.015570e+03
4.794500e+02 1.028305e+03
4.794000e+02 1.041040e+03
4.793500e+02 1.032615e+03
4.793000e+02 1.024190e+03
4.792500e+02 1.035220e+03
4.792000e+02 1.046250e+03
4.791500e+02 1.063620e+03
4.791000e+02 1.080990e+03
4.790500e+02 1.066675e+03
4.790000e+02 1.052360e+03
4.789500e+02 1.065905e+03
4.789000e+02 1.079450e+03
4.788500e+02 1.074400e+03
4.788000e+02 1.069350e+03
4.787500e+02 1.078030e+03
4.787000e+02 1.086710e+03
4.786500e+02 1.093100e+03
4.786000e+02 1.099490e+03
4.785500e+02 1.099230e+03
4.785000e+02 1.098970e+03
4.784500e+02 1.090870e+03
4.784000e+02 1.082770e+03
4.783500e+02 1.093375e+03
4.783000e+02 1.103980e+03
4.782500e+02 1.114135e+03
4.782000e+02 1.124290e+03
4.781500e+02 1.109360e+03
4.781000e+02 1.094430e+03
4.780500e+02 1.093305e+03
4.780000e+02 1.092180e+03
4.779500e+02 1.105955e+03
4.779000e+02 1.119730e+03
4.778500e+02 1.115455e+03
4.778000e+02 1.111180e+03
4.777500e+02 1.105910e+03
4.777000e+02 1.100640e+03
4.776500e+02 1.087330e+03
4.776000e+02 1.074020e+03
4.775500e+02 1.077785e+03
4.775000e+02 1.081550e+03
4.774500e+02 1.083180e+03
4.774000e+02 1.084810e+03
4.773500e+02 1.078550e+03
4.773000e+02 1.072290e+03
4.772500e+02 1.068185e+03
4.772000e+02 1.064080e+03
4.771500e+02 1.066055e+03
4.771000e+02 1.068030e+03
4.770500e+02 1.055355e+03
4.770000e+02 1.042680e+03
4.769500e+02 1.045475e+03
4.769000e+02 1.048270e+03
4.768500e+02 1.048010e+03
4.768000e+02 1.047750e+03
4.767500e+02 1.044870e+03
4.767000e+02 1.041990e+03
4.766500e+02 1.037125e+03
4.766000e+02 1.032260e+03
4.765500e+02 1.021535e+03
4.765000e+02 1.010810e+03
4.764500e+02 1.010655e+03
4.764000e+02 1.010500e+03
4.763500e+02 9.959720e+02
4.763000e+02 9.814440e+02
4.762500e+02 9.879010e+02
4.762000e+02 9.943580e+02
4.761500e+02 1.005289e+03
4.761000e+02 1.016220e+03
4.760500e+02 1.019880e+03
4.760000e+02 1.023540e+03
4.759500e+02 1.010269e+03
4.759000e+02 9.969980e+02
4.758500e+02 9.919375e+02
4.758000e+02 9.868770e+02
4.757500e+02 9.885980e+02
4.757000e+02 9.903190e+02
4.756500e+02 9.839945e+02
4.756000e+02 9.776700e+02
4.755500e+02 9.758665e+02
4.755000e+02 9.740630e+02
4.754500e+02 9.822745e+02
4.754000e+02 9.904860e+02
4.753500e+02 9.857755e+02
4.753000e+02 9.810650e+02
4.752500e+02 9.875420e+02
4.752000e+02 9.940190e+02
4.751500e+02 9.856860e+02
4.751000e+02 9.773530e+02
4.750500e+02 9.838410e+02
4.750000e+02 9.903290e+02
4.749500e+02 9.940800e+02
4.749000e+02 9.978310e+02
4.748500e+02 9.873300e+02
4.748000e+02 9.768290e+02
4.747500e+02 9.999995e+02
4.747000e+02 1.023170e+03
4.746500e+02 1.035640e+03
4.746000e+02 1.048110e+03
4.745500e+02 1.052555e+03
4.745000e+02 1.057000e+03
4.744500e+02 1.055765e+03
4.744000e+02 1.054530e+03
4.743500e+02 1.055735e+03
4.743000e+02 1.056940e+03
4.742500e+02 1.061025e+03
4.742000e+02 1.065110e+03
4.741500e+02 1.081840e+03
4.741000e+02 1.098570e+03
4.740500e+02 1.090265e+03
4.740000e+02 1.081960e+03
4.739500e+02 1.085390e+03
4.739000e+02 1.088820e+03
4.738500e+02 1.089530e+03
4.738000e+02 1.090240e+03
4.737500e+02 1.100440e+03
4.737000e+02 1.110640e+03
4.736500e+02 1.133340e+03
4.736000e+02 1.156040e+03
4.735500e+02 1.155365e+03
4.735000e+02 1.154690e+03
4.734500e+02 1.152085e+03
4.734000e+02 1.149480e+03
4.733500e+02 1.163855e+03
4.733000e+02 1.178230e+03
4.732500e+02 1.192155e+03
4.732000e+02 1.206080e+03
4.731500e+02 1.220960e+03
4.731000e+02 1.235840e+03
4.730500e+02 1.223940e+03
4.730000e+02 1.212040e+03
4.729500e+02 1.224205e+03
4.729000e+02 1.236370e+03
4.728500e+02 1.248330e+03
4.728000e+02 1.260290e+03
4.727500e+02 1.244040e+03
4.727000e+02 1.227790e+03
4.726500e+02 1.247520e+03
4.726000e+02 1.267250e+03
4.725500e+02 1.272730e+03
4.725000e+02 1.278210e+03
4.724500e+02 1.290055e+03
4.724000e+02 1.301900e+03
4.723500e+02 1.285380e+03
4.723000e+02 1.268860e+03
4.722500e+02 1.275885e+03
4.722000e+02 1.282910e+03
4.721500e+02 1.270270e+03
4.721000e+02 1.257630e+03
4.720500e+02 1.262945e+03
4.720000e+02 1.268260e+03
4.719500e+02 1.254175e+03
4.719000e+02 1.240090e+03
4.718500e+02 1.226270e+03
4.718000e+02 1.212450e+03
4.717500e+02 1.215660e+03
4.717000e+02 1.218870e+03
4.716500e+02 1.205440e+03
4.716000e+02 1.192010e+03
4.715500e+02 1.181600e+03
4.715000e+02 1.171190e+03
4.714500e+02 1.163180e+03
4.714000e+02 1.155170e+03
4.713500e+02 1.138855e+03
4.713000e+02 1.122540e+03
4.712500e+02 1.094975e+03
4.712000e+02 1.067410e+03
4.711500e+02 1.059880e+03
4.711000e+02 1.052350e+03
4.710500e+02 1.055895e+03
4.710000e+02 1.059440e+03		
4.709500e+002	1.026230e+003		
4.709000e+002	1.052820e+003		
4.709000e+002	1.026070e+003		
4.708500e+002	1.013770e+003		
4.708000e+002	1.016710e+003		
4.708000e+002	9.847580e+002		
4.707500e+002	1.003170e+003		
4.707000e+002	9.788530e+002		
4.707000e+002	9.835930e+002		
4.706500e+002	9.926570e+002		
4.706000e+002	9.639140e+002		
4.706000e+002	9.979760e+002		
4.705500e+002	9.455890e+002		
4.705000e+002	9.625130e+002		
4.705000e+002	9.585630e+002		
4.704500e+002	9.786070e+002		
4.704000e+002	9.652350e+002		
4.704000e+002	9.250610e+002		
4.703500e+002	9.312850e+002		
4.703000e+002	9.508730e+002		
4.703000e+002	9.240920e+002		
4.702500e+002	9.140950e+002		
4.702000e+002	8.879060e+002		
4.702000e+002	9.244480e+002		
4.701500e+002	8.924000e+002		
4.701000e+002	8.874920e+002		
4.700500e+002	8.952850e+002		
4.700000e+002	8.797190e+002		
4.699500e+002	8.853840e+002		
4.699000e+002	8.792910e+002		
4.698500e+002	8.360240e+002		
4.698000e+002	8.567570e+002		
4.697500e+002	8.675670e+002		
4.697000e+002	8.791820e+002		
4.696500e+002	8.533340e+002		
4.696000e+002	8.403650e+002		
4.695500e+002	8.440060e+002		
4.695000e+002	8.387370e+002		
4.694500e+002	8.302300e+002		
4.694000e+002	8.134290e+002		
4.693500e+002	8.089990e+002		
4.693000e+002	8.196720e+002		
4.692500e+002	8.054640e+002		
4.692000e+002	8.103920e+002		
4.691500e+002	7.848290e+002		
4.691000e+002	7.976620e+002		
4.690500e+002	7.779530e+002		
4.690000e+002	7.789640e+002		
4.689500e+002	7.729600e+002		
4.689000e+002	8.001960e+002		
4.688500e+002	7.801250e+002		
4.688000e+002	7.494450e+002		
4.687500e+002	7.599490e+002		
4.687000e+002	7.608500e+002		
4.686500e+002	7.660890e+002		
4.686000e+002	7.610300e+002		
4.685500e+002	7.759090e+002		
4.685000e+002	7.834470e+002		
4.684500e+002	7.867400e+002		
4.684000e+002	7.644500e+002		
4.683500e+002	7.553000e+002		
4.683000e+002	7.779820e+002		
4.682500e+002	7.719370e+002		
4.682000e+002	7.770320e+002		
4.681500e+002	7.723770e+002		
4.681000e+002	7.416760e+002		
4.680500e+002	7.899330e+002		
4.680000e+002	7.626650e+002		
4.679500e+002	7.453000e+002		
4.679000e+002	7.521300e+002		
4.678500e+002	7.597940e+002		
4.678000e+002	7.741620e+002		
4.677500e+002	7.940290e+002		
4.677000e+002	7.862740e+002		
4.676500e+002	8.021510e+002		
4.676000e+002	7.832270e+002		
4.675500e+002	8.015580e+002		
4.675000e+002	7.876000e+002		
4.674500e+002	8.216940e+002		
4.674000e+002	8.307250e+002		
4.673500e+002	8.193370e+002		
4.673000e+002	8.651980e+002		
4.672500e+002	8.441840e+002		
4.672000e+002	8.456330e+002		
4.671500e+002	8.540930e+002		
4.671000e+002	8.630460e+002		
4.670500e+002	8.744170e+002		
4.670000e+002	9.137750e+002		
4.669500e+002	8.968640e+002		
4.669000e+002	9.252250e+002		
4.668500e+002	9.324910e+002		
4.668000e+002	9.710330e+002		
4.667500e+002	9.662160e+002		
4.667000e+002	9.720820e+002		
4.666500e+002	1.029160e+003		
4.666000e+002	1.031970e+003		
4.665500e+002	1.049600e+003		
4.665000e+002	1.079900e+003		
4.664500e+002	1.095110e+003		
4.664000e+002	1.142770e+003		
4.663500e+002	1.185780e+003		
4.663000e+002	1.234210e+003		
4.662500e+002	1.275050e+003		
4.662000e+002	1.301290e+003		
4.661500e+002	1.354890e+003		
4.661000e+002	1.402010e+003		
4.660500e+002	1.465910e+003		
4.660000e+002	1.505270e+003		
4.659500e+002	1.542420e+003		
4.659000e+002	1.564520e+003		
4.658500e+002	1.643280e+003		
4.658000e+002	1.699570e+003		
4.657500e+002	1.778370e+003		
4.657000e+002	1.802460e+003		
4.656500e+002	1.858860e+003		
4.656000e+002	1.969590e+003		
4.655500e+002	2.010580e+003		
4.655000e+002	2.061900e+003		
4.654500e+002	2.155960e+003		
4.654000e+002	2.171670e+003		
4.653500e+002	2.266300e+003		
4.653000e+002	2.257470e+003		
4.652500e+002	2.311000e+003		
4.652000e+002	2.367680e+003		
4.651500e+002	2.426420e+003		
4.651000e+002	2.451520e+003		
4.650500e+002	2.486560e+003		
4.650000e+002	2.485790e+003		
4.649500e+002	2.516090e+003		
4.649000e+002	2.550800e+003		
4.648500e+002	2.526800e+003		
4.648000e+002	2.501270e+003		
4.647500e+002	2.536750e+003		
4.647000e+002	2.497040e+003		
4.646500e+002	2.492250e+003		
4.646000e+002	2.489070e+003		
4.645500e+002	2.395720e+003		
4.645000e+002	2.401550e+003		
4.644500e+002	2.346970e+003		
4.644000e+002	2.306040e+003		
4.643500e+002	2.289000e+003		
4.643000e+002	2.227360e+003		
4.642500e+002	2.153490e+003		
4.642000e+002	2.067640e+003		
4.641500e+002	1.998690e+003		
4.641000e+002	1.950630e+003		
4.640500e+002	1.902710e+003		
4.640000e+002	1.827210e+003		
4.639500e+002	1.728780e+003		
4.639000e+002	1.672220e+003		
4.638500e+002	1.609680e+003		
4.638000e+002	1.578010e+003		
4.637500e+002	1.559440e+003		
4.637000e+002	1.434800e+003		
4.636500e+002	1.366920e+003		
4.636000e+002	1.348100e+003		
4.635500e+002	1.290440e+003		
4.635000e+002	1.235910e+003		
4.634500e+002	1.223030e+003		
4.634000e+002	1.158640e+003		
4.633500e+002	1.156280e+003		
4.633000e+002	1.128580e+003		
4.632500e+002	1.089290e+003		
4.632000e+002	1.032330e+003		
4.631500e+002	1.023360e+003		
4.631000e+002	9.962150e+002		
4.630500e+002	9.484280e+002		
4.630000e+002	9.372850e+002		
4.629500e+002	9.240200e+002		
4.629000e+002	9.040010e+002		
4.628500e+002	9.116820e+002		
4.628000e+002	8.609880e+002		
4.627500e+002	8.402950e+002		
4.627000e+002	8.306830e+002		
4.626500e+002	8.061050e+002		
4.626000e+002	8.143350e+002		
4.625500e+002	7.978770e+002		
4.625000e+002	7.844650e+002		
4.624500e+002	7.985700e+002		
4.624000e+002	7.848690e+002		
4.623500e+002	7.806720e+002		
4.623000e+002	7.787370e+002		
4.622500e+002	7.617380e+002		
4.622000e+002	7.586730e+002		
4.621500e+002	7.410070e+002		
4.621000e+002	7.510870e+002		
4.620500e+002	7.591060e+002		
4.620000e+002	7.487450e+002		
4.619500e+002	7.405520e+002		
4.619000e+002	7.489070e+002		
4.618500e+002	7.547670e+002		
4.618000e+002	7.596310e+002		
4.617500e+002	7.544480e+002		
4.617000e+002	7.465310e+002		
4.616500e+002	7.625160e+002		
4.616000e+002	7.785260e+002		
4.615500e+002	7.588860e+002		
4.615000e+002	7.597160e+002		
4.614500e+002	7.706260e+002		
4.614000e+002	7.770270e+002		
4.613500e+002	7.841080e+002		
4.613000e+002	7.862150e+002		
4.612500e+002	7.845780e+002		
4.612000e+002	7.915290e+002		
4.611500e+002	8.175510e+002		
4.611000e+002	8.136310e+002		
4.610500e+002	8.310260e+002		
4.610000e+002	8.237370e+002		
4.609500e+002	8.438370e+002		
4.609000e+002	8.471260e+002		
4.608500e+002	8.455290e+002		
4.608000e+002	8.715890e+002		
4.607500e+002	8.974050e+002		
4.607000e+002	9.314560e+002		
4.606500e+002	9.435840e+002		
4.606000e+002	9.757570e+002		
4.605500e+002	1.029640e+003		
4.605000e+002	1.058220e+003		
4.604500e+002	1.123130e+003		
4.604000e+002	1.166620e+003		
4.603500e+002	1.235350e+003		
4.603000e+002	1.291990e+003		
4.602500e+002	1.404800e+003		
4.602000e+002	1.511600e+003		
4.601500e+002	1.620580e+003		
4.601000e+002	1.744350e+003		
4.600500e+002	1.887180e+003		
4.600000e+002	2.048320e+003		
4.599500e+002	2.250150e+003		
4.599000e+002	2.474290e+003		
4.598500e+002	2.792440e+003		
4.598000e+002	3.041370e+003		
4.597500e+002	3.301670e+003		
4.597000e+002	3.616820e+003		
4.596500e+002	3.968960e+003		
4.596000e+002	4.302500e+003		
4.595500e+002	4.599790e+003		
4.595000e+002	4.948240e+003		
4.594500e+002	5.336660e+003		
4.594000e+002	5.592030e+003		
4.593500e+002	5.891080e+003		
4.593000e+002	6.117370e+003		
4.592500e+002	6.401690e+003		
4.592000e+002	6.544880e+003		
4.591500e+002	6.616650e+003		
4.591000e+002	6.705580e+003		
4.590500e+002	6.693940e+003		
4.590000e+002	6.634500e+003		
4.589500e+002	6.522280e+003		
4.589000e+002	6.363310e+003		
4.588500e+002	6.104020e+003		
4.588000e+002	5.828600e+003		
4.587500e+002	5.495300e+003		
4.587000e+002	5.100960e+003		
4.586500e+002	4.818280e+003		
4.586000e+002	4.440830e+003		
4.585500e+002	4.085260e+003		
4.585000e+002	3.670510e+003		
4.584500e+002	3.341960e+003		
4.584000e+002	2.989350e+003		
4.583500e+002	2.685240e+003		
4.583000e+002	2.373670e+003		
4.582500e+002	2.111040e+003		
4.582000e+002	1.882810e+003		
4.581500e+002	1.636920e+003		
4.581000e+002	1.449510e+003		
4.580500e+002	1.278470e+003		
4.580000e+002	1.138660e+003		
4.579500e+002	1.008490e+003		
4.579000e+002	8.809550e+002		
4.578500e+002	7.842140e+002		
4.578000e+002	7.107390e+002		
4.577500e+002	6.395530e+002		
4.577000e+002	5.931430e+002		
4.576500e+002	5.284110e+002		
4.576000e+002	4.939520e+002		
4.575500e+002	4.603950e+002		
4.575000e+002	4.300070e+002		
4.574500e+002	4.076760e+002		
4.574000e+002	3.757400e+002		
4.573500e+002	3.495790e+002		
4.573000e+002	3.074980e+002		
4.572500e+002	2.986850e+002		
4.572000e+002	2.896070e+002		
4.571500e+002	2.745350e+002		
4.571000e+002	2.614540e+002		
4.570500e+002	2.584020e+002		
4.570000e+002	2.414500e+002		
4.569500e+002	2.261330e+002		
4.569000e+002	1.959940e+002		
4.568500e+002	1.969120e+002		
4.568000e+002	1.781110e+002		
4.567500e+002	1.826020e+002		
4.567000e+002	1.716420e+002		
4.566500e+002	1.399310e+002		
4.566000e+002	1.487030e+002		
4.565500e+002	1.402360e+002		
4.565000e+002	1.227990e+002		
4.564500e+002	1.275470e+002		
4.564000e+002	1.236580e+002		
4.563500e+002	1.171590e+002		
4.563000e+002	1.131680e+002		
4.562500e+002	1.030430e+002		
4.562000e+002	8.996110e+001		
4.561500e+002	7.976780e+001		
4.561000e+002	8.264020e+001		
4.560500e+002	7.837940e+001		
4.560000e+002	7.142930e+001		
4.559500e+002	7.641380e+001		
4.559000e+002	7.538220e+001		
4.558500e+002	7.896030e+001		
4.558000e+002	6.581950e+001		
4.557500e+002	5.999790e+001		
4.557000e+002	5.366950e+001		
4.556500e+002	5.060900e+001		
4.556000e+002	4.595510e+001		
4.555500e+002	5.829790e+001		
4.555000e+002	4.576720e+001		
4.554500e+002	4.566670e+001		
4.554000e+002	3.769530e+001		
4.553500e+002	3.489260e+001		
4.553000e+002	4.512790e+001		
4.552500e+002	3.841880e+001		
4.552000e+002	4.310200e+001		
4.551500e+002	4.151930e+001		
4.551000e+002	4.180220e+001		
4.550500e+002	3.733040e+001		
4.550000e+002	3.435350e+001		
4.549500e+002	3.801490e+001		
4.549000e+002	4.102850e+001		
4.548500e+002	3.875680e+001		
4.548000e+002	2.417280e+001		
4.547500e+002	2.674670e+001		
4.547000e+002	2.487090e+001		
4.546500e+002	2.524970e+001		
4.546000e+002	3.035810e+001		
4.545500e+002	3.286520e+001		
4.545000e+002	2.673790e+001		
4.544500e+002	1.750690e+001		
4.544000e+002	2.741040e+001		
4.543500e+002	3.197760e+001		
4.543000e+002	3.500280e+001		
4.542500e+002	2.831840e+001		
4.542000e+002	1.874880e+001		
4.541500e+002	1.621220e+001		
4.541000e+002	3.184770e+001		
4.540500e+002	2.884900e+001		
4.540000e+002	2.812050e+001		
4.539500e+002	1.950030e+001		
4.539000e+002	2.214810e+001		
4.538500e+002	1.468620e+001		
4.538000e+002	2.338300e+001		
4.537500e+002	2.381700e+001		
4.537000e+002	1.863100e+001		
4.536500e+002	1.655730e+001		
4.536000e+002	1.228880e+001		
4.535500e+002	1.454760e+001		
4.535000e+002	1.658760e+001		
4.534500e+002	1.459420e+001		
4.534000e+002	1.385550e+001		
4.533500e+002	1.454330e+001		
4.533000e+002	7.005530e+000		
4.532500e+002	1.974950e+001		
4.532000e+002	9.754630e+000		
4.531500e+002	1.668130e+001		
4.531000e+002	1.054110e+001		
4.530500e+002	1.148870e+001		
4.530000e+002	9.850890e+000		
4.529500e+002	2.147900e+001		
4.529000e+002	1.501590e+001		
4.528500e+002	2.262880e+001		
4.528000e+002	1.698220e+001		
4.527500e+002	1.794880e+001		
4.527000e+002	1.025620e+001		
4.526500e+002	1.752990e+001		
4.526000e+002	1.469180e+001		
4.525500e+002	1.856970e+001		
4.525000e+002	1.845230e+001		
4.524500e+002	1.757920e+001		
4.524000e+002	2.003070e+001		
4.523500e+002	2.494940e+001		
4.523000e+002	1.268930e+001		
4.522500e+002	7.723950e+000		
4.522000e+002	4.381980e+000		
4.521500e+002	6.311050e+000		
4.521000e+002	1.372390e+001		
4.520500e+002	1.999400e+001		
4.520000e+002	1.271160e+001		
4.519500e+002	1.015670e+001		
4.519000e+002	1.227610e+001		
4.518500e+002	1.423810e+001		
4.518000e+002	4.751450e+000		
4.517500e+002	-9.823860e-002		
4.517000e+002	1.145530e+001		
4.516500e+002	8.984220e+000		
4.516000e+002	1.916610e+001		
4.515500e+002	1.107290e+001		
4.515000e+002	1.481760e+001		
4.514500e+002	1.412800e+001		
4.514000e+002	1.226120e+001		
4.513500e+002	1.267180e+001		
4.513000e+002	1.366800e+001		
4.512500e+002	5.733520e+000		
4.512000e+002	6.806920e+000		
4.511500e+002	6.008170e+000		
4.511000e+002	3.578230e+000		
4.510500e+002	6.265450e+000		
4.510000e+002	1.085170e+001		
4.509500e+002	8.114170e+000		
4.509000e+002	8.484540e+000		
4.508500e+002	6.197270e+000		
4.508000e+002	9.997540e+000		
4.507500e+002	-5.957020e-001		
4.507000e+002	3.325110e+000		
4.506500e+002	2.164310e+000		
4.506000e+002	5.305150e+000		
4.505500e+002	6.330190e+000		
4.505000e+002	-1.525500e-001		
4.504500e+002	-1.609880e-001		
4.504000e+002	4.104730e+000		
4.503500e+002	-1.076660e+000		
4.503000e+002	1.584460e+000		
4.502500e+002	-2.120210e-001		
4.502000e+002	1.220910e+001		
4.501500e+002	6.923260e+000		
4.501000e+002	1.486720e+001		
4.500500e+002	6.408310e+000		
4.500000e+002	4.718660e+000		
4.499500e+002	7.105130e+000		
4.499000e+002	9.989240e+000		
4.498500e+002	1.929000e+000		
4.498000e+002	6.981570e+000		
4.497500e+002	3.665990e+000		
4.497000e+002	8.025280e+000		
4.496500e+002	-6.230790e-001		
4.496000e+002	-3.589630e+000		
4.495500e+002	-4.893710e+000		
4.495000e+002	3.924340e+000		
4.494500e+002	8.295720e+000		
4.494000e+002	8.520460e+000		
4.493500e+002	1.030750e+001		
4.493000e+002	6.969350e+000		
4.492500e+002	-5.236930e-001		
4.492000e+002	-6.738350e+000		
4.491500e+002	1.345140e+000		
4.491000e+002	4.972750e+000		
4.490500e+002	1.152620e+000		
4.490000e+002	-2.799200e+000		
4.489500e+002	9.646570e+000		
4.489000e+002	5.408910e+000		
4.488500e+002	6.800020e+000		
4.488000e+002	-3.691740e+000		
4.487500e+002	4.723940e+000		
4.487000e+002	2.415160e+000		
4.486500e+002	2.169410e+000		
4.486000e+002	3.258270e+000		
4.485500e+002	6.176990e+000		
4.485000e+002	-1.267620e-001		
4.484500e+002	9.745010e+000		
4.484000e+002	2.446710e+000		
4.483500e+002	1.358690e+001		
4.483000e+002	2.579140e-001		
4.482500e+002	2.849570e+000		
4.482000e+002	3.894570e+000		
4.481500e+002	-3.925370e+000		
4.481000e+002	-5.830600e+000		
4.480500e+002	-1.078150e+000		
4.480000e+002	4.554500e+000		
4.479500e+002	9.492840e+000		
4.479000e+002	2.644340e-001		
4.478500e+002	1.197870e+000		
4.478000e+002	1.678890e+000		
4.477500e+002	-4.115380e-001		
4.477000e+002	3.293610e+000		
4.476500e+002	3.609950e+000		
4.476000e+002	7.039350e+000		
4.475500e+002	2.460950e+000		
4.475000e+002	3.168990e+000		
4.474500e+002	-3.429980e+000		
4.474000e+002	7.200190e+000		
4.473500e+002	-6.665320e+000		
4.473000e+002	-2.250840e+000		
4.472500e+002	2.385420e-002		
4.472000e+002	-2.535580e+000		
4.471500e+002	1.214490e+000		
4.471000e+002	-4.116860e+000		
4.470500e+002	7.315450e-001		
4.470000e+002	2.615040e+000		
4.469500e+002	-1.296840e+000		
4.469000e+002	-3.208360e+000		
4.468500e+002	7.836490e+000		
4.468000e+002	4.382630e+000		
4.467500e+002	6.316270e+000		
4.467000e+002	6.052810e+000		
4.466500e+002	4.761110e+000		
4.466000e+002	3.312800e+000		
4.465500e+002	7.777740e+000		
4.465000e+002	1.487880e+000		
4.464500e+002	7.112850e+000		
4.464000e+002	2.665280e+000		
4.463500e+002	8.871670e-001		
4.463000e+002	2.751000e+000		
4.462500e+002	-1.073870e+001		
4.462000e+002	0.000000e+000