Fe3O4
	
7.500000e+002	5.671667e+003		
7.499500e+002	5.694800e+003		
7.499000e+002	5.694967e+003		
7.498500e+002	5.805500e+003		
7.498000e+002	5.812600e+003		
7.497500e+002	5.865317e+003		
7.497000e+002	5.872733e+003		
7.496500e+002	5.593433e+003		
7.496000e+002	5.517583e+003		
7.495500e+002	5.744433e+003		
7.495000e+002	5.822517e+003		
7.494500e+002	5.864317e+003		
7.494000e+002	5.806467e+003		
7.493500e+002	5.696217e+003		
7.493000e+002	5.871817e+003		
7.492500e+002	5.909383e+003		
7.492000e+002	5.973667e+003		
7.491500e+002	5.802450e+003		
7.491000e+002	5.874033e+003		
7.490500e+002	5.873150e+003		
7.490000e+002	5.850800e+003		
7.489500e+002	5.874267e+003		
7.489000e+002	5.910683e+003		
7.488500e+002	5.878017e+003		
7.488000e+002	5.888500e+003		
7.487500e+002	5.923600e+003		
7.487000e+002	6.001217e+003		
7.486500e+002	5.812033e+003		
7.486000e+002	5.711733e+003		
7.485500e+002	5.947150e+003		
7.485000e+002	5.922317e+003		
7.484500e+002	5.990883e+003		
7.484000e+002	5.746267e+003		
7.483500e+002	5.717683e+003		
7.483000e+002	5.781733e+003		
7.482500e+002	5.950033e+003		
7.482000e+002	5.814433e+003		
7.481500e+002	5.855283e+003		
7.481000e+002	5.755133e+003		
7.480500e+002	5.940150e+003		
7.480000e+002	6.028217e+003		
7.479500e+002	5.844617e+003		
7.479000e+002	6.004867e+003		
7.478500e+002	5.915117e+003		
7.478000e+002	5.683383e+003		
7.477500e+002	5.758233e+003		
7.477000e+002	5.826683e+003		
7.476500e+002	5.771350e+003		
7.476000e+002	5.831450e+003		
7.475500e+002	5.995083e+003		
7.475000e+002	5.928817e+003		
7.474500e+002	6.077750e+003		
7.474000e+002	5.919300e+003		
7.473500e+002	5.973883e+003		
7.473000e+002	5.897733e+003		
7.472500e+002	5.832050e+003		
7.472000e+002	5.949383e+003		
7.471500e+002	5.908383e+003		
7.471000e+002	5.913317e+003		
7.470500e+002	5.855750e+003		
7.470000e+002	5.813283e+003		
7.469500e+002	5.717517e+003		
7.469000e+002	5.884000e+003		
7.468500e+002	6.004650e+003		
7.468000e+002	6.003050e+003		
7.467500e+002	5.878183e+003		
7.467000e+002	5.872267e+003		
7.466500e+002	5.883367e+003		
7.466000e+002	5.899033e+003		
7.465500e+002	5.944000e+003		
7.465000e+002	5.905833e+003		
7.464500e+002	5.982950e+003		
7.464000e+002	6.032117e+003		
7.463500e+002	6.015700e+003		
7.463000e+002	6.006733e+003		
7.462500e+002	5.923900e+003		
7.462000e+002	5.838933e+003		
7.461500e+002	5.915300e+003		
7.461000e+002	5.843250e+003		
7.460500e+002	5.952717e+003		
7.460000e+002	6.021800e+003		
7.459500e+002	6.057517e+003		
7.459000e+002	6.076967e+003		
7.458500e+002	6.037533e+003		
7.458000e+002	6.028283e+003		
7.457500e+002	5.839300e+003		
7.457000e+002	5.927233e+003		
7.456500e+002	6.042617e+003		
7.456000e+002	6.045567e+003		
7.455500e+002	6.077633e+003		
7.455000e+002	5.925783e+003		
7.454500e+002	5.933600e+003		
7.454000e+002	5.990450e+003		
7.453500e+002	5.843483e+003		
7.453000e+002	5.894683e+003		
7.452500e+002	5.979933e+003		
7.452000e+002	5.935633e+003		
7.451500e+002	5.948700e+003		
7.451000e+002	5.962083e+003		
7.450500e+002	6.087450e+003		
7.450000e+002	6.003367e+003		
7.449500e+002	5.860000e+003		
7.449000e+002	5.934700e+003		
7.448500e+002	5.970733e+003		
7.448000e+002	6.181483e+003		
7.447500e+002	6.060417e+003		
7.447000e+002	6.094467e+003		
7.446500e+002	6.025083e+003		
7.446000e+002	5.960250e+003		
7.445500e+002	5.974200e+003		
7.445000e+002	6.071633e+003		
7.444500e+002	6.018117e+003		
7.444000e+002	6.027400e+003		
7.443500e+002	6.102050e+003		
7.443000e+002	6.120917e+003		
7.442500e+002	6.105367e+003		
7.442000e+002	6.023517e+003		
7.441500e+002	6.061733e+003		
7.441000e+002	6.065733e+003		
7.440500e+002	6.176533e+003		
7.440000e+002	5.985917e+003		
7.439500e+002	6.143283e+003		
7.439000e+002	6.179433e+003		
7.438500e+002	6.190233e+003		
7.438000e+002	5.965833e+003		
7.437500e+002	5.994450e+003		
7.437000e+002	5.954833e+003		
7.436500e+002	6.103200e+003		
7.436000e+002	6.039517e+003		
7.435500e+002	6.195367e+003		
7.435000e+002	6.100333e+003		
7.434500e+002	6.149550e+003		
7.434000e+002	6.050650e+003		
7.433500e+002	5.976750e+003		
7.433000e+002	6.037500e+003		
7.432500e+002	6.088600e+003		
7.432000e+002	6.097883e+003		
7.431500e+002	5.983067e+003		
7.431000e+002	5.961633e+003		
7.430500e+002	6.035417e+003		
7.430000e+002	6.027467e+003		
7.429500e+002	6.048733e+003		
7.429000e+002	5.919950e+003		
7.428500e+002	6.017100e+003		
7.428000e+002	5.811267e+003		
7.427500e+002	5.937717e+003		
7.427000e+002	6.165350e+003		
7.426500e+002	6.036933e+003		
7.426000e+002	5.955650e+003		
7.425500e+002	5.994650e+003		
7.425000e+002	6.021217e+003		
7.424500e+002	5.950567e+003		
7.424000e+002	6.007483e+003		
7.423500e+002	5.841117e+003		
7.423000e+002	5.794700e+003		
7.422500e+002	5.938967e+003		
7.422000e+002	6.039500e+003		
7.421500e+002	5.932383e+003		
7.421000e+002	6.027700e+003		
7.420500e+002	5.976950e+003		
7.420000e+002	6.089317e+003		
7.419500e+002	6.119600e+003		
7.419000e+002	6.112667e+003		
7.418500e+002	5.978967e+003		
7.418000e+002	5.962533e+003		
7.417500e+002	5.880417e+003		
7.417000e+002	5.896817e+003		
7.416500e+002	6.065767e+003		
7.416000e+002	6.060733e+003		
7.415500e+002	6.044817e+003		
7.415000e+002	6.003217e+003		
7.414500e+002	5.909117e+003		
7.414000e+002	6.088533e+003		
7.413500e+002	6.084583e+003		
7.413000e+002	5.991067e+003		
7.412500e+002	6.064700e+003		
7.412000e+002	6.028767e+003		
7.411500e+002	5.928133e+003		
7.411000e+002	5.972917e+003		
7.410500e+002	5.895533e+003		
7.410000e+002	6.142667e+003		
7.409500e+002	5.837517e+003		
7.409000e+002	5.963633e+003		
7.408500e+002	6.062950e+003		
7.408000e+002	6.032083e+003		
7.407500e+002	6.022883e+003		
7.407000e+002	6.048817e+003		
7.406500e+002	5.911183e+003		
7.406000e+002	6.008217e+003		
7.405500e+002	6.071067e+003		
7.405000e+002	6.003150e+003		
7.404500e+002	6.030150e+003		
7.404000e+002	5.787050e+003		
7.403500e+002	5.945367e+003		
7.403000e+002	6.081983e+003		
7.402500e+002	6.115650e+003		
7.402000e+002	5.950083e+003		
7.401500e+002	5.906417e+003		
7.401000e+002	5.876633e+003		
7.400500e+002	5.943333e+003		
7.400000e+002	5.936500e+003		
7.399500e+002	5.821700e+003		
7.399000e+002	5.831550e+003		
7.398500e+002	5.984033e+003		
7.398000e+002	5.796183e+003		
7.397500e+002	5.916983e+003		
7.397000e+002	5.912850e+003		
7.396500e+002	5.929467e+003		
7.396000e+002	5.926000e+003		
7.395500e+002	5.823717e+003		
7.395000e+002	5.987367e+003		
7.394500e+002	6.112633e+003		
7.394000e+002	6.027600e+003		
7.393500e+002	6.044983e+003		
7.393000e+002	5.991517e+003		
7.392500e+002	6.000083e+003		
7.392000e+002	5.999117e+003		
7.391500e+002	5.897183e+003		
7.391000e+002	5.965033e+003		
7.390500e+002	6.048067e+003		
7.390000e+002	6.009467e+003		
7.389500e+002	5.988600e+003		
7.389000e+002	5.947833e+003		
7.388500e+002	5.969750e+003		
7.388000e+002	5.831233e+003		
7.387500e+002	5.892650e+003		
7.387000e+002	5.965333e+003		
7.386500e+002	6.141483e+003		
7.386000e+002	6.102700e+003		
7.385500e+002	6.020050e+003		
7.385000e+002	6.081183e+003		
7.384500e+002	6.160233e+003		
7.384000e+002	6.110533e+003		
7.383500e+002	6.217750e+003		
7.383000e+002	5.962567e+003		
7.382500e+002	5.950550e+003		
7.382000e+002	5.935350e+003		
7.381500e+002	5.914600e+003		
7.381000e+002	5.964283e+003		
7.380500e+002	5.990350e+003		
7.380000e+002	6.044117e+003		
7.379500e+002	6.001867e+003		
7.379000e+002	5.986467e+003		
7.378500e+002	5.985733e+003		
7.378000e+002	5.992050e+003		
7.377500e+002	5.920183e+003		
7.377000e+002	6.080367e+003		
7.376500e+002	5.956717e+003		
7.376000e+002	6.000767e+003		
7.375500e+002	5.939050e+003		
7.375000e+002	6.001150e+003		
7.374500e+002	6.013333e+003		
7.374000e+002	6.075400e+003		
7.373500e+002	6.146350e+003		
7.373000e+002	6.153917e+003		
7.372500e+002	6.173383e+003		
7.372000e+002	6.195300e+003		
7.371500e+002	6.091750e+003		
7.371000e+002	6.087967e+003		
7.370500e+002	6.141333e+003		
7.370000e+002	6.115700e+003		
7.369500e+002	6.086700e+003		
7.369000e+002	6.269133e+003		
7.368500e+002	6.101300e+003		
7.368000e+002	6.021317e+003		
7.367500e+002	6.156967e+003		
7.367000e+002	6.259083e+003		
7.366500e+002	6.175983e+003		
7.366000e+002	6.213817e+003		
7.365500e+002	6.218067e+003		
7.365000e+002	6.308583e+003		
7.364500e+002	6.355517e+003		
7.364000e+002	6.066833e+003		
7.363500e+002	6.229850e+003		
7.363000e+002	6.245667e+003		
7.362500e+002	6.143617e+003		
7.362000e+002	6.220733e+003		
7.361500e+002	6.257967e+003		
7.361000e+002	6.292983e+003		
7.360500e+002	6.211567e+003		
7.360000e+002	6.250733e+003		
7.359500e+002	6.286233e+003		
7.359000e+002	6.246550e+003		
7.358500e+002	6.010117e+003		
7.358000e+002	6.278000e+003		
7.357500e+002	6.287883e+003		
7.357000e+002	6.144350e+003		
7.356500e+002	6.249217e+003		
7.356000e+002	6.292467e+003		
7.355500e+002	6.213933e+003		
7.355000e+002	6.208717e+003		
7.354500e+002	6.349133e+003		
7.354000e+002	6.284333e+003		
7.353500e+002	6.244533e+003		
7.353000e+002	6.321017e+003		
7.352500e+002	6.260850e+003		
7.352000e+002	6.235267e+003		
7.351500e+002	6.279967e+003		
7.351000e+002	6.462167e+003		
7.350500e+002	6.164100e+003		
7.350000e+002	6.314500e+003		
7.349500e+002	6.305533e+003		
7.349000e+002	6.294383e+003		
7.348500e+002	6.314533e+003		
7.348000e+002	6.499583e+003		
7.347500e+002	6.391683e+003		
7.347000e+002	6.421933e+003		
7.346500e+002	6.416117e+003		
7.346000e+002	6.342233e+003		
7.345500e+002	6.437283e+003		
7.345000e+002	6.441267e+003		
7.344500e+002	6.462933e+003		
7.344000e+002	6.306167e+003		
7.343500e+002	6.397433e+003		
7.343000e+002	6.367717e+003		
7.342500e+002	6.356233e+003		
7.342000e+002	6.633750e+003		
7.341500e+002	6.594817e+003		
7.341000e+002	6.412950e+003		
7.340500e+002	6.528617e+003		
7.340000e+002	6.482500e+003		
7.339500e+002	6.533633e+003		
7.339000e+002	6.473917e+003		
7.338500e+002	6.507000e+003		
7.338000e+002	6.512250e+003		
7.337500e+002	6.588800e+003		
7.337000e+002	6.557167e+003		
7.336500e+002	6.440217e+003		
7.336000e+002	6.464750e+003		
7.335500e+002	6.543317e+003		
7.335000e+002	6.525083e+003		
7.334500e+002	6.487667e+003		
7.334000e+002	6.456367e+003		
7.333500e+002	6.512150e+003		
7.333000e+002	6.559583e+003		
7.332500e+002	6.624900e+003		
7.332000e+002	6.613833e+003		
7.331500e+002	6.595333e+003		
7.331000e+002	6.711900e+003		
7.330500e+002	6.541683e+003		
7.330000e+002	6.672533e+003		
7.329500e+002	6.621233e+003		
7.329000e+002	6.647383e+003		
7.328500e+002	6.741283e+003		
7.328000e+002	6.737650e+003		
7.327500e+002	6.686450e+003		
7.327000e+002	6.787083e+003		
7.326500e+002	6.818167e+003		
7.326000e+002	6.961717e+003		
7.325500e+002	6.750833e+003		
7.325000e+002	6.685233e+003		
7.324500e+002	6.731300e+003		
7.324000e+002	6.785017e+003		
7.323500e+002	6.740100e+003		
7.323000e+002	6.856867e+003		
7.322500e+002	6.901883e+003		
7.322000e+002	6.924300e+003		
7.321500e+002	6.683317e+003		
7.321000e+002	6.807283e+003		
7.320500e+002	6.874200e+003		
7.320000e+002	6.914400e+003		
7.319500e+002	6.857433e+003		
7.319000e+002	6.826417e+003		
7.318500e+002	6.964333e+003		
7.318000e+002	6.915917e+003		
7.317500e+002	6.896767e+003		
7.317000e+002	6.764000e+003		
7.316500e+002	6.824817e+003		
7.316000e+002	6.819400e+003		
7.315500e+002	6.848733e+003		
7.315000e+002	6.911317e+003		
7.314500e+002	6.800117e+003		
7.314000e+002	6.800167e+003		
7.313500e+002	6.863317e+003		
7.313000e+002	7.066017e+003		
7.312500e+002	7.004417e+003		
7.312000e+002	7.015667e+003		
7.311500e+002	6.970133e+003		
7.311000e+002	6.963933e+003		
7.310500e+002	7.130717e+003		
7.310000e+002	7.179800e+003		
7.309500e+002	7.302683e+003		
7.309000e+002	7.216767e+003		
7.308500e+002	7.146950e+003		
7.308000e+002	7.065100e+003		
7.307500e+002	7.035583e+003		
7.307000e+002	7.007883e+003		
7.306500e+002	7.205883e+003		
7.306000e+002	7.204367e+003		
7.305500e+002	7.059883e+003		
7.305000e+002	6.972350e+003		
7.304500e+002	7.264700e+003		
7.304000e+002	7.173733e+003		
7.303500e+002	7.113567e+003		
7.303000e+002	7.180800e+003		
7.302500e+002	7.126550e+003		
7.302000e+002	7.059117e+003		
7.301500e+002	7.008117e+003		
7.301000e+002	6.951633e+003		
7.300500e+002	7.250883e+003		
7.300000e+002	7.200433e+003		
7.299500e+002	7.063583e+003		
7.299000e+002	7.099150e+003		
7.298500e+002	7.201133e+003		
7.298000e+002	7.174583e+003		
7.297500e+002	7.176633e+003		
7.297000e+002	7.245050e+003		
7.296500e+002	7.348917e+003		
7.296000e+002	7.243150e+003		
7.295500e+002	7.261500e+003		
7.295000e+002	7.254700e+003		
7.294500e+002	7.368767e+003		
7.294000e+002	7.186700e+003		
7.293500e+002	7.242633e+003		
7.293000e+002	7.265800e+003		
7.292500e+002	7.220317e+003		
7.292000e+002	7.320267e+003		
7.291500e+002	7.263533e+003		
7.291000e+002	7.053733e+003		
7.290500e+002	7.233317e+003		
7.290000e+002	7.219000e+003		
7.289500e+002	7.297433e+003		
7.289000e+002	7.134633e+003		
7.288500e+002	7.191467e+003		
7.288000e+002	7.167600e+003		
7.287500e+002	7.239550e+003		
7.287000e+002	7.310717e+003		
7.286500e+002	7.191417e+003		
7.286000e+002	7.200867e+003		
7.285500e+002	7.223217e+003		
7.285000e+002	7.293150e+003		
7.284500e+002	7.345867e+003		
7.284000e+002	7.319633e+003		
7.283500e+002	7.289400e+003		
7.283000e+002	7.122500e+003		
7.282500e+002	7.389467e+003		
7.282000e+002	7.396467e+003		
7.281500e+002	7.357333e+003		
7.281000e+002	7.329950e+003		
7.280500e+002	7.305933e+003		
7.280000e+002	7.256217e+003		
7.279500e+002	7.282267e+003		
7.279000e+002	7.421167e+003		
7.278500e+002	7.467667e+003		
7.278000e+002	7.306983e+003		
7.277500e+002	7.283983e+003		
7.277000e+002	7.347183e+003		
7.276500e+002	7.357433e+003		
7.276000e+002	7.418700e+003		
7.275500e+002	7.574567e+003		
7.275000e+002	7.465500e+003		
7.274500e+002	7.350617e+003		
7.274000e+002	7.354333e+003		
7.273500e+002	7.365450e+003		
7.273000e+002	7.464517e+003		
7.272500e+002	7.355467e+003		
7.272000e+002	7.423633e+003		
7.271500e+002	7.330267e+003		
7.271000e+002	7.362383e+003		
7.270500e+002	7.628967e+003		
7.270000e+002	7.588033e+003		
7.269500e+002	7.373600e+003		
7.269000e+002	7.426300e+003		
7.268500e+002	7.450567e+003		
7.268000e+002	7.637783e+003		
7.267500e+002	7.533717e+003		
7.267000e+002	7.513633e+003		
7.266500e+002	7.630517e+003		
7.266000e+002	7.712650e+003		
7.265500e+002	7.639400e+003		
7.265000e+002	7.699700e+003		
7.264500e+002	7.726900e+003		
7.264000e+002	7.740083e+003		
7.263500e+002	7.791483e+003		
7.263000e+002	7.844000e+003		
7.262500e+002	7.783983e+003		
7.262000e+002	7.599667e+003		
7.261500e+002	7.947517e+003		
7.261000e+002	8.042983e+003		
7.260500e+002	7.909883e+003		
7.260000e+002	7.969200e+003		
7.259500e+002	7.915250e+003		
7.259000e+002	7.821317e+003		
7.258500e+002	7.932083e+003		
7.258000e+002	7.973783e+003		
7.257500e+002	8.310717e+003		
7.257000e+002	8.032183e+003		
7.256500e+002	8.017967e+003		
7.256000e+002	8.072100e+003		
7.255500e+002	8.068817e+003		
7.255000e+002	8.122950e+003		
7.254500e+002	7.963500e+003		
7.254000e+002	8.202400e+003		
7.253500e+002	8.053867e+003		
7.253000e+002	8.341217e+003		
7.252500e+002	8.259233e+003		
7.252000e+002	8.327967e+003		
7.251500e+002	8.267950e+003		
7.251000e+002	8.279483e+003		
7.250500e+002	8.296317e+003		
7.250000e+002	8.486833e+003		
7.249500e+002	8.450117e+003		
7.249000e+002	8.524817e+003		
7.248500e+002	8.453933e+003		
7.248000e+002	8.424767e+003		
7.247500e+002	8.519750e+003		
7.247000e+002	8.609083e+003		
7.246500e+002	8.600450e+003		
7.246000e+002	8.586850e+003		
7.245500e+002	8.691583e+003		
7.245000e+002	8.607667e+003		
7.244500e+002	8.802967e+003		
7.244000e+002	8.581483e+003		
7.243500e+002	8.601550e+003		
7.243000e+002	8.775033e+003		
7.242500e+002	8.660133e+003		
7.242000e+002	8.515217e+003		
7.241500e+002	8.553517e+003		
7.241000e+002	8.660383e+003		
7.240500e+002	8.673383e+003		
7.240000e+002	8.591667e+003		
7.239500e+002	8.602800e+003		
7.239000e+002	8.669033e+003		
7.238500e+002	8.858467e+003		
7.238000e+002	8.903250e+003		
7.237500e+002	8.721617e+003		
7.237000e+002	8.799250e+003		
7.236500e+002	8.742783e+003		
7.236000e+002	8.620050e+003		
7.235500e+002	8.689200e+003		
7.235000e+002	8.595350e+003		
7.234500e+002	8.669617e+003		
7.234000e+002	8.587417e+003		
7.233500e+002	8.533733e+003		
7.233000e+002	8.454633e+003		
7.232500e+002	8.562233e+003		
7.232000e+002	8.650250e+003		
7.231500e+002	8.696033e+003		
7.231000e+002	8.601317e+003		
7.230500e+002	8.475133e+003		
7.230000e+002	8.607450e+003		
7.229500e+002	8.486800e+003		
7.229000e+002	8.477250e+003		
7.228500e+002	8.422750e+003		
7.228000e+002	8.385100e+003		
7.227500e+002	8.360950e+003		
7.227000e+002	8.434317e+003		
7.226500e+002	8.332217e+003		
7.226000e+002	8.432417e+003		
7.225500e+002	8.108717e+003		
7.225000e+002	8.356317e+003		
7.224500e+002	8.340183e+003		
7.224000e+002	8.264833e+003		
7.223500e+002	8.203333e+003		
7.223000e+002	8.186433e+003		
7.222500e+002	8.158533e+003		
7.222000e+002	8.049817e+003		
7.221500e+002	8.123733e+003		
7.221000e+002	8.020350e+003		
7.220500e+002	8.046133e+003		
7.220000e+002	8.009783e+003		
7.219500e+002	7.856467e+003		
7.219000e+002	7.850750e+003		
7.218500e+002	7.729850e+003		
7.218000e+002	7.734550e+003		
7.217500e+002	7.843933e+003		
7.217000e+002	7.588083e+003		
7.216500e+002	7.554650e+003		
7.216000e+002	7.737400e+003		
7.215500e+002	7.644117e+003		
7.215000e+002	7.534467e+003		
7.214500e+002	7.592800e+003		
7.214000e+002	7.524850e+003		
7.213500e+002	7.433750e+003		
7.213000e+002	7.367600e+003		
7.212500e+002	7.353600e+003		
7.212000e+002	7.330350e+003		
7.211500e+002	7.328233e+003		
7.211000e+002	7.344767e+003		
7.210500e+002	7.086400e+003		
7.210000e+002	7.078617e+003		
7.209500e+002	7.002050e+003		
7.209000e+002	7.121083e+003		
7.208500e+002	7.068633e+003		
7.208000e+002	7.079100e+003		
7.207500e+002	6.899200e+003		
7.207000e+002	6.942233e+003		
7.206500e+002	6.863233e+003		
7.206000e+002	6.835467e+003		
7.205500e+002	6.760983e+003		
7.205000e+002	6.776017e+003		
7.204500e+002	6.635033e+003		
7.204000e+002	6.635383e+003		
7.203500e+002	6.661067e+003		
7.203000e+002	6.593933e+003		
7.202500e+002	6.577767e+003		
7.202000e+002	6.551100e+003		
7.201500e+002	6.369333e+003		
7.201000e+002	6.412083e+003		
7.200500e+002	6.368683e+003		
7.200000e+002	6.423650e+003		
7.199500e+002	6.333000e+003		
7.199000e+002	6.350917e+003		
7.198500e+002	6.253900e+003		
7.198000e+002	6.451983e+003		
7.197500e+002	6.261100e+003		
7.197000e+002	6.271967e+003		
7.196500e+002	6.294600e+003		
7.196000e+002	6.275817e+003		
7.195500e+002	6.096917e+003		
7.195000e+002	6.102333e+003		
7.194500e+002	6.148550e+003		
7.194000e+002	6.101300e+003		
7.193500e+002	6.139150e+003		
7.193000e+002	6.204317e+003		
7.192500e+002	6.213867e+003		
7.192000e+002	6.148083e+003		
7.191500e+002	6.044500e+003		
7.191000e+002	6.075083e+003		
7.190500e+002	6.154250e+003		
7.190000e+002	6.081717e+003		
7.189500e+002	6.208217e+003		
7.189000e+002	6.167883e+003		
7.188500e+002	6.009367e+003		
7.188000e+002	6.063800e+003		
7.187500e+002	6.038917e+003		
7.187000e+002	6.096050e+003		
7.186500e+002	6.101767e+003		
7.186000e+002	6.064083e+003		
7.185500e+002	6.074033e+003		
7.185000e+002	6.074100e+003		
7.184500e+002	6.088000e+003		
7.184000e+002	6.082767e+003		
7.183500e+002	6.110083e+003		
7.183000e+002	6.069600e+003		
7.182500e+002	6.061667e+003		
7.182000e+002	5.873433e+003		
7.181500e+002	6.167350e+003		
7.181000e+002	6.033622e+003		
7.180500e+002	6.140183e+003		
7.180000e+002	6.073667e+003		
7.179500e+002	6.096583e+003		
7.179000e+002	6.131900e+003		
7.178500e+002	6.083733e+003		
7.178000e+002	6.132833e+003		
7.177500e+002	6.259400e+003		
7.177000e+002	6.279950e+003		
7.176500e+002	6.264283e+003		
7.176000e+002	6.191283e+003		
7.175500e+002	6.135000e+003		
7.175000e+002	6.187767e+003		
7.174500e+002	6.247383e+003		
7.174000e+002	6.227467e+003		
7.173500e+002	6.216000e+003		
7.173000e+002	6.178800e+003		
7.172500e+002	6.264567e+003		
7.172000e+002	6.169400e+003		
7.171500e+002	6.305567e+003		
7.171000e+002	6.305067e+003		
7.170500e+002	6.325783e+003		
7.170000e+002	6.371867e+003		
7.169500e+002	6.382717e+003		
7.169000e+002	6.234017e+003		
7.168500e+002	6.166200e+003		
7.168000e+002	6.348517e+003		
7.167500e+002	6.402383e+003		
7.167000e+002	6.385733e+003		
7.166500e+002	6.333667e+003		
7.166000e+002	6.389383e+003		
7.165500e+002	6.187233e+003		
7.165000e+002	6.186133e+003		
7.164500e+002	6.363467e+003		
7.164000e+002	6.480217e+003		
7.163500e+002	6.466300e+003		
7.163000e+002	6.445467e+003		
7.162500e+002	6.367683e+003		
7.162000e+002	6.418850e+003		
7.161500e+002	6.483450e+003		
7.161000e+002	6.415983e+003		
7.160500e+002	6.418300e+003		
7.160000e+002	6.536133e+003		
7.159500e+002	6.412800e+003		
7.159000e+002	6.656633e+003		
7.158500e+002	6.645050e+003		
7.158000e+002	6.478317e+003		
7.157500e+002	6.555683e+003		
7.157000e+002	6.567950e+003		
7.156500e+002	6.513967e+003		
7.156000e+002	6.598600e+003		
7.155500e+002	6.741517e+003		
7.155000e+002	6.704417e+003		
7.154500e+002	6.592967e+003		
7.154000e+002	6.758217e+003		
7.153500e+002	6.597583e+003		
7.153000e+002	6.659600e+003		
7.152500e+002	6.799733e+003		
7.152000e+002	6.862667e+003		
7.151500e+002	6.771567e+003		
7.151000e+002	6.793533e+003		
7.150500e+002	6.833967e+003		
7.150000e+002	6.842317e+003		
7.149500e+002	6.782533e+003		
7.149000e+002	6.742033e+003		
7.148500e+002	6.834483e+003		
7.148000e+002	6.798400e+003		
7.147500e+002	6.947233e+003		
7.147000e+002	6.984167e+003		
7.146500e+002	6.951083e+003		
7.146000e+002	6.827733e+003		
7.145500e+002	6.920750e+003		
7.145000e+002	7.133733e+003		
7.144500e+002	6.755683e+003		
7.144000e+002	7.027733e+003		
7.143500e+002	6.991283e+003		
7.143000e+002	7.051533e+003		
7.142500e+002	6.972250e+003		
7.142000e+002	6.980067e+003		
7.141500e+002	7.082350e+003		
7.141000e+002	7.055483e+003		
7.140500e+002	6.993767e+003		
7.140000e+002	6.971600e+003		
7.139500e+002	7.222950e+003		
7.139000e+002	7.279717e+003		
7.138500e+002	7.184600e+003		
7.138000e+002	7.159250e+003		
7.137500e+002	7.151867e+003		
7.137000e+002	7.156367e+003		
7.136500e+002	7.374217e+003		
7.136000e+002	7.447100e+003		
7.135500e+002	7.409550e+003		
7.135000e+002	7.374300e+003		
7.134500e+002	7.638567e+003		
7.134000e+002	7.553417e+003		
7.133500e+002	7.734200e+003		
7.133000e+002	7.628283e+003		
7.132500e+002	7.470150e+003		
7.132000e+002	7.572217e+003		
7.131500e+002	7.666383e+003		
7.131000e+002	7.721683e+003		
7.130500e+002	7.718067e+003		
7.130000e+002	7.624633e+003		
7.129500e+002	7.866217e+003		
7.129000e+002	7.982850e+003		
7.128500e+002	7.958200e+003		
7.128000e+002	8.194933e+003		
7.127500e+002	8.042483e+003		
7.127000e+002	8.078300e+003		
7.126500e+002	7.969133e+003		
7.126000e+002	7.810300e+003		
7.125500e+002	8.043000e+003		
7.125000e+002	8.160433e+003		
7.124500e+002	8.115500e+003		
7.124000e+002	8.242433e+003		
7.123500e+002	8.361417e+003		
7.123000e+002	8.392600e+003		
7.122500e+002	8.477767e+003		
7.122000e+002	8.420467e+003		
7.121500e+002	8.639333e+003		
7.121000e+002	8.605367e+003		
7.120500e+002	8.439317e+003		
7.120000e+002	8.781583e+003		
7.119500e+002	8.826167e+003		
7.119000e+002	8.621000e+003		
7.118500e+002	8.740200e+003		
7.118000e+002	9.038383e+003		
7.117500e+002	9.100033e+003		
7.117000e+002	9.154700e+003		
7.116500e+002	9.032883e+003		
7.116000e+002	9.085417e+003		
7.115500e+002	9.028750e+003		
7.115000e+002	9.151833e+003		
7.114500e+002	9.231067e+003		
7.114000e+002	9.161500e+003		
7.113500e+002	9.131317e+003		
7.113000e+002	9.271250e+003		
7.112500e+002	9.341017e+003		
7.112000e+002	9.408433e+003		
7.111500e+002	9.450717e+003		
7.111000e+002	9.493917e+003		
7.110500e+002	9.437150e+003		
7.110000e+002	9.457217e+003		
7.109500e+002	9.452700e+003		
7.109000e+002	9.508767e+003		
7.108500e+002	9.474000e+003		
7.108000e+002	9.446750e+003		
7.107500e+002	9.361983e+003		
7.107000e+002	9.382117e+003		
7.106500e+002	9.447750e+003		
7.106000e+002	9.590517e+003		
7.105500e+002	9.507300e+003		
7.105000e+002	9.487867e+003		
7.104500e+002	9.389600e+003		
7.104000e+002	9.361233e+003		
7.103500e+002	9.395383e+003		
7.103000e+002	9.482117e+003		
7.102500e+002	9.651550e+003		
7.102000e+002	9.510100e+003		
7.101500e+002	9.539967e+003		
7.101000e+002	9.285833e+003		
7.100500e+002	9.325550e+003		
7.100000e+002	9.386883e+003		
7.099500e+002	9.070733e+003		
7.099000e+002	8.966783e+003		
7.098500e+002	9.061483e+003		
7.098000e+002	8.922050e+003		
7.097500e+002	8.888200e+003		
7.097000e+002	8.874750e+003		
7.096500e+002	8.826300e+003		
7.096000e+002	8.800717e+003		
7.095500e+002	8.818000e+003		
7.095000e+002	8.689117e+003		
7.094500e+002	8.716200e+003		
7.094000e+002	8.724183e+003		
7.093500e+002	8.555733e+003		
7.093000e+002	8.300550e+003		
7.092500e+002	8.424900e+003		
7.092000e+002	8.137267e+003		
7.091500e+002	8.064050e+003		
7.091000e+002	8.024917e+003		
7.090500e+002	8.008167e+003		
7.090000e+002	7.756683e+003		
7.089500e+002	7.771050e+003		
7.089000e+002	7.683000e+003		
7.088500e+002	7.570550e+003		
7.088000e+002	7.551000e+003		
7.087500e+002	7.591483e+003		
7.087000e+002	7.403850e+003		
7.086500e+002	7.425800e+003		
7.086000e+002	7.299550e+003		
7.085500e+002	7.354050e+003		
7.085000e+002	7.131767e+003		
7.084500e+002	6.915983e+003		
7.084000e+002	6.784033e+003		
7.083500e+002	6.754967e+003		
7.083000e+002	6.805517e+003		
7.082500e+002	6.532783e+003		
7.082000e+002	6.422283e+003		
7.081500e+002	6.413933e+003		
7.081000e+002	6.258717e+003		
7.080500e+002	6.278617e+003		
7.080000e+002	6.165817e+003		
7.079500e+002	5.964550e+003		
7.079000e+002	5.992733e+003		
7.078500e+002	5.779150e+003		
7.078000e+002	5.672267e+003		
7.077500e+002	5.520450e+003		
7.077000e+002	5.505767e+003		
7.076500e+002	5.361967e+003		
7.076000e+002	5.285367e+003		
7.075500e+002	5.037317e+003		
7.075000e+002	5.057417e+003		
7.074500e+002	4.790800e+003		
7.074000e+002	4.700833e+003		
7.073500e+002	4.521017e+003		
7.073000e+002	4.539317e+003		
7.072500e+002	4.430867e+003		
7.072000e+002	4.228767e+003		
7.071500e+002	4.188167e+003		
7.071000e+002	4.073250e+003		
7.070500e+002	3.912817e+003		
7.070000e+002	3.821383e+003		
7.069500e+002	3.806400e+003		
7.069000e+002	3.734833e+003		
7.068500e+002	3.668267e+003		
7.068000e+002	3.550000e+003		
7.067500e+002	3.382817e+003		
7.067000e+002	3.336883e+003		
7.066500e+002	3.184217e+003		
7.066000e+002	3.153633e+003		
7.065500e+002	3.102983e+003		
7.065000e+002	3.042217e+003		
7.064500e+002	2.987317e+003		
7.064000e+002	2.930017e+003		
7.063500e+002	2.826917e+003		
7.063000e+002	2.689333e+003		
7.062500e+002	2.725183e+003		
7.062000e+002	2.652233e+003		
7.061500e+002	2.543900e+003		
7.061000e+002	2.481000e+003		
7.060500e+002	2.433067e+003		
7.060000e+002	2.446083e+003		
7.059500e+002	2.370650e+003		
7.059000e+002	2.356633e+003		
7.058500e+002	2.280633e+003		
7.058000e+002	2.225517e+003		
7.057500e+002	2.161550e+003		
7.057000e+002	2.158283e+003		
7.056500e+002	2.211867e+003		
7.056000e+002	2.116817e+003		
7.055500e+002	2.053383e+003		
7.055000e+002	2.055933e+003		
7.054500e+002	2.007283e+003		
7.054000e+002	1.976150e+003		
7.053500e+002	1.939350e+003		
7.053000e+002	1.939817e+003		
7.052500e+002	1.906050e+003		
7.052000e+002	1.795767e+003		
7.051500e+002	1.804767e+003		
7.051000e+002	1.814133e+003		
7.050500e+002	1.746100e+003		
7.050000e+002	1.783083e+003		
7.049500e+002	1.690167e+003		
7.049000e+002	1.680567e+003		
7.048500e+002	1.667217e+003		
7.048000e+002	1.589632e+003		
7.047500e+002	1.615417e+003		
7.047000e+002	1.572210e+003		
7.046500e+002	1.577580e+003		
7.046000e+002	1.535652e+003		
7.045500e+002	1.543262e+003		
7.045000e+002	1.489707e+003		
7.044500e+002	1.497128e+003		
7.044000e+002	1.513692e+003		
7.043500e+002	1.522520e+003		
7.043000e+002	1.500867e+003		
7.042500e+002	1.441862e+003		
7.042000e+002	1.442237e+003		
7.041500e+002	1.360998e+003		
7.041000e+002	1.420942e+003		
7.040500e+002	1.446627e+003		
7.040000e+002	1.364780e+003		
7.039500e+002	1.422472e+003		
7.039000e+002	1.441080e+003		
7.038500e+002	1.377915e+003		
7.038000e+002	1.321733e+003		
7.037500e+002	1.396707e+003		
7.037000e+002	1.329800e+003		
7.036500e+002	1.459678e+003		
7.036000e+002	1.461167e+003		
7.035500e+002	1.309005e+003		
7.035000e+002	1.432375e+003		
7.034500e+002	1.484887e+003		
7.034000e+002	1.436262e+003		
7.033500e+002	1.371502e+003		
7.033000e+002	1.366317e+003		
7.032500e+002	1.374623e+003		
7.032000e+002	1.416623e+003		
7.031500e+002	1.396817e+003		
7.031000e+002	1.403957e+003		
7.030500e+002	1.388495e+003		
7.030000e+002	1.408075e+003		
7.029500e+002	1.367982e+003		
7.029000e+002	1.312565e+003		
7.028500e+002	1.438937e+003		
7.028000e+002	1.334503e+003		
7.027500e+002	1.309513e+003		
7.027000e+002	1.331567e+003		
7.026500e+002	1.410255e+003		
7.026000e+002	1.334957e+003		
7.025500e+002	1.317473e+003		
7.025000e+002	1.330090e+003		
7.024500e+002	1.328067e+003		
7.024000e+002	1.275520e+003		
7.023500e+002	1.377868e+003		
7.023000e+002	1.323307e+003		
7.022500e+002	1.364785e+003		
7.022000e+002	1.272028e+003		
7.021500e+002	1.296607e+003		
7.021000e+002	1.337860e+003		
7.020500e+002	1.341602e+003		
7.020000e+002	1.332943e+003		
7.019500e+002	1.386165e+003		
7.019000e+002	1.394012e+003		
7.018500e+002	1.356597e+003		
7.018000e+002	1.338553e+003		
7.017500e+002	1.286688e+003		
7.017000e+002	1.324507e+003		
7.016500e+002	1.338472e+003		
7.016000e+002	1.324255e+003		
7.015500e+002	1.333428e+003		
7.015000e+002	1.318840e+003		
7.014500e+002	1.254617e+003		
7.014000e+002	1.329202e+003		
7.013500e+002	1.312612e+003		
7.013000e+002	1.237653e+003		
7.012500e+002	1.338522e+003		
7.012000e+002	1.282375e+003		
7.011500e+002	1.271518e+003		
7.011000e+002	1.289697e+003		
7.010500e+002	1.322500e+003		
7.010000e+002	1.347397e+003		
7.009500e+002	1.318218e+003		
7.009000e+002	1.288935e+003		
7.008500e+002	1.258987e+003		
7.008000e+002	1.342863e+003		
7.007500e+002	1.328253e+003		
7.007000e+002	1.346012e+003		
7.006500e+002	1.321635e+003		
7.006000e+002	1.326242e+003		
7.005500e+002	1.368528e+003		
7.005000e+002	1.332825e+003		
7.004500e+002	1.315078e+003		
7.004000e+002	1.311407e+003		
7.003500e+002	1.296870e+003		
7.003000e+002	1.364117e+003		
7.002500e+002	1.308242e+003		
7.002000e+002	1.299615e+003		
7.001500e+002	1.275970e+003		
7.001000e+002	1.285622e+003		
7.000500e+002	1.306915e+003		
7.000000e+002	1.290612e+003		
6.999500e+002	1.346548e+003		
6.999000e+002	1.367897e+003		
6.998500e+002	1.357937e+003		
6.998000e+002	1.338550e+003		
6.997500e+002	1.285430e+003		
6.997000e+002	1.342468e+003		
6.996500e+002	1.330458e+003		
6.996000e+002	1.371238e+003		
6.995500e+002	1.274527e+003		
6.995000e+002	1.288432e+003		
6.994500e+002	1.333450e+003		
6.994000e+002	1.345257e+003		
6.993500e+002	1.293022e+003		
6.993000e+002	1.309547e+003		
6.992500e+002	1.367857e+003		
6.992000e+002	1.325368e+003		
6.991500e+002	1.373180e+003		
6.991000e+002	1.289765e+003		
6.990500e+002	1.344492e+003		
6.990000e+002	1.291653e+003		
6.989500e+002	1.291623e+003		
6.989000e+002	1.329725e+003		
6.988500e+002	1.297390e+003		
6.988000e+002	1.261673e+003		
6.987500e+002	1.280122e+003		
6.987000e+002	1.248135e+003		
6.986500e+002	1.300637e+003		
6.986000e+002	1.288683e+003		
6.985500e+002	1.379175e+003		
6.985000e+002	1.290767e+003		
6.984500e+002	1.306633e+003		
6.984000e+002	1.367295e+003		
6.983500e+002	1.369498e+003		
6.983000e+002	1.339438e+003		
6.982500e+002	1.289468e+003		
6.982000e+002	1.304955e+003		
6.981500e+002	1.295367e+003		
6.981000e+002	1.406710e+003		
6.980500e+002	1.303313e+003		
6.980000e+002	1.369862e+003		
6.979500e+002	1.333523e+003		
6.979000e+002	1.322443e+003		
6.978500e+002	1.323240e+003		
6.978000e+002	1.231232e+003		
6.977500e+002	1.304270e+003		
6.977000e+002	1.327958e+003		
6.976500e+002	1.348853e+003		
6.976000e+002	1.312452e+003		
6.975500e+002	1.260652e+003		
6.975000e+002	1.243327e+003		
6.974500e+002	1.279777e+003		
6.974000e+002	1.387183e+003		
6.973500e+002	1.340845e+003		
6.973000e+002	1.283928e+003		
6.972500e+002	1.289353e+003		
6.972000e+002	1.287040e+003		
6.971500e+002	1.315948e+003		
6.971000e+002	1.300057e+003		
6.970500e+002	1.273733e+003		
6.970000e+002	1.238003e+003		
6.969500e+002	1.284542e+003		
6.969000e+002	1.271978e+003		
6.968500e+002	1.323205e+003		
6.968000e+002	1.286310e+003		
6.967500e+002	1.329185e+003		
6.967000e+002	1.328937e+003		
6.966500e+002	1.356842e+003		
6.966000e+002	1.303060e+003		
6.965500e+002	1.281085e+003		
6.965000e+002	1.298933e+003		
6.964500e+002	1.244790e+003		
6.964000e+002	1.290110e+003		
6.963500e+002	1.325588e+003		
6.963000e+002	1.323595e+003		
6.962500e+002	1.227523e+003		
6.962000e+002	1.276130e+003		
6.961500e+002	1.307323e+003		
6.961000e+002	1.313528e+003		
6.960500e+002	1.283095e+003		
6.960000e+002	1.369513e+003		
6.959500e+002	1.251215e+003		
6.959000e+002	1.287712e+003		
6.958500e+002	1.251707e+003		
6.958000e+002	1.353923e+003		
6.957500e+002	1.387297e+003		
6.957000e+002	1.265793e+003		
6.956500e+002	1.209445e+003		
6.956000e+002	1.297217e+003		
6.955500e+002	1.288698e+003		
6.955000e+002	1.260823e+003		
6.954500e+002	1.299417e+003		
6.954000e+002	1.269198e+003		
6.953500e+002	1.308812e+003		
6.953000e+002	1.325763e+003		
6.952500e+002	1.318877e+003		
6.952000e+002	1.342173e+003		
6.951500e+002	1.273415e+003		
6.951000e+002	1.239330e+003		
6.950500e+002	1.322207e+003		
6.950000e+002	1.341953e+003		
6.949500e+002	1.327978e+003		
6.949000e+002	1.260258e+003		
6.948500e+002	1.297680e+003		
6.948000e+002	1.273942e+003		
6.947500e+002	1.325992e+003		
6.947000e+002	1.331345e+003		
6.946500e+002	1.307662e+003		
6.946000e+002	1.311733e+003		
6.945500e+002	1.356623e+003		
6.945000e+002	1.263258e+003		
6.944500e+002	1.280163e+003		
6.944000e+002	1.255545e+003		
6.943500e+002	1.265193e+003		
6.943000e+002	1.318767e+003		
6.942500e+002	1.326508e+003		
6.942000e+002	1.363583e+003		
6.941500e+002	1.349378e+003		
6.941000e+002	1.321452e+003		
6.940500e+002	1.331358e+003		
6.940000e+002	1.292388e+003		