Co2pFe2p Fe metal
8.400000e+02 2.198103e+04
8.399500e+02 2.198103e+04
8.399000e+02 2.205187e+04
8.398500e+02 2.205187e+04
8.398000e+02 2.213937e+04
8.397500e+02 2.213937e+04
8.397000e+02 2.213117e+04
8.396500e+02 2.213117e+04
8.396000e+02 2.224053e+04
8.395500e+02 2.224053e+04
8.395000e+02 2.226743e+04
8.394500e+02 2.226743e+04
8.394000e+02 2.235747e+04
8.393500e+02 2.235747e+04
8.393000e+02 2.235503e+04
8.392500e+02 2.235503e+04
8.392000e+02 2.240200e+04
8.391500e+02 2.240200e+04
8.391000e+02 2.242397e+04
8.390500e+02 2.242397e+04
8.390000e+02 2.238833e+04
8.389500e+02 2.238833e+04
8.389000e+02 2.239460e+04
8.388500e+02 2.239460e+04
8.388000e+02 2.231930e+04
8.387500e+02 2.231930e+04
8.387000e+02 2.221323e+04
8.386500e+02 2.221323e+04
8.386000e+02 2.225397e+04
8.385500e+02 2.225397e+04
8.385000e+02 2.215937e+04
8.384500e+02 2.215937e+04
8.384000e+02 2.212767e+04
8.383500e+02 2.212767e+04
8.383000e+02 2.190617e+04
8.382500e+02 2.190617e+04
8.382000e+02 2.179953e+04
8.381500e+02 2.179953e+04
8.381000e+02 2.167473e+04
8.380500e+02 2.167473e+04
8.380000e+02 2.162680e+04
8.379500e+02 2.162680e+04
8.379000e+02 2.140617e+04
8.378500e+02 2.140617e+04
8.378000e+02 2.124857e+04
8.377500e+02 2.124857e+04
8.377000e+02 2.109030e+04
8.376500e+02 2.109030e+04
8.376000e+02 2.101267e+04
8.375500e+02 2.101267e+04
8.375000e+02 2.087793e+04
8.374500e+02 2.087793e+04
8.374000e+02 2.071727e+04
8.373500e+02 2.071727e+04
8.373000e+02 2.063720e+04
8.372500e+02 2.063720e+04
8.372000e+02 2.058993e+04
8.371500e+02 2.058993e+04
8.371000e+02 2.050987e+04
8.370500e+02 2.050987e+04
8.370000e+02 2.050013e+04
8.369500e+02 2.050013e+04
8.369000e+02 2.049137e+04
8.368500e+02 2.049137e+04
8.368000e+02 2.053760e+04
8.367500e+02 2.053760e+04
8.367000e+02 2.042063e+04
8.366500e+02 2.042063e+04
8.366000e+02 2.037933e+04
8.365500e+02 2.037933e+04
8.365000e+02 2.022977e+04
8.364500e+02 2.022977e+04
8.364000e+02 2.027457e+04
8.363500e+02 2.027457e+04
8.363000e+02 2.028920e+04
8.362500e+02 2.028920e+04
8.362000e+02 2.022763e+04
8.361500e+02 2.022763e+04
8.361000e+02 2.028137e+04
8.360500e+02 2.028137e+04
8.360000e+02 2.023357e+04
8.359500e+02 2.023357e+04
8.359000e+02 2.028513e+04
8.358500e+02 2.028513e+04
8.358000e+02 2.020407e+04
8.357500e+02 2.020407e+04
8.357000e+02 2.028083e+04
8.356500e+02 2.028083e+04
8.356000e+02 2.041033e+04
8.355500e+02 2.041033e+04
8.355000e+02 2.040627e+04
8.354500e+02 2.040627e+04
8.354000e+02 2.032503e+04
8.353500e+02 2.032503e+04
8.353000e+02 2.048640e+04
8.352500e+02 2.048640e+04
8.352000e+02 2.048570e+04
8.351500e+02 2.048570e+04
8.351000e+02 2.041590e+04
8.350500e+02 2.041590e+04
8.350000e+02 2.033253e+04
8.349500e+02 2.033253e+04
8.349000e+02 2.044053e+04
8.348500e+02 2.044053e+04
8.348000e+02 2.046030e+04
8.347500e+02 2.046030e+04
8.347000e+02 2.036747e+04
8.346500e+02 2.036747e+04
8.346000e+02 2.042367e+04
8.345500e+02 2.042367e+04
8.345000e+02 2.042913e+04
8.344500e+02 2.042913e+04
8.344000e+02 2.032730e+04
8.343500e+02 2.032730e+04
8.343000e+02 2.030233e+04
8.342500e+02 2.030233e+04
8.342000e+02 2.021933e+04
8.341500e+02 2.021933e+04
8.341000e+02 2.004793e+04
8.340500e+02 2.004793e+04
8.340000e+02 2.003567e+04
8.339500e+02 2.003567e+04
8.339000e+02 2.006247e+04
8.338500e+02 2.006247e+04
8.338000e+02 2.004167e+04
8.337500e+02 2.004167e+04
8.337000e+02 1.979393e+04
8.336500e+02 1.979393e+04
8.336000e+02 1.966683e+04
8.335500e+02 1.966683e+04
8.335000e+02 1.964957e+04
8.334500e+02 1.964957e+04
8.334000e+02 1.935427e+04
8.333500e+02 1.935427e+04
8.333000e+02 1.907887e+04
8.332500e+02 1.907887e+04
8.332000e+02 1.904420e+04
8.331500e+02 1.904420e+04
8.331000e+02 1.881560e+04
8.330500e+02 1.881560e+04
8.330000e+02 1.856567e+04
8.329500e+02 1.856567e+04
8.329000e+02 1.831377e+04
8.328500e+02 1.831377e+04
8.328000e+02 1.802073e+04
8.327500e+02 1.802073e+04
8.327000e+02 1.774447e+04
8.326500e+02 1.774447e+04
8.326000e+02 1.734203e+04
8.325500e+02 1.734203e+04
8.325000e+02 1.716177e+04
8.324500e+02 1.716177e+04
8.324000e+02 1.682677e+04
8.323500e+02 1.682677e+04
8.323000e+02 1.651447e+04
8.322500e+02 1.651447e+04
8.322000e+02 1.615903e+04
8.321500e+02 1.615903e+04
8.321000e+02 1.595367e+04
8.320500e+02 1.595367e+04
8.320000e+02 1.561767e+04
8.319500e+02 1.561767e+04
8.319000e+02 1.523673e+04
8.318500e+02 1.523673e+04
8.318000e+02 1.508780e+04
8.317500e+02 1.508780e+04
8.317000e+02 1.496650e+04
8.316500e+02 1.496650e+04
8.316000e+02 1.484010e+04
8.315500e+02 1.484010e+04
8.315000e+02 1.463320e+04
8.314500e+02 1.463320e+04
8.314000e+02 1.446370e+04
8.313500e+02 1.446370e+04
8.313000e+02 1.437960e+04
8.312500e+02 1.437960e+04
8.312000e+02 1.426363e+04
8.311500e+02 1.426363e+04
8.311000e+02 1.417530e+04
8.310500e+02 1.417530e+04
8.310000e+02 1.404920e+04
8.309500e+02 1.404920e+04
8.309000e+02 1.405187e+04
8.308500e+02 1.405187e+04
8.308000e+02 1.398293e+04
8.307500e+02 1.398293e+04
8.307000e+02 1.387950e+04
8.306500e+02 1.387950e+04
8.306000e+02 1.376577e+04
8.305500e+02 1.376577e+04
8.305000e+02 1.380320e+04
8.304500e+02 1.380320e+04
8.304000e+02 1.379130e+04
8.303500e+02 1.379130e+04
8.303000e+02 1.376907e+04
8.302500e+02 1.376907e+04
8.302000e+02 1.370110e+04
8.301500e+02 1.370110e+04
8.301000e+02 1.377393e+04
8.300500e+02 1.377393e+04
8.300000e+02 1.365570e+04
8.299500e+02 1.365570e+04
8.299000e+02 1.376670e+04
8.298500e+02 1.376670e+04
8.298000e+02 1.377513e+04
8.297500e+02 1.377513e+04
8.297000e+02 1.364007e+04
8.296500e+02 1.364007e+04
8.296000e+02 1.364317e+04
8.295500e+02 1.364317e+04
8.295000e+02 1.358947e+04
8.294500e+02 1.358947e+04
8.294000e+02 1.354947e+04
8.293500e+02 1.354947e+04
8.293000e+02 1.364970e+04
8.292500e+02 1.364970e+04
8.292000e+02 1.360623e+04
8.291500e+02 1.360623e+04
8.291000e+02 1.351023e+04
8.290500e+02 1.351023e+04
8.290000e+02 1.354813e+04
8.289500e+02 1.354813e+04
8.289000e+02 1.342673e+04
8.288500e+02 1.342673e+04
8.288000e+02 1.355060e+04
8.287500e+02 1.355060e+04
8.287000e+02 1.345957e+04
8.286500e+02 1.345957e+04
8.286000e+02 1.354527e+04
8.285500e+02 1.354527e+04
8.285000e+02 1.352720e+04
8.284500e+02 1.352720e+04
8.284000e+02 1.343220e+04
8.283500e+02 1.343220e+04
8.283000e+02 1.344380e+04
8.282500e+02 1.344380e+04
8.282000e+02 1.340783e+04
8.281500e+02 1.340783e+04
8.281000e+02 1.334357e+04
8.280500e+02 1.334357e+04
8.280000e+02 1.333900e+04
8.279500e+02 1.333900e+04
8.279000e+02 1.339473e+04
8.278500e+02 1.339473e+04
8.278000e+02 1.339337e+04
8.277500e+02 1.339337e+04
8.277000e+02 1.339173e+04
8.276500e+02 1.339173e+04
8.276000e+02 1.336460e+04
8.275500e+02 1.336460e+04
8.275000e+02 1.331167e+04
8.274500e+02 1.331167e+04
8.274000e+02 1.327663e+04
8.273500e+02 1.327663e+04
8.273000e+02 1.334927e+04
8.272500e+02 1.334927e+04
8.272000e+02 1.339193e+04
8.271500e+02 1.339193e+04
8.271000e+02 1.331980e+04
8.270500e+02 1.331980e+04
8.270000e+02 1.332803e+04
8.269500e+02 1.332803e+04
8.269000e+02 1.339103e+04
8.268500e+02 1.339103e+04
8.268000e+02 1.331900e+04
8.267500e+02 1.331900e+04
8.267000e+02 1.339430e+04
8.266500e+02 1.339430e+04
8.266000e+02 1.323977e+04
8.265500e+02 1.323977e+04
8.265000e+02 1.329200e+04
8.264500e+02 1.329200e+04
8.264000e+02 1.325040e+04
8.263500e+02 1.325040e+04
8.263000e+02 1.330373e+04
8.262500e+02 1.330373e+04
8.262000e+02 1.332947e+04
8.261500e+02 1.332947e+04
8.261000e+02 1.320580e+04
8.260500e+02 1.320580e+04
8.260000e+02 1.326123e+04
8.259500e+02 1.326123e+04
8.259000e+02 1.326843e+04
8.258500e+02 1.326843e+04
8.258000e+02 1.325193e+04
8.257500e+02 1.325193e+04
8.257000e+02 1.331497e+04
8.256500e+02 1.331497e+04
8.256000e+02 1.320990e+04
8.255500e+02 1.320990e+04
8.255000e+02 1.315340e+04
8.254500e+02 1.315340e+04
8.254000e+02 1.315200e+04
8.253500e+02 1.315200e+04
8.253000e+02 1.324460e+04
8.252500e+02 1.324460e+04
8.252000e+02 1.321177e+04
8.251500e+02 1.321177e+04
8.251000e+02 1.316067e+04
8.250500e+02 1.316067e+04
8.250000e+02 1.317643e+04
8.249500e+02 1.317643e+04
8.249000e+02 1.315477e+04
8.248500e+02 1.315477e+04
8.248000e+02 1.309157e+04
8.247500e+02 1.309157e+04
8.247000e+02 1.313390e+04
8.246500e+02 1.313390e+04
8.246000e+02 1.305190e+04
8.245500e+02 1.305190e+04
8.245000e+02 1.306373e+04
8.244500e+02 1.306373e+04
8.244000e+02 1.307943e+04
8.243500e+02 1.307943e+04
8.243000e+02 1.302030e+04
8.242500e+02 1.302030e+04
8.242000e+02 1.312320e+04
8.241500e+02 1.312320e+04
8.241000e+02 1.312067e+04
8.240500e+02 1.312067e+04
8.240000e+02 1.307643e+04
8.239500e+02 1.307643e+04
8.239000e+02 1.303097e+04
8.238500e+02 1.303097e+04
8.238000e+02 1.296873e+04
8.237500e+02 1.296873e+04
8.237000e+02 1.297570e+04
8.236500e+02 1.297570e+04
8.236000e+02 1.306300e+04
8.235500e+02 1.306300e+04
8.235000e+02 1.297123e+04
8.234500e+02 1.297123e+04
8.234000e+02 1.306170e+04
8.233500e+02 1.306170e+04
8.233000e+02 1.304597e+04
8.232500e+02 1.304597e+04
8.232000e+02 1.300897e+04
8.231500e+02 1.300897e+04
8.231000e+02 1.295167e+04
8.230500e+02 1.295167e+04
8.230000e+02 1.289380e+04
8.229500e+02 1.289380e+04
8.229000e+02 1.295203e+04
8.228500e+02 1.295203e+04
8.228000e+02 1.299527e+04
8.227500e+02 1.299527e+04
8.227000e+02 1.295317e+04
8.226500e+02 1.295317e+04
8.226000e+02 1.295807e+04
8.225500e+02 1.295807e+04
8.225000e+02 1.296603e+04
8.224500e+02 1.296603e+04
8.224000e+02 1.292103e+04
8.223500e+02 1.292103e+04
8.223000e+02 1.298417e+04
8.222500e+02 1.298417e+04
8.222000e+02 1.288890e+04
8.221500e+02 1.288890e+04
8.221000e+02 1.288053e+04
8.220500e+02 1.288053e+04
8.220000e+02 1.297207e+04
8.219500e+02 1.297207e+04
8.219000e+02 1.290563e+04
8.218500e+02 1.290563e+04
8.218000e+02 1.283480e+04
8.217500e+02 1.283480e+04
8.217000e+02 1.282313e+04
8.216500e+02 1.282313e+04
8.216000e+02 1.279667e+04
8.215500e+02 1.279667e+04
8.215000e+02 1.290083e+04
8.214500e+02 1.290083e+04
8.214000e+02 1.284850e+04
8.213500e+02 1.284850e+04
8.213000e+02 1.287623e+04
8.212500e+02 1.287623e+04
8.212000e+02 1.279580e+04
8.211500e+02 1.279580e+04
8.211000e+02 1.284810e+04
8.210500e+02 1.284810e+04
8.210000e+02 1.276090e+04
8.209500e+02 1.276090e+04
8.209000e+02 1.273320e+04
8.208500e+02 1.273320e+04
8.208000e+02 1.283057e+04
8.207500e+02 1.283057e+04
8.207000e+02 1.283160e+04
8.206500e+02 1.283160e+04
8.206000e+02 1.265870e+04
8.205500e+02 1.265870e+04
8.205000e+02 1.261297e+04
8.204500e+02 1.261297e+04
8.204000e+02 1.268603e+04
8.203500e+02 1.268603e+04
8.203000e+02 1.269203e+04
8.202500e+02 1.269203e+04
8.202000e+02 1.271943e+04
8.201500e+02 1.271943e+04
8.201000e+02 1.260513e+04
8.200500e+02 1.260513e+04
8.200000e+02 1.264493e+04
8.199500e+02 1.264493e+04
8.199000e+02 1.276290e+04
8.198500e+02 1.276290e+04
8.198000e+02 1.270040e+04
8.197500e+02 1.270040e+04
8.197000e+02 1.257933e+04
8.196500e+02 1.257933e+04
8.196000e+02 1.262447e+04
8.195500e+02 1.262447e+04
8.195000e+02 1.264523e+04
8.194500e+02 1.264523e+04
8.194000e+02 1.263500e+04
8.193500e+02 1.263500e+04
8.193000e+02 1.260733e+04
8.192500e+02 1.260733e+04
8.192000e+02 1.257227e+04
8.191500e+02 1.257227e+04
8.191000e+02 1.253020e+04
8.190500e+02 1.253020e+04
8.190000e+02 1.257110e+04
8.189500e+02 1.257110e+04
8.189000e+02 1.260093e+04
8.188500e+02 1.260093e+04
8.188000e+02 1.260340e+04
8.187500e+02 1.260340e+04
8.187000e+02 1.266710e+04
8.186500e+02 1.266710e+04
8.186000e+02 1.261803e+04
8.185500e+02 1.261803e+04
8.185000e+02 1.261790e+04
8.184500e+02 1.261790e+04
8.184000e+02 1.258690e+04
8.183500e+02 1.258690e+04
8.183000e+02 1.258397e+04
8.182500e+02 1.258397e+04
8.182000e+02 1.258140e+04
8.181500e+02 1.258140e+04
8.181000e+02 1.263860e+04
8.180500e+02 1.263860e+04
8.180000e+02 1.265713e+04
8.179500e+02 1.265713e+04
8.179000e+02 1.258363e+04
8.178500e+02 1.258363e+04
8.178000e+02 1.258947e+04
8.177500e+02 1.258947e+04
8.177000e+02 1.259277e+04
8.176500e+02 1.259277e+04
8.176000e+02 1.260360e+04
8.175500e+02 1.260360e+04
8.175000e+02 1.261027e+04
8.174500e+02 1.261027e+04
8.174000e+02 1.264453e+04
8.173500e+02 1.264453e+04
8.173000e+02 1.265623e+04
8.172500e+02 1.265623e+04
8.172000e+02 1.268230e+04
8.171500e+02 1.268230e+04
8.171000e+02 1.259420e+04
8.170500e+02 1.259420e+04
8.170000e+02 1.257917e+04
8.169500e+02 1.257917e+04
8.169000e+02 1.254320e+04
8.168500e+02 1.254320e+04
8.168000e+02 1.252970e+04
8.167500e+02 1.252970e+04
8.167000e+02 1.263393e+04
8.166500e+02 1.263393e+04
8.166000e+02 1.263763e+04
8.165500e+02 1.263763e+04
8.165000e+02 1.265687e+04
8.164500e+02 1.265687e+04
8.164000e+02 1.269100e+04
8.163500e+02 1.269100e+04
8.163000e+02 1.269287e+04
8.162500e+02 1.269287e+04
8.162000e+02 1.260117e+04
8.161500e+02 1.260117e+04
8.161000e+02 1.265457e+04
8.160500e+02 1.265457e+04
8.160000e+02 1.257263e+04
8.159500e+02 1.257263e+04
8.159000e+02 1.256333e+04
8.158500e+02 1.256333e+04
8.158000e+02 1.268980e+04
8.157500e+02 1.268980e+04
8.157000e+02 1.264550e+04
8.156500e+02 1.264550e+04
8.156000e+02 1.266737e+04
8.155500e+02 1.266737e+04
8.155000e+02 1.268797e+04
8.154500e+02 1.268797e+04
8.154000e+02 1.274657e+04
8.153500e+02 1.274657e+04
8.153000e+02 1.270500e+04
8.152500e+02 1.270500e+04
8.152000e+02 1.259337e+04
8.151500e+02 1.259337e+04
8.151000e+02 1.269103e+04
8.150500e+02 1.269103e+04
8.150000e+02 1.269437e+04
8.149500e+02 1.269437e+04
8.149000e+02 1.263730e+04
8.148500e+02 1.263730e+04
8.148000e+02 1.273397e+04
8.147500e+02 1.273397e+04
8.147000e+02 1.275013e+04
8.146500e+02 1.275013e+04
8.146000e+02 1.271127e+04
8.145500e+02 1.271127e+04
8.145000e+02 1.275017e+04
8.144500e+02 1.275017e+04
8.144000e+02 1.273653e+04
8.143500e+02 1.273653e+04
8.143000e+02 1.272820e+04
8.142500e+02 1.272820e+04
8.142000e+02 1.274187e+04
8.141500e+02 1.274187e+04
8.141000e+02 1.269200e+04
8.140500e+02 1.269200e+04
8.140000e+02 1.273097e+04
8.139500e+02 1.273097e+04
8.139000e+02 1.276493e+04
8.138500e+02 1.276493e+04
8.138000e+02 1.278147e+04
8.137500e+02 1.278147e+04
8.137000e+02 1.285200e+04
8.136500e+02 1.285200e+04
8.136000e+02 1.283960e+04
8.135500e+02 1.283960e+04
8.135000e+02 1.273993e+04
8.134500e+02 1.273993e+04
8.134000e+02 1.275380e+04
8.133500e+02 1.275380e+04
8.133000e+02 1.281913e+04
8.132500e+02 1.281913e+04
8.132000e+02 1.284503e+04
8.131500e+02 1.284503e+04
8.131000e+02 1.284840e+04
8.130500e+02 1.284840e+04
8.130000e+02 1.279143e+04
8.129500e+02 1.279143e+04
8.129000e+02 1.283310e+04
8.128500e+02 1.283310e+04
8.128000e+02 1.284177e+04
8.127500e+02 1.284177e+04
8.127000e+02 1.279997e+04
8.126500e+02 1.279997e+04
8.126000e+02 1.279960e+04
8.125500e+02 1.279960e+04
8.125000e+02 1.285327e+04
8.124500e+02 1.285327e+04
8.124000e+02 1.291427e+04
8.123500e+02 1.291427e+04
8.123000e+02 1.289020e+04
8.122500e+02 1.289020e+04
8.122000e+02 1.293633e+04
8.121500e+02 1.293633e+04
8.121000e+02 1.291930e+04
8.120500e+02 1.291930e+04
8.120000e+02 1.283893e+04
8.119500e+02 1.283893e+04
8.119000e+02 1.291967e+04
8.118500e+02 1.291967e+04
8.118000e+02 1.288350e+04
8.117500e+02 1.288350e+04
8.117000e+02 1.300463e+04
8.116500e+02 1.300463e+04
8.116000e+02 1.293647e+04
8.115500e+02 1.293647e+04
8.115000e+02 1.288600e+04
8.114500e+02 1.288600e+04
8.114000e+02 1.289757e+04
8.113500e+02 1.289757e+04
8.113000e+02 1.287857e+04
8.112500e+02 1.287857e+04
8.112000e+02 1.288943e+04
8.111500e+02 1.288943e+04
8.111000e+02 1.292110e+04
8.110500e+02 1.292110e+04
8.110000e+02 1.288920e+04
8.109500e+02 1.288920e+04
8.109000e+02 1.299700e+04
8.108500e+02 1.299700e+04
8.108000e+02 1.302450e+04
8.107500e+02 1.302450e+04
8.107000e+02 1.306270e+04
8.106500e+02 1.306270e+04
8.106000e+02 1.302410e+04
8.105500e+02 1.302410e+04
8.105000e+02 1.297187e+04
8.104500e+02 1.297187e+04
8.104000e+02 1.289680e+04
8.103500e+02 1.289680e+04
8.103000e+02 1.295047e+04
8.102500e+02 1.295047e+04
8.102000e+02 1.298730e+04
8.101500e+02 1.298730e+04
8.101000e+02 1.303560e+04
8.100500e+02 1.303560e+04
8.100000e+02 1.302127e+04
8.099500e+02 1.302127e+04
8.099000e+02 1.300317e+04
8.098500e+02 1.300317e+04
8.098000e+02 1.294430e+04
8.097500e+02 1.294430e+04
8.097000e+02 1.305347e+04
8.096500e+02 1.305347e+04
8.096000e+02 1.309867e+04
8.095500e+02 1.309867e+04
8.095000e+02 1.307830e+04
8.094500e+02 1.307830e+04
8.094000e+02 1.313830e+04
8.093500e+02 1.313830e+04
8.093000e+02 1.306507e+04
8.092500e+02 1.306507e+04
8.092000e+02 1.307937e+04
8.091500e+02 1.307937e+04
8.091000e+02 1.304137e+04
8.090500e+02 1.304137e+04
8.090000e+02 1.307840e+04
8.089500e+02 1.307840e+04
8.089000e+02 1.329793e+04
8.088500e+02 1.329793e+04
8.088000e+02 1.314420e+04
8.087500e+02 1.314420e+04
8.087000e+02 1.311047e+04
8.086500e+02 1.311047e+04
8.086000e+02 1.316377e+04
8.085500e+02 1.316377e+04
8.085000e+02 1.316577e+04
8.084500e+02 1.316577e+04
8.084000e+02 1.314460e+04
8.083500e+02 1.314460e+04
8.083000e+02 1.317183e+04
8.082500e+02 1.317183e+04
8.082000e+02 1.315127e+04
8.081500e+02 1.315127e+04
8.081000e+02 1.315073e+04
8.080500e+02 1.315073e+04
8.080000e+02 1.315850e+04
8.079500e+02 1.315850e+04
8.079000e+02 1.317633e+04
8.078500e+02 1.317633e+04
8.078000e+02 1.305830e+04
8.077500e+02 1.305830e+04
8.077000e+02 1.311823e+04
8.076500e+02 1.311823e+04
8.076000e+02 1.314980e+04
8.075500e+02 1.314980e+04
8.075000e+02 1.318470e+04
8.074500e+02 1.318470e+04
8.074000e+02 1.320737e+04
8.073500e+02 1.320737e+04
8.073000e+02 1.321800e+04
8.072500e+02 1.321800e+04
8.072000e+02 1.320910e+04
8.071500e+02 1.320910e+04
8.071000e+02 1.314723e+04
8.070500e+02 1.314723e+04
8.070000e+02 1.313930e+04
8.069500e+02 1.313930e+04
8.069000e+02 1.315797e+04
8.068500e+02 1.315797e+04
8.068000e+02 1.318787e+04
8.067500e+02 1.318787e+04
8.067000e+02 1.323770e+04
8.066500e+02 1.323770e+04
8.066000e+02 1.316143e+04
8.065500e+02 1.316143e+04
8.065000e+02 1.316863e+04
8.064500e+02 1.316863e+04
8.064000e+02 1.329023e+04
8.063500e+02 1.329023e+04
8.063000e+02 1.326267e+04
8.062500e+02 1.326267e+04
8.062000e+02 1.326237e+04
8.061500e+02 1.326237e+04
8.061000e+02 1.325873e+04
8.060500e+02 1.325873e+04
8.060000e+02 1.323050e+04
8.059500e+02 1.323050e+04
8.059000e+02 1.324153e+04
8.058500e+02 1.324153e+04
8.058000e+02 1.324217e+04
8.057500e+02 1.324217e+04
8.057000e+02 1.328367e+04
8.056500e+02 1.328367e+04
8.056000e+02 1.323250e+04
8.055500e+02 1.323250e+04
8.055000e+02 1.330150e+04
8.054500e+02 1.330150e+04
8.054000e+02 1.332540e+04
8.053500e+02 1.332540e+04
8.053000e+02 1.323073e+04
8.052500e+02 1.323073e+04
8.052000e+02 1.326933e+04
8.051500e+02 1.326933e+04
8.051000e+02 1.330857e+04
8.050500e+02 1.330857e+04
8.050000e+02 1.329213e+04
8.049500e+02 1.329213e+04
8.049000e+02 1.329733e+04
8.048500e+02 1.329733e+04
8.048000e+02 1.332283e+04
8.047500e+02 1.332283e+04
8.047000e+02 1.319300e+04
8.046500e+02 1.319300e+04
8.046000e+02 1.328483e+04
8.045500e+02 1.328483e+04
8.045000e+02 1.323017e+04
8.044500e+02 1.323017e+04
8.044000e+02 1.329250e+04
8.043500e+02 1.329250e+04
8.043000e+02 1.328857e+04
8.042500e+02 1.328857e+04
8.042000e+02 1.326730e+04
8.041500e+02 1.326730e+04
8.041000e+02 1.326547e+04
8.040500e+02 1.326547e+04
8.040000e+02 1.335970e+04
8.039500e+02 1.335970e+04
8.039000e+02 1.337647e+04
8.038500e+02 1.337647e+04
8.038000e+02 1.326857e+04
8.037500e+02 1.326857e+04
8.037000e+02 1.328947e+04
8.036500e+02 1.328947e+04
8.036000e+02 1.325363e+04
8.035500e+02 1.325363e+04
8.035000e+02 1.326707e+04
8.034500e+02 1.326707e+04
8.034000e+02 1.325607e+04
8.033500e+02 1.325607e+04
8.033000e+02 1.324343e+04
8.032500e+02 1.324343e+04
8.032000e+02 1.321377e+04
8.031500e+02 1.321377e+04
8.031000e+02 1.333763e+04
8.030500e+02 1.333763e+04
8.030000e+02 1.328840e+04
8.029500e+02 1.328840e+04
8.029000e+02 1.334423e+04
8.028500e+02 1.334423e+04
8.028000e+02 1.326400e+04
8.027500e+02 1.326400e+04
8.027000e+02 1.328410e+04
8.026500e+02 1.328410e+04
8.026000e+02 1.330207e+04
8.025500e+02 1.330207e+04
8.025000e+02 1.324703e+04
8.024500e+02 1.324703e+04
8.024000e+02 1.320200e+04
8.023500e+02 1.320200e+04
8.023000e+02 1.327303e+04
8.022500e+02 1.327303e+04
8.022000e+02 1.326080e+04
8.021500e+02 1.326080e+04
8.021000e+02 1.332027e+04
8.020500e+02 1.332027e+04
8.020000e+02 1.336233e+04
8.019500e+02 1.336233e+04
8.019000e+02 1.327123e+04
8.018500e+02 1.327123e+04
8.018000e+02 1.333897e+04
8.017500e+02 1.333897e+04
8.017000e+02 1.331943e+04
8.016500e+02 1.331943e+04
8.016000e+02 1.330037e+04
8.015500e+02 1.330037e+04
8.015000e+02 1.321880e+04
8.014500e+02 1.321880e+04
8.014000e+02 1.333360e+04
8.013500e+02 1.333360e+04
8.013000e+02 1.327730e+04
8.012500e+02 1.327730e+04
8.012000e+02 1.327140e+04
8.011500e+02 1.327140e+04
8.011000e+02 1.325337e+04
8.010500e+02 1.325337e+04
8.010000e+02 1.329303e+04
8.009500e+02 1.329303e+04
8.009000e+02 1.325050e+04
8.008500e+02 1.325050e+04
8.008000e+02 1.320833e+04
8.007500e+02 1.320833e+04
8.007000e+02 1.330303e+04
8.006500e+02 1.330303e+04
8.006000e+02 1.323807e+04
8.005500e+02 1.323807e+04
8.005000e+02 1.322130e+04
8.004500e+02 1.322130e+04
8.004000e+02 1.319397e+04
8.003500e+02 1.319397e+04
8.003000e+02 1.323393e+04
8.002500e+02 1.323393e+04
8.002000e+02 1.324987e+04
8.001500e+02 1.324987e+04
8.001000e+02 1.331130e+04
8.000500e+02 1.331130e+04
8.000000e+02 1.331813e+04
7.999500e+02 1.331813e+04
7.999000e+02 1.327717e+04
7.998500e+02 1.327717e+04
7.998000e+02 1.326180e+04
7.997500e+02 1.326180e+04
7.997000e+02 1.325967e+04
7.996500e+02 1.325967e+04
7.996000e+02 1.328273e+04
7.995500e+02 1.328273e+04
7.995000e+02 1.324727e+04
7.994500e+02 1.324727e+04
7.994000e+02 1.315527e+04
7.993500e+02 1.315527e+04
7.993000e+02 1.312643e+04
7.992500e+02 1.312643e+04
7.992000e+02 1.321877e+04
7.991500e+02 1.321877e+04
7.991000e+02 1.318867e+04
7.990500e+02 1.318867e+04
7.990000e+02 1.315933e+04
7.989500e+02 1.315933e+04
7.989000e+02 1.327430e+04
7.988500e+02 1.327430e+04
7.988000e+02 1.329857e+04
7.987500e+02 1.329857e+04
7.987000e+02 1.331350e+04
7.986500e+02 1.331350e+04
7.986000e+02 1.330170e+04
7.985500e+02 1.330170e+04
7.985000e+02 1.336710e+04
7.984500e+02 1.336710e+04
7.984000e+02 1.331233e+04
7.983500e+02 1.331233e+04
7.983000e+02 1.325897e+04
7.982500e+02 1.325897e+04
7.982000e+02 1.337250e+04
7.981500e+02 1.337250e+04
7.981000e+02 1.340307e+04
7.980500e+02 1.340307e+04
7.980000e+02 1.325933e+04
7.979500e+02 1.325933e+04
7.979000e+02 1.325727e+04
7.978500e+02 1.325727e+04
7.978000e+02 1.326523e+04
7.977500e+02 1.326523e+04
7.977000e+02 1.330570e+04
7.976500e+02 1.330570e+04
7.976000e+02 1.331447e+04
7.975500e+02 1.331447e+04
7.975000e+02 1.316683e+04
7.974500e+02 1.316683e+04
7.974000e+02 1.317140e+04
7.973500e+02 1.317140e+04
7.973000e+02 1.322833e+04
7.972500e+02 1.322833e+04
7.972000e+02 1.331303e+04
7.971500e+02 1.331303e+04
7.971000e+02 1.320807e+04
7.970500e+02 1.320807e+04
7.970000e+02 1.319537e+04
7.969500e+02 1.319537e+04
7.969000e+02 1.324897e+04
7.968500e+02 1.324897e+04
7.968000e+02 1.320590e+04
7.967500e+02 1.320590e+04
7.967000e+02 1.327487e+04
7.966500e+02 1.327487e+04
7.966000e+02 1.328207e+04
7.965500e+02 1.328207e+04
7.965000e+02 1.335607e+04
7.964500e+02 1.335607e+04
7.964000e+02 1.331963e+04
7.963500e+02 1.331963e+04
7.963000e+02 1.331420e+04
7.962500e+02 1.331420e+04
7.962000e+02 1.331357e+04
7.961500e+02 1.331357e+04
7.961000e+02 1.320723e+04
7.960500e+02 1.320723e+04
7.960000e+02 1.337373e+04
7.959500e+02 1.337373e+04
7.959000e+02 1.335917e+04
7.958500e+02 1.335917e+04
7.958000e+02 1.337387e+04
7.957500e+02 1.337387e+04
7.957000e+02 1.335470e+04
7.956500e+02 1.335470e+04
7.956000e+02 1.330743e+04
7.955500e+02 1.330743e+04
7.955000e+02 1.336583e+04
7.954500e+02 1.336583e+04
7.954000e+02 1.335733e+04
7.953500e+02 1.335733e+04
7.953000e+02 1.332403e+04
7.952500e+02 1.332403e+04
7.952000e+02 1.334847e+04
7.951500e+02 1.334847e+04
7.951000e+02 1.339883e+04
7.950500e+02 1.339883e+04
7.950000e+02 1.338147e+04
7.949500e+02 1.338147e+04
7.949000e+02 1.336307e+04
7.948500e+02 1.336307e+04
7.948000e+02 1.339350e+04
7.947500e+02 1.339350e+04
7.947000e+02 1.340780e+04
7.946500e+02 1.340780e+04
7.946000e+02 1.342607e+04
7.945500e+02 1.342607e+04
7.945000e+02 1.336553e+04
7.944500e+02 1.336553e+04
7.944000e+02 1.339420e+04
7.943500e+02 1.339420e+04
7.943000e+02 1.341863e+04
7.942500e+02 1.341863e+04
7.942000e+02 1.342023e+04
7.941500e+02 1.342023e+04
7.941000e+02 1.341090e+04
7.940500e+02 1.341090e+04
7.940000e+02 1.344083e+04
7.939500e+02 1.344083e+04
7.939000e+02 1.352590e+04
7.938500e+02 1.352590e+04
7.938000e+02 1.357730e+04
7.937500e+02 1.357730e+04
7.937000e+02 1.356407e+04
7.936500e+02 1.356407e+04
7.936000e+02 1.342417e+04
7.935500e+02 1.342417e+04
7.935000e+02 1.354110e+04
7.934500e+02 1.354110e+04
7.934000e+02 1.354680e+04
7.933500e+02 1.354680e+04
7.933000e+02 1.355463e+04
7.932500e+02 1.355463e+04
7.932000e+02 1.356993e+04
7.931500e+02 1.356993e+04
7.931000e+02 1.356580e+04
7.930500e+02 1.356580e+04
7.930000e+02 1.354893e+04
7.929500e+02 1.354893e+04
7.929000e+02 1.352237e+04
7.928500e+02 1.352237e+04
7.928000e+02 1.352707e+04
7.927500e+02 1.352707e+04
7.927000e+02 1.355170e+04
7.926500e+02 1.355170e+04
7.926000e+02 1.354480e+04
7.925500e+02 1.354480e+04
7.925000e+02 1.369157e+04
7.924500e+02 1.369157e+04
7.924000e+02 1.351853e+04
7.923500e+02 1.351853e+04
7.923000e+02 1.366857e+04
7.922500e+02 1.366857e+04
7.922000e+02 1.365883e+04
7.921500e+02 1.365883e+04
7.921000e+02 1.373963e+04
7.920500e+02 1.373963e+04
7.920000e+02 1.372353e+04
7.919500e+02 1.372353e+04
7.919000e+02 1.381933e+04
7.918500e+02 1.381933e+04
7.918000e+02 1.377490e+04
7.917500e+02 1.377490e+04
7.917000e+02 1.379887e+04
7.916500e+02 1.379887e+04
7.916000e+02 1.393527e+04
7.915500e+02 1.393527e+04
7.915000e+02 1.387790e+04
7.914500e+02 1.387790e+04
7.914000e+02 1.390080e+04
7.913500e+02 1.390080e+04
7.913000e+02 1.390610e+04
7.912500e+02 1.390610e+04
7.912000e+02 1.396727e+04
7.911500e+02 1.396727e+04
7.911000e+02 1.410180e+04
7.910500e+02 1.410180e+04
7.910000e+02 1.403630e+04
7.909500e+02 1.403630e+04
7.909000e+02 1.404627e+04
7.908500e+02 1.404627e+04
7.908000e+02 1.407660e+04
7.907500e+02 1.407660e+04
7.907000e+02 1.417137e+04
7.906500e+02 1.417137e+04
7.906000e+02 1.416837e+04
7.905500e+02 1.416837e+04
7.905000e+02 1.415563e+04
7.904500e+02 1.415563e+04
7.904000e+02 1.418750e+04
7.903500e+02 1.418750e+04
7.903000e+02 1.427023e+04
7.902500e+02 1.427023e+04
7.902000e+02 1.423573e+04
7.901500e+02 1.423573e+04
7.901000e+02 1.428217e+04
7.900500e+02 1.428217e+04
7.900000e+02 1.425783e+04
7.899500e+02 1.425783e+04
7.899000e+02 1.428870e+04
7.898500e+02 1.428870e+04
7.898000e+02 1.434883e+04
7.897500e+02 1.434883e+04
7.897000e+02 1.433053e+04
7.896500e+02 1.433053e+04
7.896000e+02 1.443167e+04
7.895500e+02 1.443167e+04
7.895000e+02 1.449420e+04
7.894500e+02 1.449420e+04
7.894000e+02 1.458427e+04
7.893500e+02 1.458427e+04
7.893000e+02 1.460697e+04
7.892500e+02 1.460697e+04
7.892000e+02 1.460373e+04
7.891500e+02 1.460373e+04
7.891000e+02 1.466807e+04
7.890500e+02 1.466807e+04
7.890000e+02 1.471883e+04
7.889500e+02 1.471883e+04
7.889000e+02 1.480210e+04
7.888500e+02 1.480210e+04
7.888000e+02 1.491227e+04
7.887500e+02 1.491227e+04
7.887000e+02 1.489510e+04
7.886500e+02 1.489510e+04
7.886000e+02 1.488003e+04
7.885500e+02 1.488003e+04
7.885000e+02 1.487333e+04
7.884500e+02 1.487333e+04
7.884000e+02 1.500240e+04
7.883500e+02 1.500240e+04
7.883000e+02 1.513350e+04
7.882500e+02 1.513350e+04
7.882000e+02 1.519807e+04
7.881500e+02 1.519807e+04
7.881000e+02 1.524927e+04
7.880500e+02 1.524927e+04
7.880000e+02 1.526290e+04
7.879500e+02 1.526290e+04
7.879000e+02 1.527737e+04
7.878500e+02 1.527737e+04
7.878000e+02 1.532447e+04
7.877500e+02 1.532447e+04
7.877000e+02 1.550680e+04
7.876500e+02 1.550680e+04
7.876000e+02 1.558333e+04
7.875500e+02 1.558333e+04
7.875000e+02 1.561917e+04
7.874500e+02 1.561917e+04
7.874000e+02 1.566980e+04
7.873500e+02 1.566980e+04
7.873000e+02 1.567867e+04
7.872500e+02 1.567867e+04
7.872000e+02 1.578033e+04
7.871500e+02 1.578033e+04
7.871000e+02 1.585417e+04
7.870500e+02 1.585417e+04
7.870000e+02 1.586587e+04
7.869500e+02 1.586587e+04
7.869000e+02 1.598147e+04
7.868500e+02 1.598147e+04
7.868000e+02 1.614213e+04
7.867500e+02 1.614213e+04
7.867000e+02 1.621113e+04
7.866500e+02 1.621113e+04
7.866000e+02 1.634027e+04
7.865500e+02 1.634027e+04
7.865000e+02 1.642330e+04
7.864500e+02 1.642330e+04
7.864000e+02 1.649590e+04
7.863500e+02 1.649590e+04
7.863000e+02 1.663760e+04
7.862500e+02 1.663760e+04
7.862000e+02 1.670373e+04
7.861500e+02 1.670373e+04
7.861000e+02 1.678383e+04
7.860500e+02 1.678383e+04
7.860000e+02 1.702413e+04
7.859500e+02 1.702413e+04
7.859000e+02 1.714727e+04
7.858500e+02 1.714727e+04
7.858000e+02 1.728017e+04
7.857500e+02 1.728017e+04
7.857000e+02 1.728657e+04
7.856500e+02 1.728657e+04
7.856000e+02 1.743817e+04
7.855500e+02 1.743817e+04
7.855000e+02 1.760353e+04
7.854500e+02 1.760353e+04
7.854000e+02 1.770157e+04
7.853500e+02 1.770157e+04
7.853000e+02 1.783420e+04
7.852500e+02 1.783420e+04
7.852000e+02 1.806657e+04
7.851500e+02 1.806657e+04
7.851000e+02 1.818273e+04
7.850500e+02 1.818273e+04
7.850000e+02 1.835230e+04
7.849500e+02 1.835230e+04
7.849000e+02 1.832780e+04
7.848500e+02 1.832780e+04
7.848000e+02 1.865170e+04
7.847500e+02 1.865170e+04
7.847000e+02 1.875273e+04
7.846500e+02 1.875273e+04
7.846000e+02 1.888383e+04
7.845500e+02 1.888383e+04
7.845000e+02 1.894797e+04
7.844500e+02 1.894797e+04
7.844000e+02 1.914487e+04
7.843500e+02 1.914487e+04
7.843000e+02 1.924320e+04
7.842500e+02 1.924320e+04
7.842000e+02 1.937047e+04
7.841500e+02 1.937047e+04
7.841000e+02 1.946657e+04
7.840500e+02 1.946657e+04
7.840000e+02 1.959153e+04
7.839500e+02 1.959153e+04
7.839000e+02 1.962723e+04
7.838500e+02 1.962723e+04
7.838000e+02 1.967310e+04
7.837500e+02 1.967310e+04
7.837000e+02 1.960860e+04
7.836500e+02 1.960860e+04
7.836000e+02 1.960923e+04
7.835500e+02 1.960923e+04
7.835000e+02 1.957250e+04
7.834500e+02 1.957250e+04
7.834000e+02 1.952710e+04
7.833500e+02 1.952710e+04
7.833000e+02 1.956763e+04
7.832500e+02 1.956763e+04
7.832000e+02 1.945663e+04
7.831500e+02 1.945663e+04
7.831000e+02 1.939967e+04
7.830500e+02 1.939967e+04
7.830000e+02 1.926527e+04
7.829500e+02 1.926527e+04
7.829000e+02 1.912447e+04
7.828500e+02 1.912447e+04
7.828000e+02 1.899710e+04
7.827500e+02 1.899710e+04
7.827000e+02 1.898933e+04
7.826500e+02 1.898933e+04
7.826000e+02 1.883930e+04
7.825500e+02 1.883930e+04
7.825000e+02 1.860500e+04
7.824500e+02 1.860500e+04
7.824000e+02 1.852927e+04
7.823500e+02 1.852927e+04
7.823000e+02 1.832617e+04
7.822500e+02 1.832617e+04
7.822000e+02 1.813903e+04
7.821500e+02 1.813903e+04
7.821000e+02 1.800097e+04
7.820500e+02 1.800097e+04
7.820000e+02 1.774730e+04
7.819500e+02 1.774730e+04
7.819000e+02 1.758843e+04
7.818500e+02 1.758843e+04
7.818000e+02 1.753750e+04
7.817500e+02 1.753750e+04
7.817000e+02 1.735467e+04
7.816500e+02 1.735467e+04
7.816000e+02 1.711353e+04
7.815500e+02 1.711353e+04
7.815000e+02 1.687703e+04
7.814500e+02 1.687703e+04
7.814000e+02 1.678667e+04
7.813500e+02 1.678667e+04
7.813000e+02 1.654727e+04
7.812500e+02 1.654727e+04
7.812000e+02 1.632123e+04
7.811500e+02 1.632123e+04
7.811000e+02 1.612153e+04
7.810500e+02 1.612153e+04
7.810000e+02 1.601067e+04
7.809500e+02 1.601067e+04
7.809000e+02 1.583603e+04
7.808500e+02 1.583603e+04
7.808000e+02 1.569153e+04
7.807500e+02 1.569153e+04
7.807000e+02 1.539773e+04
7.806500e+02 1.539773e+04
7.806000e+02 1.526270e+04
7.805500e+02 1.526270e+04
7.805000e+02 1.511960e+04
7.804500e+02 1.511960e+04
7.804000e+02 1.493013e+04
7.803500e+02 1.493013e+04
7.803000e+02 1.468577e+04
7.802500e+02 1.468577e+04
7.802000e+02 1.462830e+04
7.801500e+02 1.462830e+04
7.801000e+02 1.456130e+04
7.800500e+02 1.456130e+04
7.800000e+02 1.433870e+04
7.799500e+02 1.433870e+04
7.799000e+02 1.425900e+04
7.798500e+02 1.425900e+04
7.798000e+02 1.408923e+04
7.797500e+02 1.408923e+04
7.797000e+02 1.402560e+04
7.796500e+02 1.402560e+04
7.796000e+02 1.391627e+04
7.795500e+02 1.391627e+04
7.795000e+02 1.374707e+04
7.794500e+02 1.374707e+04
7.794000e+02 1.358487e+04
7.793500e+02 1.358487e+04
7.793000e+02 1.359330e+04
7.792500e+02 1.359330e+04
7.792000e+02 1.350517e+04
7.791500e+02 1.350517e+04
7.791000e+02 1.344150e+04
7.790500e+02 1.344150e+04
7.790000e+02 1.331193e+04
7.789500e+02 1.331193e+04
7.789000e+02 1.327327e+04
7.788500e+02 1.327327e+04
7.788000e+02 1.319563e+04
7.787500e+02 1.319563e+04
7.787000e+02 1.301527e+04
7.786500e+02 1.301527e+04
7.786000e+02 1.300677e+04
7.785500e+02 1.300677e+04
7.785000e+02 1.297547e+04
7.784500e+02 1.297547e+04
7.784000e+02 1.284420e+04
7.783500e+02 1.284420e+04
7.783000e+02 1.282450e+04
7.782500e+02 1.282450e+04
7.782000e+02 1.276037e+04
7.781500e+02 1.276037e+04
7.781000e+02 1.271757e+04
7.780500e+02 1.271757e+04
7.780000e+02 1.273813e+04
7.779500e+02 1.273813e+04
7.779000e+02 1.261417e+04
7.778500e+02 1.261417e+04
7.778000e+02 1.260547e+04
7.777500e+02 1.260547e+04
7.777000e+02 1.258867e+04
7.776500e+02 1.258867e+04
7.776000e+02 1.264663e+04
7.775500e+02 1.264663e+04
7.775000e+02 1.245237e+04
7.774500e+02 1.245237e+04
7.774000e+02 1.247947e+04
7.773500e+02 1.247947e+04
7.773000e+02 1.245857e+04
7.772500e+02 1.245857e+04
7.772000e+02 1.246423e+04
7.771500e+02 1.246423e+04
7.771000e+02 1.246427e+04
7.770500e+02 1.246427e+04
7.770000e+02 1.256533e+04
7.769500e+02 1.256533e+04
7.769000e+02 1.250950e+04
7.768500e+02 1.250950e+04
7.768000e+02 1.243407e+04
7.767500e+02 1.243407e+04
7.767000e+02 1.239107e+04
7.766500e+02 1.239107e+04
7.766000e+02 1.239260e+04
7.765500e+02 1.239260e+04
7.765000e+02 1.229333e+04
7.764500e+02 1.229333e+04
7.764000e+02 1.235893e+04
7.763500e+02 1.235893e+04
7.763000e+02 1.225570e+04
7.762500e+02 1.225570e+04
7.762000e+02 1.235953e+04
7.761500e+02 1.235953e+04
7.761000e+02 1.240110e+04
7.760500e+02 1.240110e+04
7.760000e+02 1.238160e+04
7.759500e+02 1.238160e+04
7.759000e+02 1.222120e+04
7.758500e+02 1.222120e+04
7.758000e+02 1.229143e+04
7.757500e+02 1.229143e+04
7.757000e+02 1.232070e+04
7.756500e+02 1.232070e+04
7.756000e+02 1.227730e+04
7.755500e+02 1.227730e+04
7.755000e+02 1.232050e+04
7.754500e+02 1.232050e+04
7.754000e+02 1.230887e+04
7.753500e+02 1.230887e+04
7.753000e+02 1.222780e+04
7.752500e+02 1.222780e+04
7.752000e+02 1.221990e+04
7.751500e+02 1.221990e+04
7.751000e+02 1.221053e+04
7.750500e+02 1.221053e+04
7.750000e+02 1.232223e+04
7.749500e+02 1.232223e+04
7.749000e+02 1.225627e+04
7.748500e+02 1.225627e+04
7.748000e+02 1.226510e+04
7.747500e+02 1.226510e+04
7.747000e+02 1.225943e+04
7.746500e+02 1.225943e+04
7.746000e+02 1.230543e+04
7.745500e+02 1.230543e+04
7.745000e+02 1.228860e+04
7.744500e+02 1.228860e+04
7.744000e+02 1.226417e+04
7.743500e+02 1.226417e+04
7.743000e+02 1.231193e+04
7.742500e+02 1.231193e+04
7.742000e+02 1.228550e+04
7.741500e+02 1.228550e+04
7.741000e+02 1.228807e+04
7.740500e+02 1.228807e+04
7.740000e+02 1.226220e+04
7.739500e+02 1.226220e+04
7.739000e+02 1.225540e+04
7.738500e+02 1.225540e+04
7.738000e+02 1.225827e+04
7.737500e+02 1.225827e+04
7.737000e+02 1.235967e+04
7.736500e+02 1.235967e+04
7.736000e+02 1.235553e+04
7.735500e+02 1.235553e+04
7.735000e+02 1.235633e+04
7.734500e+02 1.235633e+04
7.734000e+02 1.245013e+04
7.733500e+02 1.245013e+04
7.733000e+02 1.241320e+04
7.732500e+02 1.241320e+04
7.732000e+02 1.235783e+04
7.731500e+02 1.235783e+04
7.731000e+02 1.237317e+04
7.730500e+02 1.237317e+04
7.730000e+02 1.240170e+04
7.729500e+02 1.240170e+04
7.729000e+02 1.242090e+04
7.728500e+02 1.242090e+04
7.728000e+02 1.246460e+04
7.727500e+02 1.246460e+04
7.727000e+02 1.244793e+04
7.726500e+02 1.244793e+04
7.726000e+02 1.238167e+04
7.725500e+02 1.238167e+04
7.725000e+02 1.248827e+04
7.724500e+02 1.248827e+04
7.724000e+02 1.249427e+04
7.723500e+02 1.249427e+04
7.723000e+02 1.258477e+04
7.722500e+02 1.258477e+04
7.722000e+02 1.251180e+04
7.721500e+02 1.251180e+04
7.721000e+02 1.257623e+04
7.720500e+02 1.257623e+04
7.720000e+02 1.255843e+04
7.719500e+02 1.255843e+04
7.719000e+02 1.251143e+04
7.718500e+02 1.251143e+04
7.718000e+02 1.258267e+04
7.717500e+02 1.258267e+04
7.717000e+02 1.266060e+04
7.716500e+02 1.266060e+04
7.716000e+02 1.263583e+04
7.715500e+02 1.263583e+04
7.715000e+02 1.272277e+04
7.714500e+02 1.272277e+04
7.714000e+02 1.272013e+04
7.713500e+02 1.272013e+04
7.713000e+02 1.275507e+04
7.712500e+02 1.275507e+04
7.712000e+02 1.270343e+04
7.711500e+02 1.270343e+04
7.711000e+02 1.279613e+04
7.710500e+02 1.279613e+04
7.710000e+02 1.275703e+04
7.709500e+02 1.275703e+04
7.709000e+02 1.271980e+04
7.708500e+02 1.271980e+04
7.708000e+02 1.277603e+04
7.707500e+02 1.277603e+04
7.707000e+02 1.279320e+04
7.706500e+02 1.279320e+04
7.706000e+02 1.275100e+04
7.705500e+02 1.275100e+04
7.705000e+02 1.281183e+04
7.704500e+02 1.281183e+04
7.704000e+02 1.278773e+04
7.703500e+02 1.278773e+04
7.703000e+02 1.289853e+04
7.702500e+02 1.289853e+04
7.702000e+02 1.282087e+04
7.701500e+02 1.282087e+04
7.701000e+02 1.276187e+04
7.700500e+02 1.276187e+04
7.700000e+02 1.271530e+04
7.699500e+02 1.271530e+04
7.699000e+02 1.264237e+04
7.698500e+02 1.264237e+04
7.698000e+02 1.275040e+04
7.697500e+02 1.275040e+04
7.697000e+02 1.274703e+04
7.696500e+02 1.274703e+04
7.696000e+02 1.267643e+04
7.695500e+02 1.267643e+04
7.695000e+02 1.270030e+04
7.694500e+02 1.270030e+04
7.694000e+02 1.265630e+04
7.693500e+02 1.265630e+04
7.693000e+02 1.264647e+04
7.692500e+02 1.264647e+04
7.692000e+02 1.268750e+04
7.691500e+02 1.268750e+04
7.691000e+02 1.266227e+04
7.690500e+02 1.266227e+04
7.690000e+02 1.261413e+04
7.689500e+02 1.261413e+04
7.689000e+02 1.263573e+04
7.688500e+02 1.263573e+04
7.688000e+02 1.257803e+04
7.687500e+02 1.257803e+04
7.687000e+02 1.259350e+04
7.686500e+02 1.259350e+04
7.686000e+02 1.260850e+04
7.685500e+02 1.260850e+04
7.685000e+02 1.251627e+04
7.684500e+02 1.251627e+04
7.684000e+02 1.243707e+04
7.683500e+02 1.243707e+04
7.683000e+02 1.250850e+04
7.682500e+02 1.250850e+04
7.682000e+02 1.249407e+04
7.681500e+02 1.249407e+04
7.681000e+02 1.241647e+04
7.680500e+02 1.241647e+04
7.680000e+02 1.242397e+04
7.679500e+02 1.242397e+04
7.679000e+02 1.244067e+04
7.678500e+02 1.244067e+04
7.678000e+02 1.235783e+04
7.677500e+02 1.235783e+04
7.677000e+02 1.232223e+04
7.676500e+02 1.232223e+04
7.676000e+02 1.226930e+04
7.675500e+02 1.226930e+04
7.675000e+02 1.228057e+04
7.674500e+02 1.228057e+04
7.674000e+02 1.227547e+04
7.673500e+02 1.227547e+04
7.673000e+02 1.228203e+04
7.672500e+02 1.228203e+04
7.672000e+02 1.217167e+04
7.671500e+02 1.217167e+04
7.671000e+02 1.219343e+04
7.670500e+02 1.219343e+04
7.670000e+02 1.217217e+04
7.669500e+02 1.217217e+04
7.669000e+02 1.220833e+04
7.668500e+02 1.220833e+04
7.668000e+02 1.216823e+04
7.667500e+02 1.216823e+04
7.667000e+02 1.217883e+04
7.666500e+02 1.217883e+04
7.666000e+02 1.215050e+04
7.665500e+02 1.215050e+04
7.665000e+02 1.214550e+04
7.664500e+02 1.214550e+04
7.664000e+02 1.208947e+04
7.663500e+02 1.208947e+04
7.663000e+02 1.209080e+04
7.662500e+02 1.209080e+04
7.662000e+02 1.210400e+04
7.661500e+02 1.210400e+04
7.661000e+02 1.205203e+04
7.660500e+02 1.205203e+04
7.660000e+02 1.208413e+04
7.659500e+02 1.208413e+04
7.659000e+02 1.205983e+04
7.658500e+02 1.205983e+04
7.658000e+02 1.201577e+04
7.657500e+02 1.201577e+04
7.657000e+02 1.211623e+04
7.656500e+02 1.211623e+04
7.656000e+02 1.203503e+04
7.655500e+02 1.203503e+04
7.655000e+02 1.204027e+04
7.654500e+02 1.204027e+04
7.654000e+02 1.204640e+04
7.653500e+02 1.204640e+04
7.653000e+02 1.205240e+04
7.652500e+02 1.205240e+04
7.652000e+02 1.204033e+04
7.651500e+02 1.204033e+04
7.651000e+02 1.206450e+04
7.650500e+02 1.206450e+04
7.650000e+02 1.208907e+04
7.649500e+02 1.208907e+04
7.649000e+02 1.206347e+04
7.648500e+02 1.206347e+04
7.648000e+02 1.200643e+04
7.647500e+02 1.200643e+04
7.647000e+02 1.200193e+04
7.646500e+02 1.200193e+04
7.646000e+02 1.198157e+04
7.645500e+02 1.198157e+04
7.645000e+02 1.202983e+04
7.644500e+02 1.202983e+04
7.644000e+02 1.205987e+04
7.643500e+02 1.205987e+04
7.643000e+02 1.199247e+04
7.642500e+02 1.199247e+04
7.642000e+02 1.204173e+04
7.641500e+02 1.204173e+04
7.641000e+02 1.197743e+04
7.640500e+02 1.197743e+04
7.640000e+02 1.200790e+04
7.639500e+02 1.200790e+04
7.639000e+02 1.192613e+04
7.638500e+02 1.192613e+04
7.638000e+02 1.204527e+04
7.637500e+02 1.204527e+04
7.637000e+02 1.204063e+04
7.636500e+02 1.204063e+04
7.636000e+02 1.202180e+04
7.635500e+02 1.202180e+04
7.635000e+02 1.194487e+04
7.634500e+02 1.194487e+04
7.634000e+02 1.193387e+04
7.633500e+02 1.193387e+04
7.633000e+02 1.197630e+04
7.632500e+02 1.197630e+04
7.632000e+02 1.200587e+04
7.631500e+02 1.200587e+04
7.631000e+02 1.198810e+04
7.630500e+02 1.198810e+04
7.630000e+02 1.194070e+04
7.629500e+02 1.194070e+04
7.629000e+02 1.196533e+04
7.628500e+02 1.196533e+04
7.628000e+02 1.199783e+04
7.627500e+02 1.199783e+04
7.627000e+02 1.199293e+04
7.626500e+02 1.199293e+04
7.626000e+02 1.195787e+04
7.625500e+02 1.195787e+04
7.625000e+02 1.191593e+04
7.624500e+02 1.191593e+04
7.624000e+02 1.196613e+04
7.623500e+02 1.196613e+04
7.623000e+02 1.190710e+04
7.622500e+02 1.190710e+04
7.622000e+02 1.184143e+04
7.621500e+02 1.184143e+04
7.621000e+02 1.194490e+04
7.620500e+02 1.194490e+04
7.620000e+02 1.196843e+04
7.619500e+02 1.196843e+04
7.619000e+02 1.190047e+04
7.618500e+02 1.190047e+04
7.618000e+02 1.187037e+04
7.617500e+02 1.187037e+04
7.617000e+02 1.188017e+04
7.616500e+02 1.188017e+04
7.616000e+02 1.192827e+04
7.615500e+02 1.192827e+04
7.615000e+02 1.190573e+04
7.614500e+02 1.190573e+04
7.614000e+02 1.185710e+04
7.613500e+02 1.185710e+04
7.613000e+02 1.188530e+04
7.612500e+02 1.188530e+04
7.612000e+02 1.184503e+04
7.611500e+02 1.184503e+04
7.611000e+02 1.191323e+04
7.610500e+02 1.191323e+04
7.610000e+02 1.190413e+04
7.609500e+02 1.190413e+04
7.609000e+02 1.188820e+04
7.608500e+02 1.188820e+04
7.608000e+02 1.188250e+04
7.607500e+02 1.188250e+04
7.607000e+02 1.196090e+04
7.606500e+02 1.196090e+04
7.606000e+02 1.187453e+04
7.605500e+02 1.187453e+04
7.605000e+02 1.185647e+04
7.604500e+02 1.185647e+04
7.604000e+02 1.186047e+04
7.603500e+02 1.186047e+04
7.603000e+02 1.190313e+04
7.602500e+02 1.190313e+04
7.602000e+02 1.191363e+04
7.601500e+02 1.191363e+04
7.601000e+02 1.193403e+04
7.600500e+02 1.193403e+04
7.600000e+02 1.201623e+04
7.599500e+02 1.201623e+04
7.599000e+02 1.194003e+04
7.598500e+02 1.194003e+04
7.598000e+02 1.191370e+04
7.597500e+02 1.191370e+04
7.597000e+02 1.189137e+04
7.596500e+02 1.189137e+04
7.596000e+02 1.192703e+04
7.595500e+02 1.192703e+04
7.595000e+02 1.191327e+04
7.594500e+02 1.191327e+04
7.594000e+02 1.186363e+04
7.593500e+02 1.186363e+04
7.593000e+02 1.196920e+04
7.592500e+02 1.196920e+04
7.592000e+02 1.189050e+04
7.591500e+02 1.189050e+04
7.591000e+02 1.197160e+04
7.590500e+02 1.197160e+04
7.590000e+02 1.199770e+04
7.589500e+02 1.199770e+04
7.589000e+02 1.195550e+04
7.588500e+02 1.195550e+04
7.588000e+02 1.194043e+04
7.587500e+02 1.194043e+04
7.587000e+02 1.191203e+04
7.586500e+02 1.191203e+04
7.586000e+02 1.198707e+04
7.585500e+02 1.198707e+04
7.585000e+02 1.196603e+04
7.584500e+02 1.196603e+04
7.584000e+02 1.201617e+04
7.583500e+02 1.201617e+04
7.583000e+02 1.207980e+04
7.582500e+02 1.207980e+04
7.582000e+02 1.208527e+04
7.581500e+02 1.208527e+04
7.581000e+02 1.208117e+04
7.580500e+02 1.208117e+04
7.580000e+02 1.208753e+04
7.579500e+02 1.208753e+04
7.579000e+02 1.208407e+04
7.578500e+02 1.208407e+04
7.578000e+02 1.214540e+04
7.577500e+02 1.214540e+04
7.577000e+02 1.217993e+04
7.576500e+02 1.217993e+04
7.576000e+02 1.209083e+04
7.575500e+02 1.209083e+04
7.575000e+02 1.222933e+04
7.574500e+02 1.222933e+04
7.574000e+02 1.221093e+04
7.573500e+02 1.221093e+04
7.573000e+02 1.215723e+04
7.572500e+02 1.215723e+04
7.572000e+02 1.219220e+04
7.571500e+02 1.219220e+04
7.571000e+02 1.218740e+04
7.570500e+02 1.218740e+04
7.570000e+02 1.220737e+04
7.569500e+02 1.220737e+04
7.569000e+02 1.223510e+04
7.568500e+02 1.223510e+04
7.568000e+02 1.217427e+04
7.567500e+02 1.217427e+04
7.567000e+02 1.227530e+04
7.566500e+02 1.227530e+04
7.566000e+02 1.232970e+04
7.565500e+02 1.232970e+04
7.565000e+02 1.226217e+04
7.564500e+02 1.226217e+04
7.564000e+02 1.231540e+04
7.563500e+02 1.231540e+04
7.563000e+02 1.234867e+04
7.562500e+02 1.234867e+04
7.562000e+02 1.233093e+04
7.561500e+02 1.233093e+04
7.561000e+02 1.232857e+04
7.560500e+02 1.232857e+04
7.560000e+02 1.236970e+04
7.559500e+02 1.236970e+04
7.559000e+02 1.236817e+04
7.558500e+02 1.236817e+04
7.558000e+02 1.233017e+04
7.557500e+02 1.233017e+04
7.557000e+02 1.237623e+04
7.556500e+02 1.237623e+04
7.556000e+02 1.237253e+04
7.555500e+02 1.237253e+04
7.555000e+02 1.236927e+04
7.554500e+02 1.236927e+04
7.554000e+02 1.236127e+04
7.553500e+02 1.236127e+04
7.553000e+02 1.244207e+04
7.552500e+02 1.244207e+04
7.552000e+02 1.246643e+04
7.551500e+02 1.246643e+04
7.551000e+02 1.248683e+04
7.550500e+02 1.248683e+04
7.550000e+02 1.244923e+04
7.549500e+02 1.244923e+04
7.549000e+02 1.248517e+04
7.548500e+02 1.248517e+04
7.548000e+02 1.247813e+04
7.547500e+02 1.247813e+04
7.547000e+02 1.257093e+04
7.546500e+02 1.257093e+04
7.546000e+02 1.257767e+04
7.545500e+02 1.257767e+04
7.545000e+02 1.253243e+04
7.544500e+02 1.253243e+04
7.544000e+02 1.258187e+04
7.543500e+02 1.258187e+04
7.543000e+02 1.256120e+04
7.542500e+02 1.256120e+04
7.542000e+02 1.268237e+04
7.541500e+02 1.268237e+04
7.541000e+02 1.266967e+04
7.540500e+02 1.266967e+04
7.540000e+02 1.255130e+04
7.539500e+02 1.255130e+04
7.539000e+02 1.255530e+04
7.538500e+02 1.255530e+04
7.538000e+02 1.262367e+04
7.537500e+02 1.262367e+04
7.537000e+02 1.264303e+04
7.536500e+02 1.264303e+04
7.536000e+02 1.262950e+04
7.535500e+02 1.262950e+04
7.535000e+02 1.266947e+04
7.534500e+02 1.266947e+04
7.534000e+02 1.274930e+04
7.533500e+02 1.274930e+04
7.533000e+02 1.271293e+04
7.532500e+02 1.271293e+04
7.532000e+02 1.272210e+04
7.531500e+02 1.272210e+04
7.531000e+02 1.272157e+04
7.530500e+02 1.272157e+04
7.530000e+02 1.283100e+04
7.529500e+02 1.283100e+04
7.529000e+02 1.278940e+04
7.528500e+02 1.278940e+04
7.528000e+02 1.280703e+04
7.527500e+02 1.280703e+04
7.527000e+02 1.278340e+04
7.526500e+02 1.278340e+04
7.526000e+02 1.282317e+04
7.525500e+02 1.282317e+04
7.525000e+02 1.284070e+04
7.524500e+02 1.284070e+04
7.524000e+02 1.286980e+04
7.523500e+02 1.286980e+04
7.523000e+02 1.283363e+04
7.522500e+02 1.283363e+04
7.522000e+02 1.288180e+04
7.521500e+02 1.288180e+04
7.521000e+02 1.288413e+04
7.520500e+02 1.288413e+04
7.520000e+02 1.288983e+04
7.519500e+02 1.288983e+04
7.519000e+02 1.288623e+04
7.518500e+02 1.288623e+04
7.518000e+02 1.290480e+04
7.517500e+02 1.290480e+04
7.517000e+02 1.296320e+04
7.516500e+02 1.296320e+04
7.516000e+02 1.295567e+04
7.515500e+02 1.295567e+04
7.515000e+02 1.298090e+04
7.514500e+02 1.298090e+04
7.514000e+02 1.302207e+04
7.513500e+02 1.302207e+04
7.513000e+02 1.297357e+04
7.512500e+02 1.297357e+04
7.512000e+02 1.295533e+04
7.511500e+02 1.295533e+04
7.511000e+02 1.298557e+04
7.510500e+02 1.298557e+04
7.510000e+02 1.303660e+04
7.509500e+02 1.303660e+04
7.509000e+02 1.303170e+04
7.508500e+02 1.303170e+04
7.508000e+02 1.312063e+04
7.507500e+02 1.312063e+04
7.507000e+02 1.311847e+04
7.506500e+02 1.311847e+04
7.506000e+02 1.306673e+04
7.505500e+02 1.306673e+04
7.505000e+02 1.305830e+04
7.504500e+02 1.305830e+04
7.504000e+02 1.309940e+04
7.503500e+02 1.309940e+04
7.503000e+02 1.311410e+04
7.502500e+02 1.311410e+04
7.502000e+02 1.315703e+04
7.501500e+02 1.315703e+04
7.501000e+02 1.308140e+04
7.500500e+02 1.308140e+04
7.500000e+02 1.316143e+04
7.499500e+02 1.316143e+04
7.499000e+02 1.324677e+04
7.498500e+02 1.324677e+04
7.498000e+02 1.317187e+04
7.497500e+02 1.317187e+04
7.497000e+02 1.321997e+04
7.496500e+02 1.321997e+04
7.496000e+02 1.329893e+04
7.495500e+02 1.329893e+04
7.495000e+02 1.336533e+04
7.494500e+02 1.336533e+04
7.494000e+02 1.326133e+04
7.493500e+02 1.326133e+04
7.493000e+02 1.328577e+04
7.492500e+02 1.328577e+04
7.492000e+02 1.334297e+04
7.491500e+02 1.334297e+04
7.491000e+02 1.345107e+04
7.490500e+02 1.345107e+04
7.490000e+02 1.337627e+04
7.489500e+02 1.337627e+04
7.489000e+02 1.337410e+04
7.488500e+02 1.337410e+04
7.488000e+02 1.334210e+04
7.487500e+02 1.334210e+04
7.487000e+02 1.336313e+04
7.486500e+02 1.336313e+04
7.486000e+02 1.345737e+04
7.485500e+02 1.345737e+04
7.485000e+02 1.341447e+04
7.484500e+02 1.341447e+04
7.484000e+02 1.350077e+04
7.483500e+02 1.350077e+04
7.483000e+02 1.351487e+04
7.482500e+02 1.351487e+04
7.482000e+02 1.349397e+04
7.481500e+02 1.349397e+04
7.481000e+02 1.348407e+04
7.480500e+02 1.348407e+04
7.480000e+02 1.354430e+04
7.479500e+02 1.354430e+04
7.479000e+02 1.359947e+04
7.478500e+02 1.359947e+04
7.478000e+02 1.355407e+04
7.477500e+02 1.355407e+04
7.477000e+02 1.358257e+04
7.476500e+02 1.358257e+04
7.476000e+02 1.364553e+04
7.475500e+02 1.364553e+04
7.475000e+02 1.364313e+04
7.474500e+02 1.364313e+04
7.474000e+02 1.364393e+04
7.473500e+02 1.364393e+04
7.473000e+02 1.359817e+04
7.472500e+02 1.359817e+04
7.472000e+02 1.359340e+04
7.471500e+02 1.359340e+04
7.471000e+02 1.369087e+04
7.470500e+02 1.369087e+04
7.470000e+02 1.375780e+04
7.469500e+02 1.375780e+04
7.469000e+02 1.373070e+04
7.468500e+02 1.373070e+04
7.468000e+02 1.372240e+04
7.467500e+02 1.372240e+04
7.467000e+02 1.375830e+04
7.466500e+02 1.375830e+04
7.466000e+02 1.372483e+04
7.465500e+02 1.372483e+04
7.465000e+02 1.374627e+04
7.464500e+02 1.374627e+04
7.464000e+02 1.376543e+04
7.463500e+02 1.376543e+04
7.463000e+02 1.385883e+04
7.462500e+02 1.385883e+04
7.462000e+02 1.385627e+04
7.461500e+02 1.385627e+04
7.461000e+02 1.386097e+04
7.460500e+02 1.386097e+04
7.460000e+02 1.388883e+04
7.459500e+02 1.388883e+04
7.459000e+02 1.388343e+04
7.458500e+02 1.388343e+04
7.458000e+02 1.390447e+04
7.457500e+02 1.390447e+04
7.457000e+02 1.390343e+04
7.456500e+02 1.390343e+04
7.456000e+02 1.393710e+04
7.455500e+02 1.393710e+04
7.455000e+02 1.393147e+04
7.454500e+02 1.393147e+04
7.454000e+02 1.391910e+04
7.453500e+02 1.391910e+04
7.453000e+02 1.399593e+04
7.452500e+02 1.399593e+04
7.452000e+02 1.402333e+04
7.451500e+02 1.402333e+04
7.451000e+02 1.400953e+04
7.450500e+02 1.400953e+04
7.450000e+02 1.405153e+04
7.449500e+02 1.405153e+04
7.449000e+02 1.401547e+04
7.448500e+02 1.401547e+04
7.448000e+02 1.401063e+04
7.447500e+02 1.401063e+04
7.447000e+02 1.405650e+04
7.446500e+02 1.405650e+04
7.446000e+02 1.411007e+04
7.445500e+02 1.411007e+04
7.445000e+02 1.412723e+04
7.444500e+02 1.412723e+04
7.444000e+02 1.422480e+04
7.443500e+02 1.422480e+04
7.443000e+02 1.418370e+04
7.442500e+02 1.418370e+04
7.442000e+02 1.411857e+04
7.441500e+02 1.411857e+04
7.441000e+02 1.413873e+04
7.440500e+02 1.413873e+04
7.440000e+02 1.411677e+04
7.439500e+02 1.411677e+04
7.439000e+02 1.412273e+04
7.438500e+02 1.412273e+04
7.438000e+02 1.416383e+04
7.437500e+02 1.416383e+04
7.437000e+02 1.415327e+04
7.436500e+02 1.415327e+04
7.436000e+02 1.420503e+04
7.435500e+02 1.420503e+04
7.435000e+02 1.419133e+04
7.434500e+02 1.419133e+04
7.434000e+02 1.413930e+04
7.433500e+02 1.413930e+04
7.433000e+02 1.422660e+04
7.432500e+02 1.422660e+04
7.432000e+02 1.422207e+04
7.431500e+02 1.422207e+04
7.431000e+02 1.425563e+04
7.430500e+02 1.425563e+04
7.430000e+02 1.428723e+04
7.429500e+02 1.428723e+04
7.429000e+02 1.421627e+04
7.428500e+02 1.421627e+04
7.428000e+02 1.422033e+04
7.427500e+02 1.422033e+04
7.427000e+02 1.425153e+04
7.426500e+02 1.425153e+04
7.426000e+02 1.434230e+04
7.425500e+02 1.434230e+04
7.425000e+02 1.423863e+04
7.424500e+02 1.423863e+04
7.424000e+02 1.423237e+04
7.423500e+02 1.423237e+04
7.423000e+02 1.428410e+04
7.422500e+02 1.428410e+04
7.422000e+02 1.426150e+04
7.421500e+02 1.426150e+04
7.421000e+02 1.426310e+04
7.420500e+02 1.426310e+04
7.420000e+02 1.428687e+04
7.419500e+02 1.428687e+04
7.419000e+02 1.441090e+04
7.418500e+02 1.441090e+04
7.418000e+02 1.433647e+04
7.417500e+02 1.433647e+04
7.417000e+02 1.430843e+04
7.416500e+02 1.430843e+04
7.416000e+02 1.427850e+04
7.415500e+02 1.427850e+04
7.415000e+02 1.429033e+04
7.414500e+02 1.429033e+04
7.414000e+02 1.435857e+04
7.413500e+02 1.435857e+04
7.413000e+02 1.436707e+04
7.412500e+02 1.436707e+04
7.412000e+02 1.430773e+04
7.411500e+02 1.430773e+04
7.411000e+02 1.434100e+04
7.410500e+02 1.434100e+04
7.410000e+02 1.434077e+04
7.409500e+02 1.434077e+04
7.409000e+02 1.429837e+04
7.408500e+02 1.429837e+04
7.408000e+02 1.429573e+04
7.407500e+02 1.429573e+04
7.407000e+02 1.434133e+04
7.406500e+02 1.434133e+04
7.406000e+02 1.433987e+04
7.405500e+02 1.433987e+04
7.405000e+02 1.432850e+04
7.404500e+02 1.432850e+04
7.404000e+02 1.429143e+04
7.403500e+02 1.429143e+04
7.403000e+02 1.438773e+04
7.402500e+02 1.438773e+04
7.402000e+02 1.434050e+04
7.401500e+02 1.434050e+04
7.401000e+02 1.439210e+04
7.400500e+02 1.439210e+04
7.400000e+02 1.436557e+04
7.399500e+02 1.436557e+04
7.399000e+02 1.441750e+04
7.398500e+02 1.441750e+04
7.398000e+02 1.437497e+04
7.397500e+02 1.437497e+04
7.397000e+02 1.439050e+04
7.396500e+02 1.439050e+04
7.396000e+02 1.439277e+04
7.395500e+02 1.439277e+04
7.395000e+02 1.439097e+04
7.394500e+02 1.439097e+04
7.394000e+02 1.439470e+04
7.393500e+02 1.439470e+04
7.393000e+02 1.452573e+04
7.392500e+02 1.452573e+04
7.392000e+02 1.440453e+04
7.391500e+02 1.440453e+04
7.391000e+02 1.440227e+04
7.390500e+02 1.440227e+04
7.390000e+02 1.440110e+04
7.389500e+02 1.440110e+04
7.389000e+02 1.448957e+04
7.388500e+02 1.448957e+04
7.388000e+02 1.450877e+04
7.387500e+02 1.450877e+04
7.387000e+02 1.449423e+04
7.386500e+02 1.449423e+04
7.386000e+02 1.453037e+04
7.385500e+02 1.453037e+04
7.385000e+02 1.457167e+04
7.384500e+02 1.457167e+04
7.384000e+02 1.455507e+04
7.383500e+02 1.455507e+04
7.383000e+02 1.457567e+04
7.382500e+02 1.457567e+04
7.382000e+02 1.455387e+04
7.381500e+02 1.455387e+04
7.381000e+02 1.459193e+04
7.380500e+02 1.459193e+04
7.380000e+02 1.469097e+04
7.379500e+02 1.469097e+04
7.379000e+02 1.464123e+04
7.378500e+02 1.464123e+04
7.378000e+02 1.465177e+04
7.377500e+02 1.465177e+04
7.377000e+02 1.464733e+04
7.376500e+02 1.464733e+04
7.376000e+02 1.469097e+04
7.375500e+02 1.469097e+04
7.375000e+02 1.466470e+04
7.374500e+02 1.466470e+04
7.374000e+02 1.479020e+04
7.373500e+02 1.479020e+04
7.373000e+02 1.478587e+04
7.372500e+02 1.478587e+04
7.372000e+02 1.481040e+04
7.371500e+02 1.481040e+04
7.371000e+02 1.474767e+04
7.370500e+02 1.474767e+04
7.370000e+02 1.479023e+04
7.369500e+02 1.479023e+04
7.369000e+02 1.477117e+04
7.368500e+02 1.477117e+04
7.368000e+02 1.476937e+04
7.367500e+02 1.476937e+04
7.367000e+02 1.483770e+04
7.366500e+02 1.483770e+04
7.366000e+02 1.479587e+04
7.365500e+02 1.479587e+04
7.365000e+02 1.487193e+04
7.364500e+02 1.487193e+04
7.364000e+02 1.483470e+04
7.363500e+02 1.483470e+04
7.363000e+02 1.485287e+04
7.362500e+02 1.485287e+04
7.362000e+02 1.490203e+04
7.361500e+02 1.490203e+04
7.361000e+02 1.492643e+04
7.360500e+02 1.492643e+04
7.360000e+02 1.498197e+04
7.359500e+02 1.498197e+04
7.359000e+02 1.495187e+04
7.358500e+02 1.495187e+04
7.358000e+02 1.495633e+04
7.357500e+02 1.495633e+04
7.357000e+02 1.492393e+04
7.356500e+02 1.492393e+04
7.356000e+02 1.498253e+04
7.355500e+02 1.498253e+04
7.355000e+02 1.509967e+04
7.354500e+02 1.509967e+04
7.354000e+02 1.510963e+04
7.353500e+02 1.510963e+04
7.353000e+02 1.504880e+04
7.352500e+02 1.504880e+04
7.352000e+02 1.505090e+04
7.351500e+02 1.505090e+04
7.351000e+02 1.514153e+04
7.350500e+02 1.514153e+04
7.350000e+02 1.517663e+04
7.349500e+02 1.517663e+04
7.349000e+02 1.514247e+04
7.348500e+02 1.514247e+04
7.348000e+02 1.509117e+04
7.347500e+02 1.509117e+04
7.347000e+02 1.508847e+04
7.346500e+02 1.508847e+04
7.346000e+02 1.520053e+04
7.345500e+02 1.520053e+04
7.345000e+02 1.518907e+04
7.344500e+02 1.518907e+04
7.344000e+02 1.522070e+04
7.343500e+02 1.522070e+04
7.343000e+02 1.526753e+04
7.342500e+02 1.526753e+04
7.342000e+02 1.525953e+04
7.341500e+02 1.525953e+04
7.341000e+02 1.527367e+04
7.340500e+02 1.527367e+04
7.340000e+02 1.528960e+04
7.339500e+02 1.528960e+04
7.339000e+02 1.535217e+04
7.338500e+02 1.535217e+04
7.338000e+02 1.537437e+04
7.337500e+02 1.537437e+04
7.337000e+02 1.536957e+04
7.336500e+02 1.536957e+04
7.336000e+02 1.537413e+04
7.335500e+02 1.537413e+04
7.335000e+02 1.542303e+04
7.334500e+02 1.542303e+04
7.334000e+02 1.542733e+04
7.333500e+02 1.542733e+04
7.333000e+02 1.540250e+04
7.332500e+02 1.540250e+04
7.332000e+02 1.544210e+04
7.331500e+02 1.544210e+04
7.331000e+02 1.543200e+04
7.330500e+02 1.543200e+04
7.330000e+02 1.548823e+04
7.329500e+02 1.548823e+04
7.329000e+02 1.560800e+04
7.328500e+02 1.560800e+04
7.328000e+02 1.562057e+04
7.327500e+02 1.562057e+04
7.327000e+02 1.551113e+04
7.326500e+02 1.551113e+04
7.326000e+02 1.551093e+04
7.325500e+02 1.551093e+04
7.325000e+02 1.559353e+04
7.324500e+02 1.559353e+04
7.324000e+02 1.555480e+04
7.323500e+02 1.555480e+04
7.323000e+02 1.562943e+04
7.322500e+02 1.562943e+04
7.322000e+02 1.569650e+04
7.321500e+02 1.569650e+04
7.321000e+02 1.566513e+04
7.320500e+02 1.566513e+04
7.320000e+02 1.558600e+04
7.319500e+02 1.558600e+04
7.319000e+02 1.571230e+04
7.318500e+02 1.571230e+04
7.318000e+02 1.574540e+04
7.317500e+02 1.574540e+04
7.317000e+02 1.572787e+04
7.316500e+02 1.572787e+04
7.316000e+02 1.573627e+04
7.315500e+02 1.573627e+04
7.315000e+02 1.573810e+04
7.314500e+02 1.573810e+04
7.314000e+02 1.574857e+04
7.313500e+02 1.574857e+04
7.313000e+02 1.574203e+04
7.312500e+02 1.574203e+04
7.312000e+02 1.583550e+04
7.311500e+02 1.583550e+04
7.311000e+02 1.575993e+04
7.310500e+02 1.575993e+04
7.310000e+02 1.573980e+04
7.309500e+02 1.573980e+04
7.309000e+02 1.579743e+04
7.308500e+02 1.579743e+04
7.308000e+02 1.576150e+04
7.307500e+02 1.576150e+04
7.307000e+02 1.578410e+04
7.306500e+02 1.578410e+04
7.306000e+02 1.581400e+04
7.305500e+02 1.581400e+04
7.305000e+02 1.576683e+04
7.304500e+02 1.576683e+04
7.304000e+02 1.581920e+04
7.303500e+02 1.581920e+04
7.303000e+02 1.574977e+04
7.302500e+02 1.574977e+04
7.302000e+02 1.574993e+04
7.301500e+02 1.574993e+04
7.301000e+02 1.573827e+04
7.300500e+02 1.573827e+04
7.300000e+02 1.580390e+04
7.299500e+02 1.580390e+04
7.299000e+02 1.584917e+04
7.298500e+02 1.584917e+04
7.298000e+02 1.587577e+04
7.297500e+02 1.587577e+04
7.297000e+02 1.577283e+04
7.296500e+02 1.577283e+04
7.296000e+02 1.584083e+04
7.295500e+02 1.584083e+04
7.295000e+02 1.584450e+04
7.294500e+02 1.584450e+04
7.294000e+02 1.585133e+04
7.293500e+02 1.585133e+04
7.293000e+02 1.582407e+04
7.292500e+02 1.582407e+04
7.292000e+02 1.580363e+04
7.291500e+02 1.580363e+04
7.291000e+02 1.589553e+04
7.290500e+02 1.589553e+04
7.290000e+02 1.584107e+04
7.289500e+02 1.584107e+04
7.289000e+02 1.590310e+04
7.288500e+02 1.590310e+04
7.288000e+02 1.578553e+04
7.287500e+02 1.578553e+04
7.287000e+02 1.584870e+04
7.286500e+02 1.584870e+04
7.286000e+02 1.579573e+04
7.285500e+02 1.579573e+04
7.285000e+02 1.579290e+04
7.284500e+02 1.579290e+04
7.284000e+02 1.583960e+04
7.283500e+02 1.583960e+04
7.283000e+02 1.581560e+04
7.282500e+02 1.581560e+04
7.282000e+02 1.583033e+04
7.281500e+02 1.583033e+04
7.281000e+02 1.580673e+04
7.280500e+02 1.580673e+04
7.280000e+02 1.584537e+04
7.279500e+02 1.584537e+04
7.279000e+02 1.588380e+04
7.278500e+02 1.588380e+04
7.278000e+02 1.592573e+04
7.277500e+02 1.592573e+04
7.277000e+02 1.591767e+04
7.276500e+02 1.591767e+04
7.276000e+02 1.579683e+04
7.275500e+02 1.579683e+04
7.275000e+02 1.587710e+04
7.274500e+02 1.587710e+04
7.274000e+02 1.593630e+04
7.273500e+02 1.593630e+04
7.273000e+02 1.597240e+04
7.272500e+02 1.597240e+04
7.272000e+02 1.601060e+04
7.271500e+02 1.601060e+04
7.271000e+02 1.599407e+04
7.270500e+02 1.599407e+04
7.270000e+02 1.595693e+04
7.269500e+02 1.595693e+04
7.269000e+02 1.592970e+04
7.268500e+02 1.592970e+04
7.268000e+02 1.598090e+04
7.267500e+02 1.598090e+04
7.267000e+02 1.600347e+04
7.266500e+02 1.600347e+04
7.266000e+02 1.600003e+04
7.265500e+02 1.600003e+04
7.265000e+02 1.597160e+04
7.264500e+02 1.597160e+04
7.264000e+02 1.610290e+04
7.263500e+02 1.610290e+04
7.263000e+02 1.600083e+04
7.262500e+02 1.600083e+04
7.262000e+02 1.600587e+04
7.261500e+02 1.600587e+04
7.261000e+02 1.611270e+04
7.260500e+02 1.611270e+04
7.260000e+02 1.604760e+04
7.259500e+02 1.604760e+04
7.259000e+02 1.611650e+04
7.258500e+02 1.611650e+04
7.258000e+02 1.616870e+04
7.257500e+02 1.616870e+04
7.257000e+02 1.613510e+04
7.256500e+02 1.613510e+04
7.256000e+02 1.615733e+04
7.255500e+02 1.615733e+04
7.255000e+02 1.628780e+04
7.254500e+02 1.628780e+04
7.254000e+02 1.627140e+04
7.253500e+02 1.627140e+04
7.253000e+02 1.628600e+04
7.252500e+02 1.628600e+04
7.252000e+02 1.621187e+04
7.251500e+02 1.621187e+04
7.251000e+02 1.627030e+04
7.250500e+02 1.627030e+04
7.250000e+02 1.630847e+04
7.249500e+02 1.630847e+04
7.249000e+02 1.628827e+04
7.248500e+02 1.628827e+04
7.248000e+02 1.630660e+04
7.247500e+02 1.630660e+04
7.247000e+02 1.635783e+04
7.246500e+02 1.635783e+04
7.246000e+02 1.638243e+04
7.245500e+02 1.638243e+04
7.245000e+02 1.641273e+04
7.244500e+02 1.641273e+04
7.244000e+02 1.650950e+04
7.243500e+02 1.650950e+04
7.243000e+02 1.647247e+04
7.242500e+02 1.647247e+04
7.242000e+02 1.651133e+04
7.241500e+02 1.651133e+04
7.241000e+02 1.655367e+04
7.240500e+02 1.655367e+04
7.240000e+02 1.656293e+04
7.239500e+02 1.656293e+04
7.239000e+02 1.662130e+04
7.238500e+02 1.662130e+04
7.238000e+02 1.661983e+04
7.237500e+02 1.661983e+04
7.237000e+02 1.671023e+04
7.236500e+02 1.671023e+04
7.236000e+02 1.686617e+04
7.235500e+02 1.686617e+04
7.235000e+02 1.687830e+04
7.234500e+02 1.687830e+04
7.234000e+02 1.701897e+04
7.233500e+02 1.701897e+04
7.233000e+02 1.714290e+04
7.232500e+02 1.714290e+04
7.232000e+02 1.723110e+04
7.231500e+02 1.723110e+04
7.231000e+02 1.723833e+04
7.230500e+02 1.723833e+04
7.230000e+02 1.735580e+04
7.229500e+02 1.735580e+04
7.229000e+02 1.745743e+04
7.228500e+02 1.745743e+04
7.228000e+02 1.763090e+04
7.227500e+02 1.763090e+04
7.227000e+02 1.778003e+04
7.226500e+02 1.778003e+04
7.226000e+02 1.791320e+04
7.225500e+02 1.791320e+04
7.225000e+02 1.803683e+04
7.224500e+02 1.803683e+04
7.224000e+02 1.824220e+04
7.223500e+02 1.824220e+04
7.223000e+02 1.843373e+04
7.222500e+02 1.843373e+04
7.222000e+02 1.863720e+04
7.221500e+02 1.863720e+04
7.221000e+02 1.877087e+04
7.220500e+02 1.877087e+04
7.220000e+02 1.905300e+04
7.219500e+02 1.905300e+04
7.219000e+02 1.920140e+04
7.218500e+02 1.920140e+04
7.218000e+02 1.943720e+04
7.217500e+02 1.943720e+04
7.217000e+02 1.978467e+04
7.216500e+02 1.978467e+04
7.216000e+02 2.006970e+04
7.215500e+02 2.006970e+04
7.215000e+02 2.051003e+04
7.214500e+02 2.051003e+04
7.214000e+02 2.071327e+04
7.213500e+02 2.071327e+04
7.213000e+02 2.098340e+04
7.212500e+02 2.098340e+04
7.212000e+02 2.155557e+04
7.211500e+02 2.155557e+04
7.211000e+02 2.200147e+04
7.210500e+02 2.200147e+04
7.210000e+02 2.253907e+04
7.209500e+02 2.253907e+04
7.209000e+02 2.299323e+04
7.208500e+02 2.299323e+04
7.208000e+02 2.347660e+04
7.207500e+02 2.347660e+04
7.207000e+02 2.414387e+04
7.206500e+02 2.414387e+04
7.206000e+02 2.484067e+04
7.205500e+02 2.484067e+04
7.205000e+02 2.561653e+04
7.204500e+02 2.561653e+04
7.204000e+02 2.651737e+04
7.203500e+02 2.651737e+04
7.203000e+02 2.715170e+04
7.202500e+02 2.715170e+04
7.202000e+02 2.801513e+04
7.201500e+02 2.801513e+04
7.201000e+02 2.886797e+04
7.200500e+02 2.886797e+04
7.200000e+02 2.954987e+04
7.199500e+02 2.954987e+04
7.199000e+02 3.001853e+04
7.198500e+02 3.001853e+04
7.198000e+02 3.029127e+04
7.197500e+02 3.029127e+04
7.197000e+02 3.016463e+04
7.196500e+02 3.016463e+04
7.196000e+02 2.988390e+04
7.195500e+02 2.988390e+04
7.195000e+02 2.917377e+04
7.194500e+02 2.917377e+04
7.194000e+02 2.830437e+04
7.193500e+02 2.830437e+04
7.193000e+02 2.697530e+04
7.192500e+02 2.697530e+04
7.192000e+02 2.554547e+04
7.191500e+02 2.554547e+04
7.191000e+02 2.380377e+04
7.190500e+02 2.380377e+04
7.190000e+02 2.210697e+04
7.189500e+02 2.210697e+04
7.189000e+02 2.054580e+04
7.188500e+02 2.054580e+04
7.188000e+02 1.913943e+04
7.187500e+02 1.913943e+04
7.187000e+02 1.796653e+04
7.186500e+02 1.796653e+04
7.186000e+02 1.703470e+04
7.185500e+02 1.703470e+04
7.185000e+02 1.623470e+04
7.184500e+02 1.623470e+04
7.184000e+02 1.553020e+04
7.183500e+02 1.553020e+04
7.183000e+02 1.494723e+04
7.182500e+02 1.494723e+04
7.182000e+02 1.448043e+04
7.181500e+02 1.448043e+04
7.181000e+02 1.416327e+04
7.180500e+02 1.416327e+04
7.180000e+02 1.387010e+04
7.179500e+02 1.387010e+04
7.179000e+02 1.349060e+04
7.178500e+02 1.349060e+04
7.178000e+02 1.334963e+04
7.177500e+02 1.334963e+04
7.177000e+02 1.318033e+04
7.176500e+02 1.318033e+04
7.176000e+02 1.296993e+04
7.175500e+02 1.296993e+04
7.175000e+02 1.283520e+04
7.174500e+02 1.283520e+04
7.174000e+02 1.268153e+04
7.173500e+02 1.268153e+04
7.173000e+02 1.264530e+04
7.172500e+02 1.264530e+04
7.172000e+02 1.256367e+04
7.171500e+02 1.256367e+04
7.171000e+02 1.247667e+04
7.170500e+02 1.247667e+04
7.170000e+02 1.241990e+04
7.169500e+02 1.241990e+04
7.169000e+02 1.231143e+04
7.168500e+02 1.231143e+04
7.168000e+02 1.227200e+04
7.167500e+02 1.227200e+04
7.167000e+02 1.225247e+04
7.166500e+02 1.225247e+04
7.166000e+02 1.218837e+04
7.165500e+02 1.218837e+04
7.165000e+02 1.220390e+04
7.164500e+02 1.220390e+04
7.164000e+02 1.218017e+04
7.163500e+02 1.218017e+04
7.163000e+02 1.214343e+04
7.162500e+02 1.214343e+04
7.162000e+02 1.211683e+04
7.161500e+02 1.211683e+04
7.161000e+02 1.217807e+04
7.160500e+02 1.217807e+04
7.160000e+02 1.219520e+04
7.159500e+02 1.219520e+04
7.159000e+02 1.215423e+04
7.158500e+02 1.215423e+04
7.158000e+02 1.219080e+04
7.157500e+02 1.219080e+04
7.157000e+02 1.218723e+04
7.156500e+02 1.218723e+04
7.156000e+02 1.223710e+04
7.155500e+02 1.223710e+04
7.155000e+02 1.223553e+04
7.154500e+02 1.223553e+04
7.154000e+02 1.228597e+04
7.153500e+02 1.228597e+04
7.153000e+02 1.224827e+04
7.152500e+02 1.224827e+04
7.152000e+02 1.223740e+04
7.151500e+02 1.223740e+04
7.151000e+02 1.230367e+04
7.150500e+02 1.230367e+04
7.150000e+02 1.229807e+04
7.149500e+02 1.229807e+04
7.149000e+02 1.243123e+04
7.148500e+02 1.243123e+04
7.148000e+02 1.244200e+04
7.147500e+02 1.244200e+04
7.147000e+02 1.252347e+04
7.146500e+02 1.252347e+04
7.146000e+02 1.253003e+04
7.145500e+02 1.253003e+04
7.145000e+02 1.254350e+04
7.144500e+02 1.254350e+04
7.144000e+02 1.255893e+04
7.143500e+02 1.255893e+04
7.143000e+02 1.260687e+04
7.142500e+02 1.260687e+04
7.142000e+02 1.265230e+04
7.141500e+02 1.265230e+04
7.141000e+02 1.273337e+04
7.140500e+02 1.273337e+04
7.140000e+02 1.268763e+04
7.139500e+02 1.268763e+04
7.139000e+02 1.277510e+04
7.138500e+02 1.277510e+04
7.138000e+02 1.283420e+04
7.137500e+02 1.283420e+04
7.137000e+02 1.286200e+04
7.136500e+02 1.286200e+04
7.136000e+02 1.294317e+04
7.135500e+02 1.294317e+04
7.135000e+02 1.301090e+04
7.134500e+02 1.301090e+04
7.134000e+02 1.303573e+04
7.133500e+02 1.303573e+04
7.133000e+02 1.302490e+04
7.132500e+02 1.302490e+04
7.132000e+02 1.303520e+04
7.131500e+02 1.303520e+04
7.131000e+02 1.317643e+04
7.130500e+02 1.317643e+04
7.130000e+02 1.316137e+04
7.129500e+02 1.316137e+04
7.129000e+02 1.319357e+04
7.128500e+02 1.319357e+04
7.128000e+02 1.323173e+04
7.127500e+02 1.323173e+04
7.127000e+02 1.328497e+04
7.126500e+02 1.328497e+04
7.126000e+02 1.329760e+04
7.125500e+02 1.329760e+04
7.125000e+02 1.323597e+04
7.124500e+02 1.323597e+04
7.124000e+02 1.336137e+04
7.123500e+02 1.336137e+04
7.123000e+02 1.342340e+04
7.122500e+02 1.342340e+04
7.122000e+02 1.353197e+04
7.121500e+02 1.353197e+04
7.121000e+02 1.359620e+04
7.120500e+02 1.359620e+04
7.120000e+02 1.356523e+04
7.119500e+02 1.356523e+04
7.119000e+02 1.362623e+04
7.118500e+02 1.362623e+04
7.118000e+02 1.381080e+04
7.117500e+02 1.381080e+04
7.117000e+02 1.390190e+04
7.116500e+02 1.390190e+04
7.116000e+02 1.392100e+04
7.115500e+02 1.392100e+04
7.115000e+02 1.400667e+04
7.114500e+02 1.400667e+04
7.114000e+02 1.417183e+04
7.113500e+02 1.417183e+04
7.113000e+02 1.424513e+04
7.112500e+02 1.424513e+04
7.112000e+02 1.434007e+04
7.111500e+02 1.434007e+04
7.111000e+02 1.447380e+04
7.110500e+02 1.447380e+04
7.110000e+02 1.461950e+04
7.109500e+02 1.461950e+04
7.109000e+02 1.481250e+04
7.108500e+02 1.481250e+04
7.108000e+02 1.492323e+04
7.107500e+02 1.492323e+04
7.107000e+02 1.501293e+04
7.106500e+02 1.501293e+04
7.106000e+02 1.523677e+04
7.105500e+02 1.523677e+04
7.105000e+02 1.535517e+04
7.104500e+02 1.535517e+04
7.104000e+02 1.544843e+04
7.103500e+02 1.544843e+04
7.103000e+02 1.554237e+04
7.102500e+02 1.554237e+04
7.102000e+02 1.576620e+04
7.101500e+02 1.576620e+04
7.101000e+02 1.583847e+04
7.100500e+02 1.583847e+04
7.100000e+02 1.606287e+04
7.099500e+02 1.606287e+04
7.099000e+02 1.619443e+04
7.098500e+02 1.619443e+04
7.098000e+02 1.636793e+04
7.097500e+02 1.636793e+04
7.097000e+02 1.658953e+04
7.096500e+02 1.658953e+04
7.096000e+02 1.670607e+04
7.095500e+02 1.670607e+04
7.095000e+02 1.691077e+04
7.094500e+02 1.691077e+04
7.094000e+02 1.716780e+04
7.093500e+02 1.716780e+04
7.093000e+02 1.742053e+04
7.092500e+02 1.742053e+04
7.092000e+02 1.758837e+04
7.091500e+02 1.758837e+04
7.091000e+02 1.792643e+04
7.090500e+02 1.792643e+04
7.090000e+02 1.837023e+04
7.089500e+02 1.837023e+04
7.089000e+02 1.867743e+04
7.088500e+02 1.867743e+04
7.088000e+02 1.902057e+04
7.087500e+02 1.902057e+04
7.087000e+02 1.952217e+04
7.086500e+02 1.952217e+04
7.086000e+02 2.009560e+04
7.085500e+02 2.009560e+04
7.085000e+02 2.065010e+04
7.084500e+02 2.065010e+04
7.084000e+02 2.127270e+04
7.083500e+02 2.127270e+04
7.083000e+02 2.205103e+04
7.082500e+02 2.205103e+04
7.082000e+02 2.308727e+04
7.081500e+02 2.308727e+04
7.081000e+02 2.416107e+04
7.080500e+02 2.416107e+04
7.080000e+02 2.533107e+04
7.079500e+02 2.533107e+04
7.079000e+02 2.669173e+04
7.078500e+02 2.669173e+04
7.078000e+02 2.857163e+04
7.077500e+02 2.857163e+04
7.077000e+02 3.039197e+04
7.076500e+02 3.039197e+04
7.076000e+02 3.234240e+04
7.075500e+02 3.234240e+04
7.075000e+02 3.443967e+04
7.074500e+02 3.443967e+04
7.074000e+02 3.636933e+04
7.073500e+02 3.636933e+04
7.073000e+02 3.813367e+04
7.072500e+02 3.813367e+04
7.072000e+02 3.976033e+04
7.071500e+02 3.976033e+04
7.071000e+02 4.163033e+04
7.070500e+02 4.163033e+04
7.070000e+02 4.407833e+04
7.069500e+02 4.407833e+04
7.069000e+02 4.692367e+04
7.068500e+02 4.692367e+04
7.068000e+02 5.021800e+04
7.067500e+02 5.021800e+04
7.067000e+02 5.320933e+04
7.066500e+02 5.320933e+04
7.066000e+02 5.485033e+04
7.065500e+02 5.485033e+04
7.065000e+02 5.413000e+04
7.064500e+02 5.413000e+04
7.064000e+02 5.024800e+04
7.063500e+02 5.024800e+04
7.063000e+02 4.361400e+04
7.062500e+02 4.361400e+04
7.062000e+02 3.516700e+04
7.061500e+02 3.516700e+04
7.061000e+02 2.672047e+04
7.060500e+02 2.672047e+04
7.060000e+02 1.951670e+04
7.059500e+02 1.951670e+04
7.059000e+02 1.424440e+04
7.058500e+02 1.424440e+04
7.058000e+02 1.065797e+04
7.057500e+02 1.065797e+04
7.057000e+02 8.352367e+03
7.056500e+02 8.352367e+03
7.056000e+02 6.853267e+03
7.055500e+02 6.853267e+03
7.055000e+02 5.783200e+03
7.054500e+02 5.783200e+03
7.054000e+02 5.015800e+03
7.053500e+02 5.015800e+03
7.053000e+02 4.427133e+03
7.052500e+02 4.427133e+03
7.052000e+02 4.015733e+03
7.051500e+02 4.015733e+03
7.051000e+02 3.682033e+03
7.050500e+02 3.682033e+03
7.050000e+02 3.439767e+03
7.049500e+02 3.439767e+03
7.049000e+02 3.221873e+03
7.048500e+02 3.221873e+03
7.048000e+02 3.029637e+03
7.047500e+02 3.029637e+03
7.047000e+02 2.864947e+03
7.046500e+02 2.864947e+03
7.046000e+02 2.695263e+03
7.045500e+02 2.695263e+03
7.045000e+02 2.541727e+03
7.044500e+02 2.541727e+03
7.044000e+02 2.435330e+03
7.043500e+02 2.435330e+03
7.043000e+02 2.375573e+03
7.042500e+02 2.375573e+03
7.042000e+02 2.308283e+03
7.041500e+02 2.308283e+03
7.041000e+02 2.216300e+03
7.040500e+02 2.216300e+03
7.040000e+02 2.158980e+03
7.039500e+02 2.158980e+03
7.039000e+02 2.074823e+03
7.038500e+02 2.074823e+03
7.038000e+02 2.022230e+03
7.037500e+02 2.022230e+03
7.037000e+02 1.995260e+03
7.036500e+02 1.995260e+03
7.036000e+02 1.950510e+03
7.035500e+02 1.950510e+03
7.035000e+02 1.896397e+03
7.034500e+02 1.896397e+03
7.034000e+02 1.834487e+03
7.033500e+02 1.834487e+03
7.033000e+02 1.782963e+03
7.032500e+02 1.782963e+03
7.032000e+02 1.774073e+03
7.031500e+02 1.774073e+03
7.031000e+02 1.732453e+03
7.030500e+02 1.732453e+03
7.030000e+02 1.703070e+03
7.029500e+02 1.703070e+03
7.029000e+02 1.713040e+03
7.028500e+02 1.713040e+03
7.028000e+02 1.655590e+03
7.027500e+02 1.655590e+03
7.027000e+02 1.656197e+03
7.026500e+02 1.656197e+03
7.026000e+02 1.633673e+03
7.025500e+02 1.633673e+03
7.025000e+02 1.603027e+03
7.024500e+02 1.603027e+03
7.024000e+02 1.603283e+03
7.023500e+02 1.603283e+03
7.023000e+02 1.578747e+03
7.022500e+02 1.578747e+03
7.022000e+02 1.570627e+03
7.021500e+02 1.570627e+03
7.021000e+02 1.547140e+03
7.020500e+02 1.547140e+03
7.020000e+02 1.516600e+03
7.019500e+02 1.516600e+03
7.019000e+02 1.508973e+03
7.018500e+02 1.508973e+03
7.018000e+02 1.495770e+03
7.017500e+02 1.495770e+03
7.017000e+02 1.474473e+03
7.016500e+02 1.474473e+03
7.016000e+02 1.463280e+03
7.015500e+02 1.463280e+03
7.015000e+02 1.446327e+03
7.014500e+02 1.446327e+03
7.014000e+02 1.456023e+03
7.013500e+02 1.456023e+03
7.013000e+02 1.425110e+03
7.012500e+02 1.425110e+03
7.012000e+02 1.394570e+03
7.011500e+02 1.394570e+03
7.011000e+02 1.405323e+03
7.010500e+02 1.405323e+03
7.010000e+02 1.385343e+03
7.009500e+02 1.385343e+03
7.009000e+02 1.396943e+03
7.008500e+02 1.396943e+03
7.008000e+02 1.398830e+03
7.007500e+02 1.398830e+03
7.007000e+02 1.394027e+03
7.006500e+02 1.394027e+03
7.006000e+02 1.381977e+03
7.005500e+02 1.381977e+03
7.005000e+02 1.369710e+03
7.004500e+02 1.369710e+03
7.004000e+02 1.353727e+03
7.003500e+02 1.353727e+03
7.003000e+02 1.336587e+03
7.002500e+02 1.336587e+03
7.002000e+02 1.331057e+03
7.001500e+02 1.331057e+03
7.001000e+02 1.352020e+03
7.000500e+02 1.352020e+03
7.000000e+02 1.330413e+03
6.999500e+02 1.330413e+03
6.999000e+02 1.317973e+03
6.998500e+02 1.317973e+03
6.998000e+02 1.302593e+03
6.997500e+02 1.302593e+03
6.997000e+02 1.291273e+03
6.996500e+02 1.291273e+03
6.996000e+02 1.311937e+03
6.995500e+02 1.311937e+03
6.995000e+02 1.310150e+03
6.994500e+02 1.310150e+03
6.994000e+02 1.293153e+03
6.993500e+02 1.293153e+03
6.993000e+02 1.288663e+03
6.992500e+02 1.288663e+03
6.992000e+02 1.285823e+03
6.991500e+02 1.285823e+03
6.991000e+02 1.305353e+03
6.990500e+02 1.305353e+03
6.990000e+02 1.297250e+03
6.989500e+02 1.297250e+03
6.989000e+02 1.276420e+03
6.988500e+02 1.276420e+03
6.988000e+02 1.273183e+03
6.987500e+02 1.273183e+03
6.987000e+02 1.268837e+03
6.986500e+02 1.268837e+03
6.986000e+02 1.281217e+03
6.985500e+02 1.281217e+03
6.985000e+02 1.284917e+03
6.984500e+02 1.284917e+03
6.984000e+02 1.288283e+03
6.983500e+02 1.288283e+03
6.983000e+02 1.285647e+03
6.982500e+02 1.285647e+03
6.982000e+02 1.257090e+03
6.981500e+02 1.257090e+03
6.981000e+02 1.279000e+03
6.980500e+02 1.279000e+03
6.980000e+02 1.256560e+03
6.979500e+02 1.256560e+03
6.979000e+02 1.257673e+03
6.978500e+02 1.257673e+03
6.978000e+02 1.258797e+03
6.977500e+02 1.258797e+03
6.977000e+02 1.255660e+03
6.976500e+02 1.255660e+03
6.976000e+02 1.243003e+03
6.975500e+02 1.243003e+03
6.975000e+02 1.256273e+03
6.974500e+02 1.256273e+03
6.974000e+02 1.214677e+03
6.973500e+02 1.214677e+03
6.973000e+02 1.234697e+03
6.972500e+02 1.234697e+03
6.972000e+02 1.222113e+03
6.971500e+02 1.222113e+03
6.971000e+02 1.231710e+03
6.970500e+02 1.231710e+03
6.970000e+02 1.229630e+03
6.969500e+02 1.229630e+03
6.969000e+02 1.231923e+03
6.968500e+02 1.231923e+03
6.968000e+02 1.227113e+03
6.967500e+02 1.227113e+03
6.967000e+02 1.227287e+03
6.966500e+02 1.227287e+03
6.966000e+02 1.240517e+03
6.965500e+02 1.240517e+03
6.965000e+02 1.224910e+03
6.964500e+02 1.224910e+03
6.964000e+02 1.204783e+03
6.963500e+02 1.204783e+03
6.963000e+02 1.211727e+03
6.962500e+02 1.211727e+03
6.962000e+02 1.225397e+03
6.961500e+02 1.225397e+03
6.961000e+02 1.215387e+03
6.960500e+02 1.215387e+03
6.960000e+02 1.208483e+03
6.959500e+02 1.208483e+03
6.959000e+02 1.223107e+03
6.958500e+02 1.223107e+03
6.958000e+02 1.226523e+03
6.957500e+02 1.226523e+03
6.957000e+02 1.206467e+03
6.956500e+02 1.206467e+03
6.956000e+02 1.191263e+03
6.955500e+02 1.191263e+03
6.955000e+02 1.208387e+03
6.954500e+02 1.208387e+03
6.954000e+02 1.214387e+03
6.953500e+02 1.214387e+03
6.953000e+02 1.208923e+03
6.952500e+02 1.208923e+03
6.952000e+02 1.204790e+03
6.951500e+02 1.204790e+03
6.951000e+02 1.201137e+03
6.950500e+02 1.201137e+03
6.950000e+02 1.203933e+03
6.949500e+02 1.203933e+03
6.949000e+02 1.190553e+03
6.948500e+02 1.190553e+03
6.948000e+02 1.190693e+03
6.947500e+02 1.190693e+03
6.947000e+02 1.189670e+03
6.946500e+02 1.189670e+03
6.946000e+02 1.184720e+03
6.945500e+02 1.184720e+03
6.945000e+02 1.200230e+03
6.944500e+02 1.200230e+03
6.944000e+02 1.176260e+03
6.943500e+02 1.176260e+03
6.943000e+02 1.155047e+03
6.942500e+02 1.155047e+03
6.942000e+02 1.182923e+03
6.941500e+02 1.182923e+03
6.941000e+02 1.190330e+03
6.940500e+02 1.190330e+03
6.940000e+02 1.164773e+03
