Co2pFe2p Co3O4
8.400000e+02 1.624770e+04
8.399500e+02 1.624770e+04
8.399000e+02 1.633050e+04
8.398500e+02 1.633050e+04
8.398000e+02 1.635643e+04
8.397500e+02 1.635643e+04
8.397000e+02 1.638027e+04
8.396500e+02 1.638027e+04
8.396000e+02 1.641050e+04
8.395500e+02 1.641050e+04
8.395000e+02 1.632640e+04
8.394500e+02 1.632640e+04
8.394000e+02 1.635667e+04
8.393500e+02 1.635667e+04
8.393000e+02 1.642730e+04
8.392500e+02 1.642730e+04
8.392000e+02 1.642460e+04
8.391500e+02 1.642460e+04
8.391000e+02 1.649167e+04
8.390500e+02 1.649167e+04
8.390000e+02 1.643783e+04
8.389500e+02 1.643783e+04
8.389000e+02 1.637897e+04
8.388500e+02 1.637897e+04
8.388000e+02 1.643697e+04
8.387500e+02 1.643697e+04
8.387000e+02 1.645337e+04
8.386500e+02 1.645337e+04
8.386000e+02 1.644410e+04
8.385500e+02 1.644410e+04
8.385000e+02 1.645187e+04
8.384500e+02 1.645187e+04
8.384000e+02 1.641023e+04
8.383500e+02 1.641023e+04
8.383000e+02 1.636570e+04
8.382500e+02 1.636570e+04
8.382000e+02 1.643670e+04
8.381500e+02 1.643670e+04
8.381000e+02 1.644343e+04
8.380500e+02 1.644343e+04
8.380000e+02 1.640363e+04
8.379500e+02 1.640363e+04
8.379000e+02 1.634910e+04
8.378500e+02 1.634910e+04
8.378000e+02 1.642860e+04
8.377500e+02 1.642860e+04
8.377000e+02 1.638900e+04
8.376500e+02 1.638900e+04
8.376000e+02 1.638257e+04
8.375500e+02 1.638257e+04
8.375000e+02 1.640960e+04
8.374500e+02 1.640960e+04
8.374000e+02 1.639417e+04
8.373500e+02 1.639417e+04
8.373000e+02 1.639333e+04
8.372500e+02 1.639333e+04
8.372000e+02 1.635097e+04
8.371500e+02 1.635097e+04
8.371000e+02 1.636933e+04
8.370500e+02 1.636933e+04
8.370000e+02 1.631273e+04
8.369500e+02 1.631273e+04
8.369000e+02 1.630107e+04
8.368500e+02 1.630107e+04
8.368000e+02 1.638993e+04
8.367500e+02 1.638993e+04
8.367000e+02 1.636427e+04
8.366500e+02 1.636427e+04
8.366000e+02 1.632353e+04
8.365500e+02 1.632353e+04
8.365000e+02 1.633450e+04
8.364500e+02 1.633450e+04
8.364000e+02 1.627320e+04
8.363500e+02 1.627320e+04
8.363000e+02 1.626193e+04
8.362500e+02 1.626193e+04
8.362000e+02 1.624860e+04
8.361500e+02 1.624860e+04
8.361000e+02 1.622963e+04
8.360500e+02 1.622963e+04
8.360000e+02 1.619980e+04
8.359500e+02 1.619980e+04
8.359000e+02 1.624210e+04
8.358500e+02 1.624210e+04
8.358000e+02 1.625280e+04
8.357500e+02 1.625280e+04
8.357000e+02 1.619803e+04
8.356500e+02 1.619803e+04
8.356000e+02 1.618793e+04
8.355500e+02 1.618793e+04
8.355000e+02 1.622083e+04
8.354500e+02 1.622083e+04
8.354000e+02 1.621010e+04
8.353500e+02 1.621010e+04
8.353000e+02 1.624253e+04
8.352500e+02 1.624253e+04
8.352000e+02 1.624810e+04
8.351500e+02 1.624810e+04
8.351000e+02 1.620843e+04
8.350500e+02 1.620843e+04
8.350000e+02 1.621130e+04
8.349500e+02 1.621130e+04
8.349000e+02 1.626323e+04
8.348500e+02 1.626323e+04
8.348000e+02 1.623863e+04
8.347500e+02 1.623863e+04
8.347000e+02 1.622183e+04
8.346500e+02 1.622183e+04
8.346000e+02 1.626603e+04
8.345500e+02 1.626603e+04
8.345000e+02 1.624213e+04
8.344500e+02 1.624213e+04
8.344000e+02 1.620837e+04
8.343500e+02 1.620837e+04
8.343000e+02 1.622000e+04
8.342500e+02 1.622000e+04
8.342000e+02 1.629073e+04
8.341500e+02 1.629073e+04
8.341000e+02 1.622180e+04
8.340500e+02 1.622180e+04
8.340000e+02 1.625043e+04
8.339500e+02 1.625043e+04
8.339000e+02 1.626817e+04
8.338500e+02 1.626817e+04
8.338000e+02 1.628067e+04
8.337500e+02 1.628067e+04
8.337000e+02 1.628547e+04
8.336500e+02 1.628547e+04
8.336000e+02 1.637070e+04
8.335500e+02 1.637070e+04
8.335000e+02 1.631790e+04
8.334500e+02 1.631790e+04
8.334000e+02 1.631320e+04
8.333500e+02 1.631320e+04
8.333000e+02 1.630687e+04
8.332500e+02 1.630687e+04
8.332000e+02 1.626557e+04
8.331500e+02 1.626557e+04
8.331000e+02 1.628393e+04
8.330500e+02 1.628393e+04
8.330000e+02 1.632863e+04
8.329500e+02 1.632863e+04
8.329000e+02 1.626533e+04
8.328500e+02 1.626533e+04
8.328000e+02 1.631980e+04
8.327500e+02 1.631980e+04
8.327000e+02 1.630927e+04
8.326500e+02 1.630927e+04
8.326000e+02 1.634710e+04
8.325500e+02 1.634710e+04
8.325000e+02 1.633133e+04
8.324500e+02 1.633133e+04
8.324000e+02 1.637537e+04
8.323500e+02 1.637537e+04
8.323000e+02 1.635210e+04
8.322500e+02 1.635210e+04
8.322000e+02 1.635510e+04
8.321500e+02 1.635510e+04
8.321000e+02 1.632760e+04
8.320500e+02 1.632760e+04
8.320000e+02 1.629810e+04
8.319500e+02 1.629810e+04
8.319000e+02 1.625523e+04
8.318500e+02 1.625523e+04
8.318000e+02 1.628727e+04
8.317500e+02 1.628727e+04
8.317000e+02 1.628523e+04
8.316500e+02 1.628523e+04
8.316000e+02 1.623060e+04
8.315500e+02 1.623060e+04
8.315000e+02 1.621773e+04
8.314500e+02 1.621773e+04
8.314000e+02 1.619903e+04
8.313500e+02 1.619903e+04
8.313000e+02 1.628970e+04
8.312500e+02 1.628970e+04
8.312000e+02 1.616757e+04
8.311500e+02 1.616757e+04
8.311000e+02 1.619707e+04
8.310500e+02 1.619707e+04
8.310000e+02 1.617943e+04
8.309500e+02 1.617943e+04
8.309000e+02 1.611247e+04
8.308500e+02 1.611247e+04
8.308000e+02 1.603543e+04
8.307500e+02 1.603543e+04
8.307000e+02 1.606590e+04
8.306500e+02 1.606590e+04
8.306000e+02 1.594610e+04
8.305500e+02 1.594610e+04
8.305000e+02 1.591707e+04
8.304500e+02 1.591707e+04
8.304000e+02 1.593283e+04
8.303500e+02 1.593283e+04
8.303000e+02 1.588407e+04
8.302500e+02 1.588407e+04
8.302000e+02 1.580650e+04
8.301500e+02 1.580650e+04
8.301000e+02 1.569760e+04
8.300500e+02 1.569760e+04
8.300000e+02 1.569857e+04
8.299500e+02 1.569857e+04
8.299000e+02 1.560063e+04
8.298500e+02 1.560063e+04
8.298000e+02 1.559120e+04
8.297500e+02 1.559120e+04
8.297000e+02 1.548883e+04
8.296500e+02 1.548883e+04
8.296000e+02 1.545303e+04
8.295500e+02 1.545303e+04
8.295000e+02 1.539460e+04
8.294500e+02 1.539460e+04
8.294000e+02 1.533687e+04
8.293500e+02 1.533687e+04
8.293000e+02 1.529477e+04
8.292500e+02 1.529477e+04
8.292000e+02 1.526430e+04
8.291500e+02 1.526430e+04
8.291000e+02 1.522670e+04
8.290500e+02 1.522670e+04
8.290000e+02 1.515947e+04
8.289500e+02 1.515947e+04
8.289000e+02 1.509943e+04
8.288500e+02 1.509943e+04
8.288000e+02 1.501553e+04
8.287500e+02 1.501553e+04
8.287000e+02 1.498290e+04
8.286500e+02 1.498290e+04
8.286000e+02 1.490910e+04
8.285500e+02 1.490910e+04
8.285000e+02 1.490737e+04
8.284500e+02 1.490737e+04
8.284000e+02 1.482623e+04
8.283500e+02 1.482623e+04
8.283000e+02 1.477057e+04
8.282500e+02 1.477057e+04
8.282000e+02 1.470570e+04
8.281500e+02 1.470570e+04
8.281000e+02 1.465990e+04
8.280500e+02 1.465990e+04
8.280000e+02 1.467033e+04
8.279500e+02 1.467033e+04
8.279000e+02 1.464347e+04
8.278500e+02 1.464347e+04
8.278000e+02 1.455573e+04
8.277500e+02 1.455573e+04
8.277000e+02 1.456243e+04
8.276500e+02 1.456243e+04
8.276000e+02 1.451980e+04
8.275500e+02 1.451980e+04
8.275000e+02 1.452403e+04
8.274500e+02 1.452403e+04
8.274000e+02 1.448670e+04
8.273500e+02 1.448670e+04
8.273000e+02 1.441607e+04
8.272500e+02 1.441607e+04
8.272000e+02 1.445703e+04
8.271500e+02 1.445703e+04
8.271000e+02 1.442443e+04
8.270500e+02 1.442443e+04
8.270000e+02 1.442447e+04
8.269500e+02 1.442447e+04
8.269000e+02 1.441360e+04
8.268500e+02 1.441360e+04
8.268000e+02 1.435727e+04
8.267500e+02 1.435727e+04
8.267000e+02 1.433653e+04
8.266500e+02 1.433653e+04
8.266000e+02 1.435293e+04
8.265500e+02 1.435293e+04
8.265000e+02 1.434007e+04
8.264500e+02 1.434007e+04
8.264000e+02 1.426913e+04
8.263500e+02 1.426913e+04
8.263000e+02 1.427293e+04
8.262500e+02 1.427293e+04
8.262000e+02 1.420517e+04
8.261500e+02 1.420517e+04
8.261000e+02 1.425913e+04
8.260500e+02 1.425913e+04
8.260000e+02 1.429000e+04
8.259500e+02 1.429000e+04
8.259000e+02 1.429037e+04
8.258500e+02 1.429037e+04
8.258000e+02 1.427687e+04
8.257500e+02 1.427687e+04
8.257000e+02 1.423497e+04
8.256500e+02 1.423497e+04
8.256000e+02 1.421357e+04
8.255500e+02 1.421357e+04
8.255000e+02 1.424997e+04
8.254500e+02 1.424997e+04
8.254000e+02 1.426877e+04
8.253500e+02 1.426877e+04
8.253000e+02 1.426397e+04
8.252500e+02 1.426397e+04
8.252000e+02 1.419957e+04
8.251500e+02 1.419957e+04
8.251000e+02 1.421137e+04
8.250500e+02 1.421137e+04
8.250000e+02 1.423540e+04
8.249500e+02 1.423540e+04
8.249000e+02 1.421540e+04
8.248500e+02 1.421540e+04
8.248000e+02 1.429547e+04
8.247500e+02 1.429547e+04
8.247000e+02 1.424260e+04
8.246500e+02 1.424260e+04
8.246000e+02 1.422727e+04
8.245500e+02 1.422727e+04
8.245000e+02 1.418407e+04
8.244500e+02 1.418407e+04
8.244000e+02 1.418630e+04
8.243500e+02 1.418630e+04
8.243000e+02 1.421523e+04
8.242500e+02 1.421523e+04
8.242000e+02 1.420460e+04
8.241500e+02 1.420460e+04
8.241000e+02 1.421497e+04
8.240500e+02 1.421497e+04
8.240000e+02 1.423000e+04
8.239500e+02 1.423000e+04
8.239000e+02 1.424310e+04
8.238500e+02 1.424310e+04
8.238000e+02 1.422143e+04
8.237500e+02 1.422143e+04
8.237000e+02 1.420957e+04
8.236500e+02 1.420957e+04
8.236000e+02 1.421590e+04
8.235500e+02 1.421590e+04
8.235000e+02 1.422013e+04
8.234500e+02 1.422013e+04
8.234000e+02 1.419820e+04
8.233500e+02 1.419820e+04
8.233000e+02 1.417487e+04
8.232500e+02 1.417487e+04
8.232000e+02 1.422287e+04
8.231500e+02 1.422287e+04
8.231000e+02 1.423210e+04
8.230500e+02 1.423210e+04
8.230000e+02 1.416483e+04
8.229500e+02 1.416483e+04
8.229000e+02 1.424930e+04
8.228500e+02 1.424930e+04
8.228000e+02 1.419300e+04
8.227500e+02 1.419300e+04
8.227000e+02 1.423507e+04
8.226500e+02 1.423507e+04
8.226000e+02 1.420813e+04
8.225500e+02 1.420813e+04
8.225000e+02 1.417780e+04
8.224500e+02 1.417780e+04
8.224000e+02 1.417393e+04
8.223500e+02 1.417393e+04
8.223000e+02 1.418600e+04
8.222500e+02 1.418600e+04
8.222000e+02 1.418700e+04
8.221500e+02 1.418700e+04
8.221000e+02 1.422943e+04
8.220500e+02 1.422943e+04
8.220000e+02 1.422150e+04
8.219500e+02 1.422150e+04
8.219000e+02 1.420703e+04
8.218500e+02 1.420703e+04
8.218000e+02 1.416530e+04
8.217500e+02 1.416530e+04
8.217000e+02 1.415003e+04
8.216500e+02 1.415003e+04
8.216000e+02 1.417050e+04
8.215500e+02 1.417050e+04
8.215000e+02 1.416883e+04
8.214500e+02 1.416883e+04
8.214000e+02 1.410273e+04
8.213500e+02 1.410273e+04
8.213000e+02 1.413677e+04
8.212500e+02 1.413677e+04
8.212000e+02 1.410157e+04
8.211500e+02 1.410157e+04
8.211000e+02 1.414057e+04
8.210500e+02 1.414057e+04
8.210000e+02 1.411863e+04
8.209500e+02 1.411863e+04
8.209000e+02 1.411337e+04
8.208500e+02 1.411337e+04
8.208000e+02 1.410773e+04
8.207500e+02 1.410773e+04
8.207000e+02 1.408820e+04
8.206500e+02 1.408820e+04
8.206000e+02 1.412500e+04
8.205500e+02 1.412500e+04
8.205000e+02 1.411120e+04
8.204500e+02 1.411120e+04
8.204000e+02 1.407080e+04
8.203500e+02 1.407080e+04
8.203000e+02 1.405250e+04
8.202500e+02 1.405250e+04
8.202000e+02 1.408693e+04
8.201500e+02 1.408693e+04
8.201000e+02 1.407110e+04
8.200500e+02 1.407110e+04
8.200000e+02 1.406103e+04
8.199500e+02 1.406103e+04
8.199000e+02 1.398107e+04
8.198500e+02 1.398107e+04
8.198000e+02 1.397897e+04
8.197500e+02 1.397897e+04
8.197000e+02 1.407627e+04
8.196500e+02 1.407627e+04
8.196000e+02 1.402157e+04
8.195500e+02 1.402157e+04
8.195000e+02 1.403607e+04
8.194500e+02 1.403607e+04
8.194000e+02 1.403047e+04
8.193500e+02 1.403047e+04
8.193000e+02 1.396700e+04
8.192500e+02 1.396700e+04
8.192000e+02 1.400907e+04
8.191500e+02 1.400907e+04
8.191000e+02 1.404407e+04
8.190500e+02 1.404407e+04
8.190000e+02 1.399093e+04
8.189500e+02 1.399093e+04
8.189000e+02 1.400837e+04
8.188500e+02 1.400837e+04
8.188000e+02 1.399477e+04
8.187500e+02 1.399477e+04
8.187000e+02 1.399413e+04
8.186500e+02 1.399413e+04
8.186000e+02 1.391620e+04
8.185500e+02 1.391620e+04
8.185000e+02 1.401767e+04
8.184500e+02 1.401767e+04
8.184000e+02 1.396260e+04
8.183500e+02 1.396260e+04
8.183000e+02 1.404420e+04
8.182500e+02 1.404420e+04
8.182000e+02 1.398647e+04
8.181500e+02 1.398647e+04
8.181000e+02 1.391800e+04
8.180500e+02 1.391800e+04
8.180000e+02 1.393577e+04
8.179500e+02 1.393577e+04
8.179000e+02 1.398317e+04
8.178500e+02 1.398317e+04
8.178000e+02 1.400070e+04
8.177500e+02 1.400070e+04
8.177000e+02 1.393070e+04
8.176500e+02 1.393070e+04
8.176000e+02 1.390407e+04
8.175500e+02 1.390407e+04
8.175000e+02 1.394220e+04
8.174500e+02 1.394220e+04
8.174000e+02 1.391523e+04
8.173500e+02 1.391523e+04
8.173000e+02 1.393230e+04
8.172500e+02 1.393230e+04
8.172000e+02 1.394100e+04
8.171500e+02 1.394100e+04
8.171000e+02 1.392063e+04
8.170500e+02 1.392063e+04
8.170000e+02 1.390113e+04
8.169500e+02 1.390113e+04
8.169000e+02 1.386907e+04
8.168500e+02 1.386907e+04
8.168000e+02 1.387300e+04
8.167500e+02 1.387300e+04
8.167000e+02 1.385283e+04
8.166500e+02 1.385283e+04
8.166000e+02 1.382720e+04
8.165500e+02 1.382720e+04
8.165000e+02 1.381110e+04
8.164500e+02 1.381110e+04
8.164000e+02 1.387747e+04
8.163500e+02 1.387747e+04
8.163000e+02 1.386760e+04
8.162500e+02 1.386760e+04
8.162000e+02 1.383527e+04
8.161500e+02 1.383527e+04
8.161000e+02 1.376860e+04
8.160500e+02 1.376860e+04
8.160000e+02 1.382877e+04
8.159500e+02 1.382877e+04
8.159000e+02 1.379450e+04
8.158500e+02 1.379450e+04
8.158000e+02 1.373053e+04
8.157500e+02 1.373053e+04
8.157000e+02 1.377363e+04
8.156500e+02 1.377363e+04
8.156000e+02 1.376963e+04
8.155500e+02 1.376963e+04
8.155000e+02 1.374033e+04
8.154500e+02 1.374033e+04
8.154000e+02 1.370857e+04
8.153500e+02 1.370857e+04
8.153000e+02 1.375593e+04
8.152500e+02 1.375593e+04
8.152000e+02 1.376253e+04
8.151500e+02 1.376253e+04
8.151000e+02 1.374267e+04
8.150500e+02 1.374267e+04
8.150000e+02 1.368980e+04
8.149500e+02 1.368980e+04
8.149000e+02 1.374270e+04
8.148500e+02 1.374270e+04
8.148000e+02 1.369583e+04
8.147500e+02 1.369583e+04
8.147000e+02 1.360053e+04
8.146500e+02 1.360053e+04
8.146000e+02 1.360870e+04
8.145500e+02 1.360870e+04
8.145000e+02 1.364273e+04
8.144500e+02 1.364273e+04
8.144000e+02 1.367180e+04
8.143500e+02 1.367180e+04
8.143000e+02 1.365087e+04
8.142500e+02 1.365087e+04
8.142000e+02 1.364030e+04
8.141500e+02 1.364030e+04
8.141000e+02 1.363097e+04
8.140500e+02 1.363097e+04
8.140000e+02 1.367937e+04
8.139500e+02 1.367937e+04
8.139000e+02 1.367293e+04
8.138500e+02 1.367293e+04
8.138000e+02 1.355443e+04
8.137500e+02 1.355443e+04
8.137000e+02 1.359173e+04
8.136500e+02 1.359173e+04
8.136000e+02 1.360857e+04
8.135500e+02 1.360857e+04
8.135000e+02 1.359990e+04
8.134500e+02 1.359990e+04
8.134000e+02 1.357403e+04
8.133500e+02 1.357403e+04
8.133000e+02 1.353917e+04
8.132500e+02 1.353917e+04
8.132000e+02 1.353253e+04
8.131500e+02 1.353253e+04
8.131000e+02 1.361617e+04
8.130500e+02 1.361617e+04
8.130000e+02 1.362590e+04
8.129500e+02 1.362590e+04
8.129000e+02 1.356497e+04
8.128500e+02 1.356497e+04
8.128000e+02 1.350100e+04
8.127500e+02 1.350100e+04
8.127000e+02 1.348303e+04
8.126500e+02 1.348303e+04
8.126000e+02 1.342683e+04
8.125500e+02 1.342683e+04
8.125000e+02 1.345237e+04
8.124500e+02 1.345237e+04
8.124000e+02 1.343877e+04
8.123500e+02 1.343877e+04
8.123000e+02 1.345173e+04
8.122500e+02 1.345173e+04
8.122000e+02 1.346073e+04
8.121500e+02 1.346073e+04
8.121000e+02 1.351580e+04
8.120500e+02 1.351580e+04
8.120000e+02 1.350050e+04
8.119500e+02 1.350050e+04
8.119000e+02 1.346213e+04
8.118500e+02 1.346213e+04
8.118000e+02 1.344020e+04
8.117500e+02 1.344020e+04
8.117000e+02 1.349810e+04
8.116500e+02 1.349810e+04
8.116000e+02 1.355347e+04
8.115500e+02 1.355347e+04
8.115000e+02 1.349520e+04
8.114500e+02 1.349520e+04
8.114000e+02 1.349383e+04
8.113500e+02 1.349383e+04
8.113000e+02 1.348673e+04
8.112500e+02 1.348673e+04
8.112000e+02 1.352383e+04
8.111500e+02 1.352383e+04
8.111000e+02 1.347970e+04
8.110500e+02 1.347970e+04
8.110000e+02 1.346440e+04
8.109500e+02 1.346440e+04
8.109000e+02 1.341860e+04
8.108500e+02 1.341860e+04
8.108000e+02 1.343753e+04
8.107500e+02 1.343753e+04
8.107000e+02 1.350860e+04
8.106500e+02 1.350860e+04
8.106000e+02 1.349970e+04
8.105500e+02 1.349970e+04
8.105000e+02 1.350453e+04
8.104500e+02 1.350453e+04
8.104000e+02 1.347203e+04
8.103500e+02 1.347203e+04
8.103000e+02 1.350330e+04
8.102500e+02 1.350330e+04
8.102000e+02 1.350390e+04
8.101500e+02 1.350390e+04
8.101000e+02 1.347173e+04
8.100500e+02 1.347173e+04
8.100000e+02 1.348587e+04
8.099500e+02 1.348587e+04
8.099000e+02 1.351900e+04
8.098500e+02 1.351900e+04
8.098000e+02 1.352560e+04
8.097500e+02 1.352560e+04
8.097000e+02 1.355813e+04
8.096500e+02 1.355813e+04
8.096000e+02 1.355860e+04
8.095500e+02 1.355860e+04
8.095000e+02 1.361733e+04
8.094500e+02 1.361733e+04
8.094000e+02 1.352967e+04
8.093500e+02 1.352967e+04
8.093000e+02 1.357503e+04
8.092500e+02 1.357503e+04
8.092000e+02 1.355040e+04
8.091500e+02 1.355040e+04
8.091000e+02 1.354273e+04
8.090500e+02 1.354273e+04
8.090000e+02 1.356743e+04
8.089500e+02 1.356743e+04
8.089000e+02 1.360453e+04
8.088500e+02 1.360453e+04
8.088000e+02 1.362207e+04
8.087500e+02 1.362207e+04
8.087000e+02 1.364870e+04
8.086500e+02 1.364870e+04
8.086000e+02 1.366000e+04
8.085500e+02 1.366000e+04
8.085000e+02 1.369830e+04
8.084500e+02 1.369830e+04
8.084000e+02 1.370060e+04
8.083500e+02 1.370060e+04
8.083000e+02 1.370990e+04
8.082500e+02 1.370990e+04
8.082000e+02 1.375087e+04
8.081500e+02 1.375087e+04
8.081000e+02 1.377123e+04
8.080500e+02 1.377123e+04
8.080000e+02 1.376607e+04
8.079500e+02 1.376607e+04
8.079000e+02 1.378533e+04
8.078500e+02 1.378533e+04
8.078000e+02 1.379703e+04
8.077500e+02 1.379703e+04
8.077000e+02 1.389463e+04
8.076500e+02 1.389463e+04
8.076000e+02 1.391200e+04
8.075500e+02 1.391200e+04
8.075000e+02 1.392230e+04
8.074500e+02 1.392230e+04
8.074000e+02 1.393503e+04
8.073500e+02 1.393503e+04
8.073000e+02 1.400823e+04
8.072500e+02 1.400823e+04
8.072000e+02 1.408167e+04
8.071500e+02 1.408167e+04
8.071000e+02 1.411513e+04
8.070500e+02 1.411513e+04
8.070000e+02 1.416873e+04
8.069500e+02 1.416873e+04
8.069000e+02 1.413523e+04
8.068500e+02 1.413523e+04
8.068000e+02 1.424917e+04
8.067500e+02 1.424917e+04
8.067000e+02 1.430790e+04
8.066500e+02 1.430790e+04
8.066000e+02 1.437930e+04
8.065500e+02 1.437930e+04
8.065000e+02 1.433340e+04
8.064500e+02 1.433340e+04
8.064000e+02 1.435907e+04
8.063500e+02 1.435907e+04
8.063000e+02 1.441370e+04
8.062500e+02 1.441370e+04
8.062000e+02 1.446353e+04
8.061500e+02 1.446353e+04
8.061000e+02 1.451853e+04
8.060500e+02 1.451853e+04
8.060000e+02 1.456310e+04
8.059500e+02 1.456310e+04
8.059000e+02 1.463897e+04
8.058500e+02 1.463897e+04
8.058000e+02 1.464697e+04
8.057500e+02 1.464697e+04
8.057000e+02 1.470083e+04
8.056500e+02 1.470083e+04
8.056000e+02 1.470363e+04
8.055500e+02 1.470363e+04
8.055000e+02 1.472123e+04
8.054500e+02 1.472123e+04
8.054000e+02 1.478483e+04
8.053500e+02 1.478483e+04
8.053000e+02 1.479243e+04
8.052500e+02 1.479243e+04
8.052000e+02 1.481453e+04
8.051500e+02 1.481453e+04
8.051000e+02 1.481013e+04
8.050500e+02 1.481013e+04
8.050000e+02 1.487763e+04
8.049500e+02 1.487763e+04
8.049000e+02 1.489570e+04
8.048500e+02 1.489570e+04
8.048000e+02 1.494627e+04
8.047500e+02 1.494627e+04
8.047000e+02 1.499523e+04
8.046500e+02 1.499523e+04
8.046000e+02 1.497850e+04
8.045500e+02 1.497850e+04
8.045000e+02 1.496323e+04
8.044500e+02 1.496323e+04
8.044000e+02 1.495077e+04
8.043500e+02 1.495077e+04
8.043000e+02 1.503183e+04
8.042500e+02 1.503183e+04
8.042000e+02 1.498967e+04
8.041500e+02 1.498967e+04
8.041000e+02 1.499847e+04
8.040500e+02 1.499847e+04
8.040000e+02 1.497763e+04
8.039500e+02 1.497763e+04
8.039000e+02 1.503683e+04
8.038500e+02 1.503683e+04
8.038000e+02 1.495047e+04
8.037500e+02 1.495047e+04
8.037000e+02 1.492663e+04
8.036500e+02 1.492663e+04
8.036000e+02 1.497640e+04
8.035500e+02 1.497640e+04
8.035000e+02 1.487333e+04
8.034500e+02 1.487333e+04
8.034000e+02 1.487710e+04
8.033500e+02 1.487710e+04
8.033000e+02 1.484933e+04
8.032500e+02 1.484933e+04
8.032000e+02 1.485853e+04
8.031500e+02 1.485853e+04
8.031000e+02 1.498767e+04
8.030500e+02 1.498767e+04
8.030000e+02 1.488593e+04
8.029500e+02 1.488593e+04
8.029000e+02 1.482757e+04
8.028500e+02 1.482757e+04
8.028000e+02 1.481917e+04
8.027500e+02 1.481917e+04
8.027000e+02 1.474047e+04
8.026500e+02 1.474047e+04
8.026000e+02 1.472643e+04
8.025500e+02 1.472643e+04
8.025000e+02 1.476813e+04
8.024500e+02 1.476813e+04
8.024000e+02 1.470507e+04
8.023500e+02 1.470507e+04
8.023000e+02 1.464680e+04
8.022500e+02 1.464680e+04
8.022000e+02 1.462680e+04
8.021500e+02 1.462680e+04
8.021000e+02 1.465367e+04
8.020500e+02 1.465367e+04
8.020000e+02 1.456287e+04
8.019500e+02 1.456287e+04
8.019000e+02 1.448033e+04
8.018500e+02 1.448033e+04
8.018000e+02 1.442887e+04
8.017500e+02 1.442887e+04
8.017000e+02 1.442843e+04
8.016500e+02 1.442843e+04
8.016000e+02 1.441300e+04
8.015500e+02 1.441300e+04
8.015000e+02 1.440107e+04
8.014500e+02 1.440107e+04
8.014000e+02 1.436787e+04
8.013500e+02 1.436787e+04
8.013000e+02 1.431497e+04
8.012500e+02 1.431497e+04
8.012000e+02 1.426443e+04
8.011500e+02 1.426443e+04
8.011000e+02 1.428393e+04
8.010500e+02 1.428393e+04
8.010000e+02 1.421533e+04
8.009500e+02 1.421533e+04
8.009000e+02 1.418100e+04
8.008500e+02 1.418100e+04
8.008000e+02 1.420087e+04
8.007500e+02 1.420087e+04
8.007000e+02 1.422187e+04
8.006500e+02 1.422187e+04
8.006000e+02 1.416780e+04
8.005500e+02 1.416780e+04
8.005000e+02 1.419730e+04
8.004500e+02 1.419730e+04
8.004000e+02 1.407577e+04
8.003500e+02 1.407577e+04
8.003000e+02 1.411280e+04
8.002500e+02 1.411280e+04
8.002000e+02 1.414473e+04
8.001500e+02 1.414473e+04
8.001000e+02 1.409050e+04
8.000500e+02 1.409050e+04
8.000000e+02 1.413387e+04
7.999500e+02 1.413387e+04
7.999000e+02 1.410897e+04
7.998500e+02 1.410897e+04
7.998000e+02 1.416593e+04
7.997500e+02 1.416593e+04
7.997000e+02 1.423523e+04
7.996500e+02 1.423523e+04
7.996000e+02 1.419080e+04
7.995500e+02 1.419080e+04
7.995000e+02 1.419103e+04
7.994500e+02 1.419103e+04
7.994000e+02 1.432660e+04
7.993500e+02 1.432660e+04
7.993000e+02 1.432030e+04
7.992500e+02 1.432030e+04
7.992000e+02 1.439253e+04
7.991500e+02 1.439253e+04
7.991000e+02 1.441560e+04
7.990500e+02 1.441560e+04
7.990000e+02 1.449540e+04
7.989500e+02 1.449540e+04
7.989000e+02 1.454697e+04
7.988500e+02 1.454697e+04
7.988000e+02 1.466263e+04
7.987500e+02 1.466263e+04
7.987000e+02 1.478290e+04
7.986500e+02 1.478290e+04
7.986000e+02 1.487257e+04
7.985500e+02 1.487257e+04
7.985000e+02 1.492323e+04
7.984500e+02 1.492323e+04
7.984000e+02 1.511510e+04
7.983500e+02 1.511510e+04
7.983000e+02 1.516867e+04
7.982500e+02 1.516867e+04
7.982000e+02 1.531040e+04
7.981500e+02 1.531040e+04
7.981000e+02 1.547050e+04
7.980500e+02 1.547050e+04
7.980000e+02 1.564120e+04
7.979500e+02 1.564120e+04
7.979000e+02 1.578170e+04
7.978500e+02 1.578170e+04
7.978000e+02 1.599647e+04
7.977500e+02 1.599647e+04
7.977000e+02 1.616460e+04
7.976500e+02 1.616460e+04
7.976000e+02 1.635363e+04
7.975500e+02 1.635363e+04
7.975000e+02 1.649703e+04
7.974500e+02 1.649703e+04
7.974000e+02 1.674867e+04
7.973500e+02 1.674867e+04
7.973000e+02 1.691637e+04
7.972500e+02 1.691637e+04
7.972000e+02 1.714167e+04
7.971500e+02 1.714167e+04
7.971000e+02 1.739610e+04
7.970500e+02 1.739610e+04
7.970000e+02 1.766307e+04
7.969500e+02 1.766307e+04
7.969000e+02 1.785380e+04
7.968500e+02 1.785380e+04
7.968000e+02 1.805703e+04
7.967500e+02 1.805703e+04
7.967000e+02 1.825830e+04
7.966500e+02 1.825830e+04
7.966000e+02 1.850793e+04
7.965500e+02 1.850793e+04
7.965000e+02 1.871287e+04
7.964500e+02 1.871287e+04
7.964000e+02 1.894593e+04
7.963500e+02 1.894593e+04
7.963000e+02 1.906370e+04
7.962500e+02 1.906370e+04
7.962000e+02 1.927817e+04
7.961500e+02 1.927817e+04
7.961000e+02 1.944927e+04
7.960500e+02 1.944927e+04
7.960000e+02 1.957987e+04
7.959500e+02 1.957987e+04
7.959000e+02 1.975730e+04
7.958500e+02 1.975730e+04
7.958000e+02 1.985957e+04
7.957500e+02 1.985957e+04
7.957000e+02 2.000610e+04
7.956500e+02 2.000610e+04
7.956000e+02 2.012043e+04
7.955500e+02 2.012043e+04
7.955000e+02 2.022073e+04
7.954500e+02 2.022073e+04
7.954000e+02 2.028613e+04
7.953500e+02 2.028613e+04
7.953000e+02 2.032753e+04
7.952500e+02 2.032753e+04
7.952000e+02 2.039377e+04
7.951500e+02 2.039377e+04
7.951000e+02 2.057293e+04
7.950500e+02 2.057293e+04
7.950000e+02 2.069497e+04
7.949500e+02 2.069497e+04
7.949000e+02 2.095490e+04
7.948500e+02 2.095490e+04
7.948000e+02 2.119697e+04
7.947500e+02 2.119697e+04
7.947000e+02 2.151473e+04
7.946500e+02 2.151473e+04
7.946000e+02 2.166250e+04
7.945500e+02 2.166250e+04
7.945000e+02 2.176970e+04
7.944500e+02 2.176970e+04
7.944000e+02 2.167630e+04
7.943500e+02 2.167630e+04
7.943000e+02 2.130320e+04
7.942500e+02 2.130320e+04
7.942000e+02 2.066427e+04
7.941500e+02 2.066427e+04
7.941000e+02 1.972583e+04
7.940500e+02 1.972583e+04
7.940000e+02 1.876347e+04
7.939500e+02 1.876347e+04
7.939000e+02 1.776903e+04
7.938500e+02 1.776903e+04
7.938000e+02 1.677903e+04
7.937500e+02 1.677903e+04
7.937000e+02 1.593010e+04
7.936500e+02 1.593010e+04
7.936000e+02 1.526443e+04
7.935500e+02 1.526443e+04
7.935000e+02 1.471953e+04
7.934500e+02 1.471953e+04
7.934000e+02 1.431477e+04
7.933500e+02 1.431477e+04
7.933000e+02 1.388830e+04
7.932500e+02 1.388830e+04
7.932000e+02 1.361620e+04
7.931500e+02 1.361620e+04
7.931000e+02 1.343170e+04
7.930500e+02 1.343170e+04
7.930000e+02 1.324043e+04
7.929500e+02 1.324043e+04
7.929000e+02 1.311517e+04
7.928500e+02 1.311517e+04
7.928000e+02 1.303103e+04
7.927500e+02 1.303103e+04
7.927000e+02 1.299267e+04
7.926500e+02 1.299267e+04
7.926000e+02 1.294537e+04
7.925500e+02 1.294537e+04
7.925000e+02 1.295873e+04
7.924500e+02 1.295873e+04
7.924000e+02 1.296753e+04
7.923500e+02 1.296753e+04
7.923000e+02 1.301007e+04
7.922500e+02 1.301007e+04
7.922000e+02 1.301090e+04
7.921500e+02 1.301090e+04
7.921000e+02 1.303607e+04
7.920500e+02 1.303607e+04
7.920000e+02 1.308260e+04
7.919500e+02 1.308260e+04
7.919000e+02 1.317510e+04
7.918500e+02 1.317510e+04
7.918000e+02 1.325823e+04
7.917500e+02 1.325823e+04
7.917000e+02 1.334343e+04
7.916500e+02 1.334343e+04
7.916000e+02 1.340003e+04
7.915500e+02 1.340003e+04
7.915000e+02 1.349343e+04
7.914500e+02 1.349343e+04
7.914000e+02 1.359013e+04
7.913500e+02 1.359013e+04
7.913000e+02 1.366947e+04
7.912500e+02 1.366947e+04
7.912000e+02 1.378530e+04
7.911500e+02 1.378530e+04
7.911000e+02 1.380457e+04
7.910500e+02 1.380457e+04
7.910000e+02 1.388557e+04
7.909500e+02 1.388557e+04
7.909000e+02 1.401277e+04
7.908500e+02 1.401277e+04
7.908000e+02 1.410517e+04
7.907500e+02 1.410517e+04
7.907000e+02 1.417623e+04
7.906500e+02 1.417623e+04
7.906000e+02 1.423207e+04
7.905500e+02 1.423207e+04
7.905000e+02 1.428097e+04
7.904500e+02 1.428097e+04
7.904000e+02 1.429290e+04
7.903500e+02 1.429290e+04
7.903000e+02 1.437630e+04
7.902500e+02 1.437630e+04
7.902000e+02 1.451077e+04
7.901500e+02 1.451077e+04
7.901000e+02 1.451587e+04
7.900500e+02 1.451587e+04
7.900000e+02 1.452460e+04
7.899500e+02 1.452460e+04
7.899000e+02 1.463493e+04
7.898500e+02 1.463493e+04
7.898000e+02 1.461993e+04
7.897500e+02 1.461993e+04
7.897000e+02 1.461180e+04
7.896500e+02 1.461180e+04
7.896000e+02 1.458697e+04
7.895500e+02 1.458697e+04
7.895000e+02 1.462693e+04
7.894500e+02 1.462693e+04
7.894000e+02 1.473240e+04
7.893500e+02 1.473240e+04
7.893000e+02 1.476973e+04
7.892500e+02 1.476973e+04
7.892000e+02 1.474197e+04
7.891500e+02 1.474197e+04
7.891000e+02 1.473227e+04
7.890500e+02 1.473227e+04
7.890000e+02 1.476273e+04
7.889500e+02 1.476273e+04
7.889000e+02 1.479523e+04
7.888500e+02 1.479523e+04
7.888000e+02 1.472583e+04
7.887500e+02 1.472583e+04
7.887000e+02 1.475960e+04
7.886500e+02 1.475960e+04
7.886000e+02 1.470287e+04
7.885500e+02 1.470287e+04
7.885000e+02 1.465763e+04
7.884500e+02 1.465763e+04
7.884000e+02 1.462227e+04
7.883500e+02 1.462227e+04
7.883000e+02 1.462447e+04
7.882500e+02 1.462447e+04
7.882000e+02 1.455723e+04
7.881500e+02 1.455723e+04
7.881000e+02 1.453103e+04
7.880500e+02 1.453103e+04
7.880000e+02 1.454307e+04
7.879500e+02 1.454307e+04
7.879000e+02 1.447093e+04
7.878500e+02 1.447093e+04
7.878000e+02 1.448933e+04
7.877500e+02 1.448933e+04
7.877000e+02 1.450720e+04
7.876500e+02 1.450720e+04
7.876000e+02 1.445017e+04
7.875500e+02 1.445017e+04
7.875000e+02 1.437713e+04
7.874500e+02 1.437713e+04
7.874000e+02 1.442197e+04
7.873500e+02 1.442197e+04
7.873000e+02 1.441073e+04
7.872500e+02 1.441073e+04
7.872000e+02 1.437127e+04
7.871500e+02 1.437127e+04
7.871000e+02 1.437930e+04
7.870500e+02 1.437930e+04
7.870000e+02 1.451410e+04
7.869500e+02 1.451410e+04
7.869000e+02 1.448403e+04
7.868500e+02 1.448403e+04
7.868000e+02 1.443763e+04
7.867500e+02 1.443763e+04
7.867000e+02 1.451327e+04
7.866500e+02 1.451327e+04
7.866000e+02 1.448773e+04
7.865500e+02 1.448773e+04
7.865000e+02 1.445030e+04
7.864500e+02 1.445030e+04
7.864000e+02 1.442817e+04
7.863500e+02 1.442817e+04
7.863000e+02 1.450733e+04
7.862500e+02 1.450733e+04
7.862000e+02 1.450393e+04
7.861500e+02 1.450393e+04
7.861000e+02 1.450427e+04
7.860500e+02 1.450427e+04
7.860000e+02 1.451727e+04
7.859500e+02 1.451727e+04
7.859000e+02 1.447610e+04
7.858500e+02 1.447610e+04
7.858000e+02 1.462767e+04
7.857500e+02 1.462767e+04
7.857000e+02 1.460513e+04
7.856500e+02 1.460513e+04
7.856000e+02 1.455997e+04
7.855500e+02 1.455997e+04
7.855000e+02 1.454320e+04
7.854500e+02 1.454320e+04
7.854000e+02 1.456943e+04
7.853500e+02 1.456943e+04
7.853000e+02 1.454550e+04
7.852500e+02 1.454550e+04
7.852000e+02 1.458240e+04
7.851500e+02 1.458240e+04
7.851000e+02 1.452953e+04
7.850500e+02 1.452953e+04
7.850000e+02 1.449277e+04
7.849500e+02 1.449277e+04
7.849000e+02 1.457803e+04
7.848500e+02 1.457803e+04
7.848000e+02 1.460403e+04
7.847500e+02 1.460403e+04
7.847000e+02 1.464320e+04
7.846500e+02 1.464320e+04
7.846000e+02 1.465517e+04
7.845500e+02 1.465517e+04
7.845000e+02 1.469377e+04
7.844500e+02 1.469377e+04
7.844000e+02 1.474347e+04
7.843500e+02 1.474347e+04
7.843000e+02 1.473277e+04
7.842500e+02 1.473277e+04
7.842000e+02 1.477620e+04
7.841500e+02 1.477620e+04
7.841000e+02 1.482167e+04
7.840500e+02 1.482167e+04
7.840000e+02 1.493660e+04
7.839500e+02 1.493660e+04
7.839000e+02 1.507820e+04
7.838500e+02 1.507820e+04
7.838000e+02 1.515690e+04
7.837500e+02 1.515690e+04
7.837000e+02 1.529433e+04
7.836500e+02 1.529433e+04
7.836000e+02 1.547993e+04
7.835500e+02 1.547993e+04
7.835000e+02 1.560477e+04
7.834500e+02 1.560477e+04
7.834000e+02 1.571890e+04
7.833500e+02 1.571890e+04
7.833000e+02 1.593607e+04
7.832500e+02 1.593607e+04
7.832000e+02 1.617400e+04
7.831500e+02 1.617400e+04
7.831000e+02 1.640420e+04
7.830500e+02 1.640420e+04
7.830000e+02 1.660523e+04
7.829500e+02 1.660523e+04
7.829000e+02 1.680777e+04
7.828500e+02 1.680777e+04
7.828000e+02 1.716440e+04
7.827500e+02 1.716440e+04
7.827000e+02 1.746460e+04
7.826500e+02 1.746460e+04
7.826000e+02 1.780923e+04
7.825500e+02 1.780923e+04
7.825000e+02 1.817017e+04
7.824500e+02 1.817017e+04
7.824000e+02 1.853983e+04
7.823500e+02 1.853983e+04
7.823000e+02 1.894110e+04
7.822500e+02 1.894110e+04
7.822000e+02 1.933520e+04
7.821500e+02 1.933520e+04
7.821000e+02 1.984747e+04
7.820500e+02 1.984747e+04
7.820000e+02 2.038693e+04
7.819500e+02 2.038693e+04
7.819000e+02 2.077557e+04
7.818500e+02 2.077557e+04
7.818000e+02 2.129837e+04
7.817500e+02 2.129837e+04
7.817000e+02 2.190903e+04
7.816500e+02 2.190903e+04
7.816000e+02 2.244277e+04
7.815500e+02 2.244277e+04
7.815000e+02 2.293533e+04
7.814500e+02 2.293533e+04
7.814000e+02 2.347043e+04
7.813500e+02 2.347043e+04
7.813000e+02 2.400537e+04
7.812500e+02 2.400537e+04
7.812000e+02 2.454420e+04
7.811500e+02 2.454420e+04
7.811000e+02 2.517413e+04
7.810500e+02 2.517413e+04
7.810000e+02 2.570110e+04
7.809500e+02 2.570110e+04
7.809000e+02 2.623273e+04
7.808500e+02 2.623273e+04
7.808000e+02 2.687253e+04
7.807500e+02 2.687253e+04
7.807000e+02 2.740353e+04
7.806500e+02 2.740353e+04
7.806000e+02 2.783907e+04
7.805500e+02 2.783907e+04
7.805000e+02 2.831600e+04
7.804500e+02 2.831600e+04
7.804000e+02 2.862127e+04
7.803500e+02 2.862127e+04
7.803000e+02 2.885057e+04
7.802500e+02 2.885057e+04
7.802000e+02 2.916130e+04
7.801500e+02 2.916130e+04
7.801000e+02 2.926157e+04
7.800500e+02 2.926157e+04
7.800000e+02 2.976677e+04
7.799500e+02 2.976677e+04
7.799000e+02 3.020187e+04
7.798500e+02 3.020187e+04
7.798000e+02 3.067417e+04
7.797500e+02 3.067417e+04
7.797000e+02 3.143383e+04
7.796500e+02 3.143383e+04
7.796000e+02 3.212487e+04
7.795500e+02 3.212487e+04
7.795000e+02 3.259310e+04
7.794500e+02 3.259310e+04
7.794000e+02 3.254223e+04
7.793500e+02 3.254223e+04
7.793000e+02 3.180893e+04
7.792500e+02 3.180893e+04
7.792000e+02 3.020497e+04
7.791500e+02 3.020497e+04
7.791000e+02 2.806527e+04
7.790500e+02 2.806527e+04
7.790000e+02 2.553553e+04
7.789500e+02 2.553553e+04
7.789000e+02 2.291880e+04
7.788500e+02 2.291880e+04
7.788000e+02 2.061723e+04
7.787500e+02 2.061723e+04
7.787000e+02 1.875173e+04
7.786500e+02 1.875173e+04
7.786000e+02 1.723607e+04
7.785500e+02 1.723607e+04
7.785000e+02 1.608577e+04
7.784500e+02 1.608577e+04
7.784000e+02 1.511987e+04
7.783500e+02 1.511987e+04
7.783000e+02 1.417130e+04
7.782500e+02 1.417130e+04
7.782000e+02 1.332653e+04
7.781500e+02 1.332653e+04
7.781000e+02 1.260890e+04
7.780500e+02 1.260890e+04
7.780000e+02 1.193500e+04
7.779500e+02 1.193500e+04
7.779000e+02 1.140727e+04
7.778500e+02 1.140727e+04
7.778000e+02 1.094073e+04
7.777500e+02 1.094073e+04
7.777000e+02 1.067813e+04
7.776500e+02 1.067813e+04
7.776000e+02 1.047987e+04
7.775500e+02 1.047987e+04
7.775000e+02 1.024187e+04
7.774500e+02 1.024187e+04
7.774000e+02 1.007453e+04
7.773500e+02 1.007453e+04
7.773000e+02 1.002597e+04
7.772500e+02 1.002597e+04
7.772000e+02 9.889200e+03
7.771500e+02 9.889200e+03
7.771000e+02 9.849300e+03
7.770500e+02 9.849300e+03
7.770000e+02 9.753967e+03
7.769500e+02 9.753967e+03
7.769000e+02 9.741533e+03
7.768500e+02 9.741533e+03
7.768000e+02 9.638400e+03
7.767500e+02 9.638400e+03
7.767000e+02 9.567867e+03
7.766500e+02 9.567867e+03
7.766000e+02 9.526900e+03
7.765500e+02 9.526900e+03
7.765000e+02 9.493500e+03
7.764500e+02 9.493500e+03
7.764000e+02 9.401233e+03
7.763500e+02 9.401233e+03
7.763000e+02 9.347633e+03
7.762500e+02 9.347633e+03
7.762000e+02 9.307633e+03
7.761500e+02 9.307633e+03
7.761000e+02 9.237500e+03
7.760500e+02 9.237500e+03
7.760000e+02 9.220033e+03
7.759500e+02 9.220033e+03
7.759000e+02 9.190867e+03
7.758500e+02 9.190867e+03
7.758000e+02 9.131967e+03
7.757500e+02 9.131967e+03
7.757000e+02 9.080400e+03
7.756500e+02 9.080400e+03
7.756000e+02 9.052200e+03
7.755500e+02 9.052200e+03
7.755000e+02 9.035567e+03
7.754500e+02 9.035567e+03
7.754000e+02 8.989767e+03
7.753500e+02 8.989767e+03
7.753000e+02 8.893433e+03
7.752500e+02 8.893433e+03
7.752000e+02 8.873700e+03
7.751500e+02 8.873700e+03
7.751000e+02 8.869233e+03
7.750500e+02 8.869233e+03
7.750000e+02 8.844267e+03
7.749500e+02 8.844267e+03
7.749000e+02 8.812967e+03
7.748500e+02 8.812967e+03
7.748000e+02 8.744267e+03
7.747500e+02 8.744267e+03
7.747000e+02 8.769433e+03
7.746500e+02 8.769433e+03
7.746000e+02 8.722500e+03
7.745500e+02 8.722500e+03
7.745000e+02 8.732767e+03
7.744500e+02 8.732767e+03
7.744000e+02 8.689433e+03
7.743500e+02 8.689433e+03
7.743000e+02 8.646267e+03
7.742500e+02 8.646267e+03
7.742000e+02 8.649467e+03
7.741500e+02 8.649467e+03
7.741000e+02 8.651567e+03
7.740500e+02 8.651567e+03
7.740000e+02 8.602967e+03
7.739500e+02 8.602967e+03
7.739000e+02 8.585933e+03
7.738500e+02 8.585933e+03
7.738000e+02 8.582733e+03
7.737500e+02 8.582733e+03
7.737000e+02 8.531100e+03
7.736500e+02 8.531100e+03
7.736000e+02 8.524833e+03
7.735500e+02 8.524833e+03
7.735000e+02 8.528633e+03
7.734500e+02 8.528633e+03
7.734000e+02 8.480267e+03
7.733500e+02 8.480267e+03
7.733000e+02 8.503167e+03
7.732500e+02 8.503167e+03
7.732000e+02 8.462900e+03
7.731500e+02 8.462900e+03
7.731000e+02 8.446767e+03
7.730500e+02 8.446767e+03
7.730000e+02 8.399800e+03
7.729500e+02 8.399800e+03
7.729000e+02 8.354367e+03
7.728500e+02 8.354367e+03
7.728000e+02 8.380633e+03
7.727500e+02 8.380633e+03
7.727000e+02 8.380700e+03
7.726500e+02 8.380700e+03
7.726000e+02 8.338933e+03
7.725500e+02 8.338933e+03
7.725000e+02 8.342933e+03
7.724500e+02 8.342933e+03
7.724000e+02 8.317433e+03
7.723500e+02 8.317433e+03
7.723000e+02 8.316533e+03
7.722500e+02 8.316533e+03
7.722000e+02 8.320567e+03
7.721500e+02 8.320567e+03
7.721000e+02 8.281933e+03
7.720500e+02 8.281933e+03
7.720000e+02 8.298200e+03
7.719500e+02 8.298200e+03
7.719000e+02 8.272600e+03
7.718500e+02 8.272600e+03
7.718000e+02 8.343967e+03
7.717500e+02 8.343967e+03
7.717000e+02 8.310667e+03
7.716500e+02 8.310667e+03
7.716000e+02 8.231067e+03
7.715500e+02 8.231067e+03
7.715000e+02 8.266500e+03
7.714500e+02 8.266500e+03
7.714000e+02 8.264733e+03
7.713500e+02 8.264733e+03
7.713000e+02 8.288233e+03
7.712500e+02 8.288233e+03
7.712000e+02 8.247967e+03
7.711500e+02 8.247967e+03
7.711000e+02 8.219200e+03
7.710500e+02 8.219200e+03
7.710000e+02 8.241333e+03
7.709500e+02 8.241333e+03
7.709000e+02 8.207300e+03
7.708500e+02 8.207300e+03
7.708000e+02 8.194900e+03
7.707500e+02 8.194900e+03
7.707000e+02 8.148767e+03
7.706500e+02 8.148767e+03
7.706000e+02 8.108367e+03
7.705500e+02 8.108367e+03
7.705000e+02 8.093333e+03
7.704500e+02 8.093333e+03
7.704000e+02 8.102433e+03
7.703500e+02 8.102433e+03
7.703000e+02 8.123533e+03
7.702500e+02 8.123533e+03
7.702000e+02 8.092800e+03
7.701500e+02 8.092800e+03
7.701000e+02 8.053267e+03
7.700500e+02 8.053267e+03
7.700000e+02 8.006633e+03
7.699500e+02 8.006633e+03
7.699000e+02 7.678000e+03
7.698500e+02 7.678000e+03
7.698000e+02 7.738533e+03
7.697500e+02 7.738533e+03
7.697000e+02 7.794533e+03
7.696500e+02 7.794533e+03
7.696000e+02 7.651867e+03
7.695500e+02 7.651867e+03
7.695000e+02 7.704400e+03
7.694500e+02 7.704400e+03
7.694000e+02 7.615933e+03
7.693500e+02 7.615933e+03
7.693000e+02 7.454733e+03
7.692500e+02 7.454733e+03
7.692000e+02 7.531800e+03
7.691500e+02 7.531800e+03
7.691000e+02 7.552200e+03
7.690500e+02 7.552200e+03
7.690000e+02 7.345933e+03
7.689500e+02 7.345933e+03
7.689000e+02 7.423600e+03
7.688500e+02 7.423600e+03
7.688000e+02 7.267400e+03
7.687500e+02 7.267400e+03
7.687000e+02 7.258867e+03
7.686500e+02 7.258867e+03
7.686000e+02 6.996667e+03
7.685500e+02 6.996667e+03
7.685000e+02 6.930933e+03
7.684500e+02 6.930933e+03
7.684000e+02 6.890667e+03
7.683500e+02 6.890667e+03
7.683000e+02 6.938600e+03
7.682500e+02 6.938600e+03
7.682000e+02 6.816333e+03
7.681500e+02 6.816333e+03
7.681000e+02 6.729200e+03
7.680500e+02 6.729200e+03
7.680000e+02 6.538160e+03
7.679500e+02 6.538160e+03
7.679000e+02 6.525367e+03
7.678500e+02 6.525367e+03
7.678000e+02 6.382653e+03
7.677500e+02 6.382653e+03
7.677000e+02 6.345220e+03
7.676500e+02 6.345220e+03
7.676000e+02 6.270580e+03
7.675500e+02 6.270580e+03
7.675000e+02 6.104253e+03
7.674500e+02 6.104253e+03
7.674000e+02 6.033027e+03
7.673500e+02 6.033027e+03
7.673000e+02 6.113340e+03
7.672500e+02 6.113340e+03
7.672000e+02 5.988180e+03
7.671500e+02 5.988180e+03
7.671000e+02 5.922120e+03
7.670500e+02 5.922120e+03
7.670000e+02 5.929007e+03
7.669500e+02 5.929007e+03
7.669000e+02 5.934467e+03
7.668500e+02 5.934467e+03
7.668000e+02 5.811213e+03
7.667500e+02 5.811213e+03
7.667000e+02 5.602567e+03
7.666500e+02 5.602567e+03
7.666000e+02 5.544333e+03
7.665500e+02 5.544333e+03
7.665000e+02 5.558380e+03
7.664500e+02 5.558380e+03
7.664000e+02 5.641613e+03
7.663500e+02 5.641613e+03
7.663000e+02 5.574373e+03
7.662500e+02 5.574373e+03
7.662000e+02 5.504833e+03
7.661500e+02 5.504833e+03
7.661000e+02 5.495947e+03
7.660500e+02 5.495947e+03
7.660000e+02 5.497647e+03
7.659500e+02 5.497647e+03
7.659000e+02 5.431127e+03
7.658500e+02 5.431127e+03
7.658000e+02 5.432533e+03
7.657500e+02 5.432533e+03
7.657000e+02 5.366640e+03
7.656500e+02 5.366640e+03
7.656000e+02 5.340047e+03
7.655500e+02 5.340047e+03
7.655000e+02 5.250553e+03
7.654500e+02 5.250553e+03
7.654000e+02 5.300720e+03
7.653500e+02 5.300720e+03
7.653000e+02 5.303620e+03
7.652500e+02 5.303620e+03
7.652000e+02 5.332380e+03
7.651500e+02 5.332380e+03
7.651000e+02 5.305647e+03
7.650500e+02 5.305647e+03
7.650000e+02 5.217160e+03
7.649500e+02 5.217160e+03
7.649000e+02 5.092720e+03
7.648500e+02 5.092720e+03
7.648000e+02 5.152393e+03
7.647500e+02 5.152393e+03
7.647000e+02 5.306647e+03
7.646500e+02 5.306647e+03
7.646000e+02 5.292133e+03
7.645500e+02 5.292133e+03
7.645000e+02 5.241593e+03
7.644500e+02 5.241593e+03
7.644000e+02 5.151453e+03
7.643500e+02 5.151453e+03
7.643000e+02 5.230447e+03
7.642500e+02 5.230447e+03
7.642000e+02 5.191667e+03
7.641500e+02 5.191667e+03
7.641000e+02 5.213600e+03
7.640500e+02 5.213600e+03
7.640000e+02 5.146093e+03
7.639500e+02 5.146093e+03
7.639000e+02 5.115120e+03
7.638500e+02 5.115120e+03
7.638000e+02 5.136387e+03
7.637500e+02 5.136387e+03
7.637000e+02 5.097887e+03
7.636500e+02 5.097887e+03
7.636000e+02 5.040567e+03
7.635500e+02 5.040567e+03
7.635000e+02 5.021967e+03
7.634500e+02 5.021967e+03
7.634000e+02 5.062913e+03
7.633500e+02 5.062913e+03
7.633000e+02 5.160413e+03
7.632500e+02 5.160413e+03
7.632000e+02 5.149500e+03
7.631500e+02 5.149500e+03
7.631000e+02 5.077000e+03
7.630500e+02 5.077000e+03
7.630000e+02 5.041427e+03
7.629500e+02 5.041427e+03
7.629000e+02 5.002527e+03
7.628500e+02 5.002527e+03
7.628000e+02 5.052887e+03
7.627500e+02 5.052887e+03
7.627000e+02 5.052227e+03
7.626500e+02 5.052227e+03
7.626000e+02 4.963420e+03
7.625500e+02 4.963420e+03
7.625000e+02 4.965687e+03
7.624500e+02 4.965687e+03
7.624000e+02 5.003980e+03
7.623500e+02 5.003980e+03
7.623000e+02 4.939607e+03
7.622500e+02 4.939607e+03
7.622000e+02 5.011333e+03
7.621500e+02 5.011333e+03
7.621000e+02 5.042947e+03
7.620500e+02 5.042947e+03
7.620000e+02 4.951233e+03
7.619500e+02 4.951233e+03
7.619000e+02 4.943313e+03
7.618500e+02 4.943313e+03
7.618000e+02 4.856073e+03
7.617500e+02 4.856073e+03
7.617000e+02 4.906273e+03
7.616500e+02 4.906273e+03
7.616000e+02 4.950387e+03
7.615500e+02 4.950387e+03
7.615000e+02 4.968207e+03
7.614500e+02 4.968207e+03
7.614000e+02 4.967553e+03
7.613500e+02 4.967553e+03
7.613000e+02 5.014340e+03
7.612500e+02 5.014340e+03
7.612000e+02 4.965747e+03
7.611500e+02 4.965747e+03
7.611000e+02 4.906067e+03
7.610500e+02 4.906067e+03
7.610000e+02 4.848093e+03
7.609500e+02 4.848093e+03
7.609000e+02 4.885627e+03
7.608500e+02 4.885627e+03
7.608000e+02 4.882660e+03
7.607500e+02 4.882660e+03
7.607000e+02 4.833453e+03
7.606500e+02 4.833453e+03
7.606000e+02 4.822580e+03
7.605500e+02 4.822580e+03
7.605000e+02 4.829433e+03
7.604500e+02 4.829433e+03
7.604000e+02 4.859487e+03
7.603500e+02 4.859487e+03
7.603000e+02 4.932253e+03
7.602500e+02 4.932253e+03
7.602000e+02 4.760887e+03
7.601500e+02 4.760887e+03
7.601000e+02 4.806807e+03
7.600500e+02 4.806807e+03
7.600000e+02 4.871227e+03
7.599500e+02 4.871227e+03
7.599000e+02 4.920433e+03
7.598500e+02 4.920433e+03
7.598000e+02 4.915960e+03
7.597500e+02 4.915960e+03
7.597000e+02 4.782027e+03
7.596500e+02 4.782027e+03
7.596000e+02 4.707633e+03
7.595500e+02 4.707633e+03
7.595000e+02 4.805353e+03
7.594500e+02 4.805353e+03
7.594000e+02 4.740900e+03
7.593500e+02 4.740900e+03
7.593000e+02 4.786760e+03
7.592500e+02 4.786760e+03
7.592000e+02 4.769873e+03
7.591500e+02 4.769873e+03
7.591000e+02 4.706033e+03
7.590500e+02 4.706033e+03
7.590000e+02 4.752047e+03
7.589500e+02 4.752047e+03
7.589000e+02 4.758473e+03
7.588500e+02 4.758473e+03
7.588000e+02 4.835613e+03
7.587500e+02 4.835613e+03
7.587000e+02 4.795347e+03
7.586500e+02 4.795347e+03
7.586000e+02 4.760713e+03
7.585500e+02 4.760713e+03
7.585000e+02 4.738320e+03
7.584500e+02 4.738320e+03
7.584000e+02 4.737293e+03
7.583500e+02 4.737293e+03
7.583000e+02 4.798307e+03
7.582500e+02 4.798307e+03
7.582000e+02 4.762140e+03
7.581500e+02 4.762140e+03
7.581000e+02 4.723167e+03
7.580500e+02 4.723167e+03
7.580000e+02 4.755287e+03
7.579500e+02 4.755287e+03
7.579000e+02 4.737400e+03
7.578500e+02 4.737400e+03
7.578000e+02 4.804960e+03
7.577500e+02 4.804960e+03
7.577000e+02 4.701873e+03
7.576500e+02 4.701873e+03
7.576000e+02 4.705733e+03
7.575500e+02 4.705733e+03
7.575000e+02 4.732900e+03
7.574500e+02 4.732900e+03
7.574000e+02 4.730073e+03
7.573500e+02 4.730073e+03
7.573000e+02 4.719373e+03
7.572500e+02 4.719373e+03
7.572000e+02 4.700493e+03
7.571500e+02 4.700493e+03
7.571000e+02 4.637107e+03
7.570500e+02 4.637107e+03
7.570000e+02 4.614587e+03
7.569500e+02 4.614587e+03
7.569000e+02 4.643900e+03
7.568500e+02 4.643900e+03
7.568000e+02 4.647027e+03
7.567500e+02 4.647027e+03
7.567000e+02 4.698967e+03
7.566500e+02 4.698967e+03
7.566000e+02 4.578060e+03
7.565500e+02 4.578060e+03
7.565000e+02 4.603573e+03
7.564500e+02 4.603573e+03
7.564000e+02 4.572213e+03
7.563500e+02 4.572213e+03
7.563000e+02 4.653340e+03
7.562500e+02 4.653340e+03
7.562000e+02 4.698113e+03
7.561500e+02 4.698113e+03
7.561000e+02 4.591613e+03
7.560500e+02 4.591613e+03
7.560000e+02 4.671640e+03
7.559500e+02 4.671640e+03
7.559000e+02 4.654880e+03
7.558500e+02 4.654880e+03
7.558000e+02 4.454913e+03
7.557500e+02 4.454913e+03
7.557000e+02 4.623420e+03
7.556500e+02 4.623420e+03
7.556000e+02 4.556500e+03
7.555500e+02 4.556500e+03
7.555000e+02 4.505720e+03
7.554500e+02 4.505720e+03
7.554000e+02 4.502600e+03
7.553500e+02 4.502600e+03
7.553000e+02 4.445853e+03
7.552500e+02 4.445853e+03
7.552000e+02 4.488180e+03
7.551500e+02 4.488180e+03
7.551000e+02 4.519147e+03
7.550500e+02 4.519147e+03
7.550000e+02 4.462660e+03
7.549500e+02 4.462660e+03
7.549000e+02 4.368240e+03
7.548500e+02 4.368240e+03
7.548000e+02 4.428080e+03
7.547500e+02 4.428080e+03
7.547000e+02 4.441600e+03
7.546500e+02 4.441600e+03
7.546000e+02 4.407747e+03
7.545500e+02 4.407747e+03
7.545000e+02 4.332287e+03
7.544500e+02 4.332287e+03
7.544000e+02 4.416540e+03
7.543500e+02 4.416540e+03
7.543000e+02 4.386113e+03
7.542500e+02 4.386113e+03
7.542000e+02 4.385593e+03
7.541500e+02 4.385593e+03
7.541000e+02 4.349500e+03
7.540500e+02 4.349500e+03
7.540000e+02 4.332940e+03
7.539500e+02 4.332940e+03
7.539000e+02 4.374907e+03
7.538500e+02 4.374907e+03
7.538000e+02 4.394280e+03
7.537500e+02 4.394280e+03
7.537000e+02 4.347947e+03
7.536500e+02 4.347947e+03
7.536000e+02 4.258767e+03
7.535500e+02 4.258767e+03
7.535000e+02 4.317307e+03
7.534500e+02 4.317307e+03
7.534000e+02 4.315793e+03
7.533500e+02 4.315793e+03
7.533000e+02 4.350167e+03
7.532500e+02 4.350167e+03
7.532000e+02 4.251827e+03
7.531500e+02 4.251827e+03
7.531000e+02 4.298767e+03
7.530500e+02 4.298767e+03
7.530000e+02 4.266760e+03
7.529500e+02 4.266760e+03
7.529000e+02 4.250133e+03
7.528500e+02 4.250133e+03
7.528000e+02 4.283513e+03
7.527500e+02 4.283513e+03
7.527000e+02 4.274580e+03
7.526500e+02 4.274580e+03
7.526000e+02 4.282147e+03
7.525500e+02 4.282147e+03
7.525000e+02 4.320807e+03
7.524500e+02 4.320807e+03
7.524000e+02 4.250467e+03
7.523500e+02 4.250467e+03
7.523000e+02 4.278573e+03
7.522500e+02 4.278573e+03
7.522000e+02 4.222867e+03
7.521500e+02 4.222867e+03
7.521000e+02 4.183213e+03
7.520500e+02 4.183213e+03
7.520000e+02 4.202780e+03
7.519500e+02 4.202780e+03
7.519000e+02 4.179820e+03
7.518500e+02 4.179820e+03
7.518000e+02 4.189960e+03
7.517500e+02 4.189960e+03
7.517000e+02 4.225260e+03
7.516500e+02 4.225260e+03
7.516000e+02 4.223067e+03
7.515500e+02 4.223067e+03
7.515000e+02 4.251180e+03
7.514500e+02 4.251180e+03
7.514000e+02 4.243067e+03
7.513500e+02 4.243067e+03
7.513000e+02 4.228607e+03
7.512500e+02 4.228607e+03
7.512000e+02 4.265587e+03
7.511500e+02 4.265587e+03
7.511000e+02 4.254427e+03
7.510500e+02 4.254427e+03
7.510000e+02 4.201660e+03
7.509500e+02 4.201660e+03
7.509000e+02 4.183707e+03
7.508500e+02 4.183707e+03
7.508000e+02 4.255893e+03
7.507500e+02 4.255893e+03
7.507000e+02 4.166887e+03
7.506500e+02 4.166887e+03
7.506000e+02 4.085833e+03
7.505500e+02 4.085833e+03
7.505000e+02 4.226707e+03
7.504500e+02 4.226707e+03
7.504000e+02 4.250087e+03
7.503500e+02 4.250087e+03
7.503000e+02 4.215707e+03
7.502500e+02 4.215707e+03
7.502000e+02 4.216073e+03
7.501500e+02 4.216073e+03
7.501000e+02 4.187880e+03
7.500500e+02 4.187880e+03
7.500000e+02 4.168873e+03
7.499500e+02 4.168873e+03
7.499000e+02 4.228353e+03
7.498500e+02 4.228353e+03
7.498000e+02 4.207613e+03
7.497500e+02 4.207613e+03
7.497000e+02 4.182113e+03
7.496500e+02 4.182113e+03
7.496000e+02 4.208827e+03
7.495500e+02 4.208827e+03
7.495000e+02 4.259427e+03
7.494500e+02 4.259427e+03
7.494000e+02 4.259333e+03
7.493500e+02 4.259333e+03
7.493000e+02 4.238633e+03
7.492500e+02 4.238633e+03
7.492000e+02 4.197207e+03
7.491500e+02 4.197207e+03
7.491000e+02 4.243527e+03
7.490500e+02 4.243527e+03
7.490000e+02 4.198047e+03
7.489500e+02 4.198047e+03
7.489000e+02 4.224400e+03
7.488500e+02 4.224400e+03
7.488000e+02 4.165327e+03
7.487500e+02 4.165327e+03
7.487000e+02 4.193013e+03
7.486500e+02 4.193013e+03
7.486000e+02 4.190093e+03
7.485500e+02 4.190093e+03
7.485000e+02 4.167187e+03
7.484500e+02 4.167187e+03
7.484000e+02 4.212547e+03
7.483500e+02 4.212547e+03
7.483000e+02 4.187267e+03
7.482500e+02 4.187267e+03
7.482000e+02 4.226520e+03
7.481500e+02 4.226520e+03
7.481000e+02 4.176427e+03
7.480500e+02 4.176427e+03
7.480000e+02 4.238420e+03
7.479500e+02 4.238420e+03
7.479000e+02 4.233847e+03
7.478500e+02 4.233847e+03
7.478000e+02 4.172600e+03
7.477500e+02 4.172600e+03
7.477000e+02 4.220667e+03
7.476500e+02 4.220667e+03
7.476000e+02 4.199787e+03
7.475500e+02 4.199787e+03
7.475000e+02 4.269667e+03
7.474500e+02 4.269667e+03
7.474000e+02 4.215807e+03
7.473500e+02 4.215807e+03
7.473000e+02 4.185453e+03
7.472500e+02 4.185453e+03
7.472000e+02 4.248067e+03
7.471500e+02 4.248067e+03
7.471000e+02 4.309727e+03
7.470500e+02 4.309727e+03
7.470000e+02 4.214247e+03
7.469500e+02 4.214247e+03
7.469000e+02 4.153113e+03
7.468500e+02 4.153113e+03
7.468000e+02 4.114807e+03
7.467500e+02 4.114807e+03
7.467000e+02 4.219493e+03
7.466500e+02 4.219493e+03
7.466000e+02 4.241247e+03
7.465500e+02 4.241247e+03
7.465000e+02 4.237273e+03
7.464500e+02 4.237273e+03
7.464000e+02 4.193887e+03
7.463500e+02 4.193887e+03
7.463000e+02 4.211593e+03
7.462500e+02 4.211593e+03
7.462000e+02 4.230747e+03
7.461500e+02 4.230747e+03
7.461000e+02 4.220347e+03
7.460500e+02 4.220347e+03
7.460000e+02 4.155133e+03
7.459500e+02 4.155133e+03
7.459000e+02 4.196313e+03
7.458500e+02 4.196313e+03
7.458000e+02 4.226933e+03
7.457500e+02 4.226933e+03
7.457000e+02 4.309067e+03
7.456500e+02 4.309067e+03
7.456000e+02 4.332813e+03
7.455500e+02 4.332813e+03
7.455000e+02 4.228453e+03
7.454500e+02 4.228453e+03
7.454000e+02 4.136800e+03
7.453500e+02 4.136800e+03
7.453000e+02 4.182640e+03
7.452500e+02 4.182640e+03
7.452000e+02 4.238700e+03
7.451500e+02 4.238700e+03
7.451000e+02 4.217053e+03
7.450500e+02 4.217053e+03
7.450000e+02 4.252213e+03
7.449500e+02 4.252213e+03
7.449000e+02 4.268513e+03
7.448500e+02 4.268513e+03
7.448000e+02 4.243760e+03
7.447500e+02 4.243760e+03
7.447000e+02 4.232347e+03
7.446500e+02 4.232347e+03
7.446000e+02 4.219267e+03
7.445500e+02 4.219267e+03
7.445000e+02 4.272707e+03
7.444500e+02 4.272707e+03
7.444000e+02 4.351653e+03
7.443500e+02 4.351653e+03
7.443000e+02 4.273493e+03
7.442500e+02 4.273493e+03
7.442000e+02 4.262267e+03
7.441500e+02 4.262267e+03
7.441000e+02 4.272747e+03
7.440500e+02 4.272747e+03
7.440000e+02 4.218473e+03
7.439500e+02 4.218473e+03
7.439000e+02 4.229033e+03
7.438500e+02 4.229033e+03
7.438000e+02 4.192913e+03
7.437500e+02 4.192913e+03
7.437000e+02 4.225453e+03
7.436500e+02 4.225453e+03
7.436000e+02 4.309367e+03
7.435500e+02 4.309367e+03
7.435000e+02 4.273567e+03
7.434500e+02 4.273567e+03
7.434000e+02 4.250213e+03
7.433500e+02 4.250213e+03
7.433000e+02 4.293813e+03
7.432500e+02 4.293813e+03
7.432000e+02 4.247933e+03
7.431500e+02 4.247933e+03
7.431000e+02 4.255213e+03
7.430500e+02 4.255213e+03
7.430000e+02 4.220593e+03
7.429500e+02 4.220593e+03
7.429000e+02 4.245220e+03
7.428500e+02 4.245220e+03
7.428000e+02 4.279147e+03
7.427500e+02 4.279147e+03
7.427000e+02 4.247993e+03
7.426500e+02 4.247993e+03
7.426000e+02 4.284560e+03
7.425500e+02 4.284560e+03
7.425000e+02 4.261560e+03
7.424500e+02 4.261560e+03
7.424000e+02 4.283107e+03
7.423500e+02 4.283107e+03
7.423000e+02 4.235007e+03
7.422500e+02 4.235007e+03
7.422000e+02 4.286620e+03
7.421500e+02 4.286620e+03
7.421000e+02 4.238047e+03
7.420500e+02 4.238047e+03
7.420000e+02 4.241953e+03
7.419500e+02 4.241953e+03
7.419000e+02 4.223393e+03
7.418500e+02 4.223393e+03
7.418000e+02 4.181793e+03
7.417500e+02 4.181793e+03
7.417000e+02 4.204073e+03
7.416500e+02 4.204073e+03
7.416000e+02 4.304233e+03
7.415500e+02 4.304233e+03
7.415000e+02 4.294733e+03
7.414500e+02 4.294733e+03
7.414000e+02 4.309413e+03
7.413500e+02 4.309413e+03
7.413000e+02 4.284427e+03
7.412500e+02 4.284427e+03
7.412000e+02 4.195520e+03
7.411500e+02 4.195520e+03
7.411000e+02 4.277460e+03
7.410500e+02 4.277460e+03
7.410000e+02 4.233480e+03
7.409500e+02 4.233480e+03
7.409000e+02 4.260953e+03
7.408500e+02 4.260953e+03
7.408000e+02 4.270533e+03
7.407500e+02 4.270533e+03
7.407000e+02 4.206327e+03
7.406500e+02 4.206327e+03
7.406000e+02 4.248260e+03
7.405500e+02 4.248260e+03
7.405000e+02 4.296387e+03
7.404500e+02 4.296387e+03
7.404000e+02 4.250253e+03
7.403500e+02 4.250253e+03
7.403000e+02 4.235353e+03
7.402500e+02 4.235353e+03
7.402000e+02 4.185367e+03
7.401500e+02 4.185367e+03
7.401000e+02 4.225707e+03
7.400500e+02 4.225707e+03
7.400000e+02 4.241547e+03
7.399500e+02 4.241547e+03
7.399000e+02 4.241947e+03
7.398500e+02 4.241947e+03
7.398000e+02 4.237847e+03
7.397500e+02 4.237847e+03
7.397000e+02 4.205520e+03
7.396500e+02 4.205520e+03
7.396000e+02 4.245373e+03
7.395500e+02 4.245373e+03
7.395000e+02 4.273627e+03
7.394500e+02 4.273627e+03
7.394000e+02 4.209740e+03
7.393500e+02 4.209740e+03
7.393000e+02 4.240760e+03
7.392500e+02 4.240760e+03
7.392000e+02 4.279160e+03
7.391500e+02 4.279160e+03
7.391000e+02 4.258700e+03
7.390500e+02 4.258700e+03
7.390000e+02 4.218620e+03
7.389500e+02 4.218620e+03
7.389000e+02 4.224220e+03
7.388500e+02 4.224220e+03
7.388000e+02 4.267427e+03
7.387500e+02 4.267427e+03
7.387000e+02 4.278380e+03
7.386500e+02 4.278380e+03
7.386000e+02 4.255240e+03
7.385500e+02 4.255240e+03
7.385000e+02 4.284360e+03
7.384500e+02 4.284360e+03
7.384000e+02 4.332233e+03
7.383500e+02 4.332233e+03
7.383000e+02 4.362087e+03
7.382500e+02 4.362087e+03
7.382000e+02 4.372487e+03
7.381500e+02 4.372487e+03
7.381000e+02 4.251040e+03
7.380500e+02 4.251040e+03
7.380000e+02 4.301980e+03
7.379500e+02 4.301980e+03
7.379000e+02 4.320013e+03
7.378500e+02 4.320013e+03
7.378000e+02 4.368933e+03
7.377500e+02 4.368933e+03
7.377000e+02 4.341407e+03
7.376500e+02 4.341407e+03
7.376000e+02 4.255760e+03
7.375500e+02 4.255760e+03
7.375000e+02 4.254580e+03
7.374500e+02 4.254580e+03
7.374000e+02 4.281833e+03
7.373500e+02 4.281833e+03
7.373000e+02 4.272973e+03
7.372500e+02 4.272973e+03
7.372000e+02 4.270193e+03
7.371500e+02 4.270193e+03
7.371000e+02 4.229847e+03
7.370500e+02 4.229847e+03
7.370000e+02 4.261080e+03
7.369500e+02 4.261080e+03
7.369000e+02 4.259667e+03
7.368500e+02 4.259667e+03
7.368000e+02 4.230600e+03
7.367500e+02 4.230600e+03
7.367000e+02 4.254500e+03
7.366500e+02 4.254500e+03
7.366000e+02 4.198293e+03
7.365500e+02 4.198293e+03
7.365000e+02 4.250527e+03
7.364500e+02 4.250527e+03
7.364000e+02 4.283973e+03
7.363500e+02 4.283973e+03
7.363000e+02 4.304900e+03
7.362500e+02 4.304900e+03
7.362000e+02 4.251707e+03
7.361500e+02 4.251707e+03
7.361000e+02 4.261880e+03
7.360500e+02 4.261880e+03
7.360000e+02 4.278473e+03
7.359500e+02 4.278473e+03
7.359000e+02 4.237540e+03
7.358500e+02 4.237540e+03
7.358000e+02 4.196380e+03
7.357500e+02 4.196380e+03
7.357000e+02 4.255307e+03
7.356500e+02 4.255307e+03
7.356000e+02 4.230687e+03
7.355500e+02 4.230687e+03
7.355000e+02 4.246500e+03
7.354500e+02 4.246500e+03
7.354000e+02 4.296687e+03
7.353500e+02 4.296687e+03
7.353000e+02 4.348187e+03
7.352500e+02 4.348187e+03
7.352000e+02 4.301580e+03
7.351500e+02 4.301580e+03
7.351000e+02 4.262200e+03
7.350500e+02 4.262200e+03
7.350000e+02 4.280013e+03
7.349500e+02 4.280013e+03
7.349000e+02 4.283873e+03
7.348500e+02 4.283873e+03
7.348000e+02 4.156460e+03
7.347500e+02 4.156460e+03
7.347000e+02 4.258773e+03
7.346500e+02 4.258773e+03
7.346000e+02 4.305340e+03
7.345500e+02 4.305340e+03
7.345000e+02 4.243347e+03
7.344500e+02 4.243347e+03
7.344000e+02 4.208700e+03
7.343500e+02 4.208700e+03
7.343000e+02 4.201613e+03
7.342500e+02 4.201613e+03
7.342000e+02 4.218167e+03
7.341500e+02 4.218167e+03
7.341000e+02 4.303840e+03
7.340500e+02 4.303840e+03
7.340000e+02 4.234227e+03
7.339500e+02 4.234227e+03
7.339000e+02 4.212100e+03
7.338500e+02 4.212100e+03
7.338000e+02 4.173467e+03
7.337500e+02 4.173467e+03
7.337000e+02 4.289580e+03
7.336500e+02 4.289580e+03
7.336000e+02 4.292720e+03
7.335500e+02 4.292720e+03
7.335000e+02 4.202947e+03
7.334500e+02 4.202947e+03
7.334000e+02 4.249480e+03
7.333500e+02 4.249480e+03
7.333000e+02 4.168947e+03
7.332500e+02 4.168947e+03
7.332000e+02 4.202313e+03
7.331500e+02 4.202313e+03
7.331000e+02 4.280513e+03
7.330500e+02 4.280513e+03
7.330000e+02 4.239387e+03
7.329500e+02 4.239387e+03
7.329000e+02 4.201607e+03
7.328500e+02 4.201607e+03
7.328000e+02 4.259687e+03
7.327500e+02 4.259687e+03
7.327000e+02 4.355533e+03
7.326500e+02 4.355533e+03
7.326000e+02 4.309313e+03
7.325500e+02 4.309313e+03
7.325000e+02 4.335847e+03
7.324500e+02 4.335847e+03
7.324000e+02 4.259380e+03
7.323500e+02 4.259380e+03
7.323000e+02 4.252507e+03
7.322500e+02 4.252507e+03
7.322000e+02 4.226767e+03
7.321500e+02 4.226767e+03
7.321000e+02 4.222060e+03
7.320500e+02 4.222060e+03
7.320000e+02 4.258453e+03
7.319500e+02 4.258453e+03
7.319000e+02 4.283613e+03
7.318500e+02 4.283613e+03
7.318000e+02 4.247947e+03
7.317500e+02 4.247947e+03
7.317000e+02 4.273353e+03
7.316500e+02 4.273353e+03
7.316000e+02 4.328873e+03
7.315500e+02 4.328873e+03
7.315000e+02 4.201420e+03
7.314500e+02 4.201420e+03
7.314000e+02 4.194053e+03
7.313500e+02 4.194053e+03
7.313000e+02 4.231227e+03
7.312500e+02 4.231227e+03
7.312000e+02 4.318967e+03
7.311500e+02 4.318967e+03
7.311000e+02 4.254147e+03
7.310500e+02 4.254147e+03
7.310000e+02 4.216213e+03
7.309500e+02 4.216213e+03
7.309000e+02 4.244327e+03
7.308500e+02 4.244327e+03
7.308000e+02 4.167113e+03
7.307500e+02 4.167113e+03
7.307000e+02 4.195960e+03
7.306500e+02 4.195960e+03
7.306000e+02 4.223953e+03
7.305500e+02 4.223953e+03
7.305000e+02 4.266587e+03
7.304500e+02 4.266587e+03
7.304000e+02 4.240913e+03
7.303500e+02 4.240913e+03
7.303000e+02 4.179967e+03
7.302500e+02 4.179967e+03
7.302000e+02 4.242560e+03
7.301500e+02 4.242560e+03
7.301000e+02 4.253573e+03
7.300500e+02 4.253573e+03
7.300000e+02 4.258660e+03
7.299500e+02 4.258660e+03
7.299000e+02 4.150833e+03
7.298500e+02 4.150833e+03
7.298000e+02 4.178047e+03
7.297500e+02 4.178047e+03
7.297000e+02 4.188953e+03
7.296500e+02 4.188953e+03
7.296000e+02 4.269520e+03
7.295500e+02 4.269520e+03
7.295000e+02 4.229327e+03
7.294500e+02 4.229327e+03
7.294000e+02 4.283660e+03
7.293500e+02 4.283660e+03
7.293000e+02 4.282953e+03
7.292500e+02 4.282953e+03
7.292000e+02 4.218867e+03
7.291500e+02 4.218867e+03
7.291000e+02 4.303567e+03
7.290500e+02 4.303567e+03
7.290000e+02 4.224413e+03
7.289500e+02 4.224413e+03
7.289000e+02 4.260907e+03
7.288500e+02 4.260907e+03
7.288000e+02 4.297967e+03
7.287500e+02 4.297967e+03
7.287000e+02 4.212187e+03
7.286500e+02 4.212187e+03
7.286000e+02 4.203560e+03
7.285500e+02 4.203560e+03
7.285000e+02 4.232067e+03
7.284500e+02 4.232067e+03
7.284000e+02 4.214147e+03
7.283500e+02 4.214147e+03
7.283000e+02 4.276873e+03
7.282500e+02 4.276873e+03
7.282000e+02 4.275300e+03
7.281500e+02 4.275300e+03
7.281000e+02 4.222180e+03
7.280500e+02 4.222180e+03
7.280000e+02 4.283973e+03
7.279500e+02 4.283973e+03
7.279000e+02 4.313173e+03
7.278500e+02 4.313173e+03
7.278000e+02 4.273340e+03
7.277500e+02 4.273340e+03
7.277000e+02 4.213200e+03
7.276500e+02 4.213200e+03
7.276000e+02 4.282700e+03
7.275500e+02 4.282700e+03
7.275000e+02 4.278073e+03
7.274500e+02 4.278073e+03
7.274000e+02 4.302947e+03
7.273500e+02 4.302947e+03
7.273000e+02 4.295347e+03
7.272500e+02 4.295347e+03
7.272000e+02 4.293167e+03
7.271500e+02 4.293167e+03
7.271000e+02 4.279747e+03
7.270500e+02 4.279747e+03
7.270000e+02 4.287453e+03
7.269500e+02 4.287453e+03
7.269000e+02 4.299340e+03
7.268500e+02 4.299340e+03
7.268000e+02 4.373833e+03
7.267500e+02 4.373833e+03
7.267000e+02 4.388980e+03
7.266500e+02 4.388980e+03
7.266000e+02 4.366007e+03
7.265500e+02 4.366007e+03
7.265000e+02 4.320940e+03
7.264500e+02 4.320940e+03
7.264000e+02 4.360947e+03
7.263500e+02 4.360947e+03
7.263000e+02 4.327427e+03
7.262500e+02 4.327427e+03
7.262000e+02 4.332973e+03
7.261500e+02 4.332973e+03
7.261000e+02 4.435733e+03
7.260500e+02 4.435733e+03
7.260000e+02 4.432187e+03
7.259500e+02 4.432187e+03
7.259000e+02 4.496433e+03
7.258500e+02 4.496433e+03
7.258000e+02 4.389987e+03
7.257500e+02 4.389987e+03
7.257000e+02 4.357180e+03
7.256500e+02 4.357180e+03
7.256000e+02 4.468420e+03
7.255500e+02 4.468420e+03
7.255000e+02 4.516680e+03
7.254500e+02 4.516680e+03
7.254000e+02 4.536033e+03
7.253500e+02 4.536033e+03
7.253000e+02 4.506840e+03
7.252500e+02 4.506840e+03
7.252000e+02 4.528353e+03
7.251500e+02 4.528353e+03
7.251000e+02 4.502220e+03
7.250500e+02 4.502220e+03
7.250000e+02 4.449273e+03
7.249500e+02 4.449273e+03
7.249000e+02 4.459380e+03
7.248500e+02 4.459380e+03
7.248000e+02 4.498733e+03
7.247500e+02 4.498733e+03
7.247000e+02 4.577007e+03
7.246500e+02 4.577007e+03
7.246000e+02 4.556700e+03
7.245500e+02 4.556700e+03
7.245000e+02 4.589360e+03
7.244500e+02 4.589360e+03
7.244000e+02 4.614100e+03
7.243500e+02 4.614100e+03
7.243000e+02 4.694707e+03
7.242500e+02 4.694707e+03
7.242000e+02 4.670407e+03
7.241500e+02 4.670407e+03
7.241000e+02 4.609860e+03
7.240500e+02 4.609860e+03
7.240000e+02 4.612773e+03
7.239500e+02 4.612773e+03
7.239000e+02 4.774547e+03
7.238500e+02 4.774547e+03
7.238000e+02 4.751260e+03
7.237500e+02 4.751260e+03
7.237000e+02 4.734800e+03
7.236500e+02 4.734800e+03
7.236000e+02 4.740060e+03
7.235500e+02 4.740060e+03
7.235000e+02 4.704727e+03
7.234500e+02 4.704727e+03
7.234000e+02 4.791793e+03
7.233500e+02 4.791793e+03
7.233000e+02 4.766833e+03
7.232500e+02 4.766833e+03
7.232000e+02 4.831000e+03
7.231500e+02 4.831000e+03
7.231000e+02 4.826093e+03
7.230500e+02 4.826093e+03
7.230000e+02 4.937260e+03
7.229500e+02 4.937260e+03
7.229000e+02 4.890180e+03
7.228500e+02 4.890180e+03
7.228000e+02 4.935400e+03
7.227500e+02 4.935400e+03
7.227000e+02 5.026060e+03
7.226500e+02 5.026060e+03
7.226000e+02 4.970100e+03
7.225500e+02 4.970100e+03
7.225000e+02 5.015640e+03
7.224500e+02 5.015640e+03
7.224000e+02 5.014880e+03
7.223500e+02 5.014880e+03
7.223000e+02 5.067480e+03
7.222500e+02 5.067480e+03
7.222000e+02 5.114920e+03
7.221500e+02 5.114920e+03
7.221000e+02 5.028800e+03
7.220500e+02 5.028800e+03
7.220000e+02 5.059027e+03
7.219500e+02 5.059027e+03
7.219000e+02 5.158933e+03
7.218500e+02 5.158933e+03
7.218000e+02 5.252707e+03
7.217500e+02 5.252707e+03
7.217000e+02 5.209487e+03
7.216500e+02 5.209487e+03
7.216000e+02 5.199373e+03
7.215500e+02 5.199373e+03
7.215000e+02 5.170287e+03
7.214500e+02 5.170287e+03
7.214000e+02 5.239727e+03
7.213500e+02 5.239727e+03
7.213000e+02 5.279933e+03
7.212500e+02 5.279933e+03
7.212000e+02 5.335500e+03
7.211500e+02 5.335500e+03
7.211000e+02 5.390700e+03
7.210500e+02 5.390700e+03
7.210000e+02 5.506273e+03
7.209500e+02 5.506273e+03
7.209000e+02 5.488987e+03
7.208500e+02 5.488987e+03
7.208000e+02 5.487540e+03
7.207500e+02 5.487540e+03
7.207000e+02 5.502647e+03
7.206500e+02 5.502647e+03
7.206000e+02 5.449720e+03
7.205500e+02 5.449720e+03
7.205000e+02 5.491880e+03
7.204500e+02 5.491880e+03
7.204000e+02 5.595407e+03
7.203500e+02 5.595407e+03
7.203000e+02 5.594173e+03
7.202500e+02 5.594173e+03
7.202000e+02 5.706153e+03
7.201500e+02 5.706153e+03
7.201000e+02 5.743880e+03
7.200500e+02 5.743880e+03
7.200000e+02 5.793767e+03
7.199500e+02 5.793767e+03
7.199000e+02 5.764460e+03
7.198500e+02 5.764460e+03
7.198000e+02 5.772020e+03
7.197500e+02 5.772020e+03
7.197000e+02 5.781000e+03
7.196500e+02 5.781000e+03
7.196000e+02 5.868033e+03
7.195500e+02 5.868033e+03
7.195000e+02 5.922160e+03
7.194500e+02 5.922160e+03
7.194000e+02 6.031727e+03
7.193500e+02 6.031727e+03
7.193000e+02 6.001660e+03
7.192500e+02 6.001660e+03
7.192000e+02 5.968000e+03
7.191500e+02 5.968000e+03
7.191000e+02 6.095300e+03
7.190500e+02 6.095300e+03
7.190000e+02 6.045040e+03
7.189500e+02 6.045040e+03
7.189000e+02 6.065427e+03
7.188500e+02 6.065427e+03
7.188000e+02 6.080500e+03
7.187500e+02 6.080500e+03
7.187000e+02 6.092907e+03
7.186500e+02 6.092907e+03
7.186000e+02 6.197800e+03
7.185500e+02 6.197800e+03
7.185000e+02 6.224387e+03
7.184500e+02 6.224387e+03
7.184000e+02 6.248160e+03
7.183500e+02 6.248160e+03
7.183000e+02 6.150640e+03
7.182500e+02 6.150640e+03
7.182000e+02 6.280693e+03
7.181500e+02 6.280693e+03
7.181000e+02 6.308867e+03
7.180500e+02 6.308867e+03
7.180000e+02 6.297380e+03
7.179500e+02 6.297380e+03
7.179000e+02 6.381167e+03
7.178500e+02 6.381167e+03
7.178000e+02 6.328273e+03
7.177500e+02 6.328273e+03
7.177000e+02 6.422940e+03
7.176500e+02 6.422940e+03
7.176000e+02 6.476380e+03
7.175500e+02 6.476380e+03
7.175000e+02 6.414307e+03
7.174500e+02 6.414307e+03
7.174000e+02 6.433747e+03
7.173500e+02 6.433747e+03
7.173000e+02 6.373053e+03
7.172500e+02 6.373053e+03
7.172000e+02 6.528313e+03
7.171500e+02 6.528313e+03
7.171000e+02 6.490973e+03
7.170500e+02 6.490973e+03
7.170000e+02 6.559100e+03
7.169500e+02 6.559100e+03
7.169000e+02 6.622753e+03
7.168500e+02 6.622753e+03
7.168000e+02 6.657933e+03
7.167500e+02 6.657933e+03
7.167000e+02 6.752600e+03
7.166500e+02 6.752600e+03
7.166000e+02 6.677600e+03
7.165500e+02 6.677600e+03
7.165000e+02 6.698600e+03
7.164500e+02 6.698600e+03
7.164000e+02 6.747067e+03
7.163500e+02 6.747067e+03
7.163000e+02 6.692600e+03
7.162500e+02 6.692600e+03
7.162000e+02 6.724400e+03
7.161500e+02 6.724400e+03
7.161000e+02 6.735067e+03
7.160500e+02 6.735067e+03
7.160000e+02 6.811333e+03
7.159500e+02 6.811333e+03
7.159000e+02 6.750933e+03
7.158500e+02 6.750933e+03
7.158000e+02 6.733600e+03
7.157500e+02 6.733600e+03
7.157000e+02 6.768667e+03
7.156500e+02 6.768667e+03
7.156000e+02 6.757667e+03
7.155500e+02 6.757667e+03
7.155000e+02 6.791800e+03
7.154500e+02 6.791800e+03
7.154000e+02 6.752067e+03
7.153500e+02 6.752067e+03
7.153000e+02 6.721333e+03
7.152500e+02 6.721333e+03
7.152000e+02 6.824333e+03
7.151500e+02 6.824333e+03
7.151000e+02 6.848667e+03
7.150500e+02 6.848667e+03
7.150000e+02 6.810400e+03
7.149500e+02 6.810400e+03
7.149000e+02 6.811400e+03
7.148500e+02 6.811400e+03
7.148000e+02 6.796067e+03
7.147500e+02 6.796067e+03
7.147000e+02 6.872000e+03
7.146500e+02 6.872000e+03
7.146000e+02 6.905800e+03
7.145500e+02 6.905800e+03
7.145000e+02 6.806333e+03
7.144500e+02 6.806333e+03
7.144000e+02 6.845733e+03
7.143500e+02 6.845733e+03
7.143000e+02 6.818333e+03
7.142500e+02 6.818333e+03
7.142000e+02 6.889800e+03
7.141500e+02 6.889800e+03
7.141000e+02 6.876000e+03
7.140500e+02 6.876000e+03
7.140000e+02 6.793933e+03
7.139500e+02 6.793933e+03
7.139000e+02 6.848000e+03
7.138500e+02 6.848000e+03
7.138000e+02 6.858467e+03
7.137500e+02 6.858467e+03
7.137000e+02 6.931867e+03
7.136500e+02 6.931867e+03
7.136000e+02 6.979067e+03
7.135500e+02 6.979067e+03
7.135000e+02 6.952200e+03
7.134500e+02 6.952200e+03
7.134000e+02 6.918000e+03
7.133500e+02 6.918000e+03
7.133000e+02 6.962600e+03
7.132500e+02 6.962600e+03
7.132000e+02 6.991733e+03
7.131500e+02 6.991733e+03
7.131000e+02 7.088600e+03
7.130500e+02 7.088600e+03
7.130000e+02 7.090667e+03
7.129500e+02 7.090667e+03
7.129000e+02 7.165600e+03
7.128500e+02 7.165600e+03
7.128000e+02 7.256067e+03
7.127500e+02 7.256067e+03
7.127000e+02 7.174667e+03
7.126500e+02 7.174667e+03
7.126000e+02 7.174333e+03
7.125500e+02 7.174333e+03
7.125000e+02 7.188667e+03
7.124500e+02 7.188667e+03
7.124000e+02 7.181133e+03
7.123500e+02 7.181133e+03
7.123000e+02 7.204267e+03
7.122500e+02 7.204267e+03
7.122000e+02 7.255800e+03
7.121500e+02 7.255800e+03
7.121000e+02 7.127867e+03
7.120500e+02 7.127867e+03
7.120000e+02 7.119467e+03
7.119500e+02 7.119467e+03
7.119000e+02 7.071400e+03
7.118500e+02 7.071400e+03
7.118000e+02 6.899067e+03
7.117500e+02 6.899067e+03
7.117000e+02 6.928000e+03
7.116500e+02 6.928000e+03
7.116000e+02 6.858800e+03
7.115500e+02 6.858800e+03
7.115000e+02 6.718600e+03
7.114500e+02 6.718600e+03
7.114000e+02 6.636773e+03
7.113500e+02 6.636773e+03
7.113000e+02 6.626653e+03
7.112500e+02 6.626653e+03
7.112000e+02 6.521127e+03
7.111500e+02 6.521127e+03
7.111000e+02 6.546700e+03
7.110500e+02 6.546700e+03
7.110000e+02 6.522073e+03
7.109500e+02 6.522073e+03
7.109000e+02 6.456607e+03
7.108500e+02 6.456607e+03
7.108000e+02 6.325833e+03
7.107500e+02 6.325833e+03
7.107000e+02 6.514127e+03
7.106500e+02 6.514127e+03
7.106000e+02 6.338193e+03
7.105500e+02 6.338193e+03
7.105000e+02 6.213593e+03
7.104500e+02 6.213593e+03
7.104000e+02 6.179640e+03
7.103500e+02 6.179640e+03
7.103000e+02 6.170353e+03
7.102500e+02 6.170353e+03
7.102000e+02 6.104020e+03
7.101500e+02 6.104020e+03
7.101000e+02 6.016933e+03
7.100500e+02 6.016933e+03
7.100000e+02 5.895653e+03
7.099500e+02 5.895653e+03
7.099000e+02 5.883133e+03
7.098500e+02 5.883133e+03
7.098000e+02 5.842720e+03
7.097500e+02 5.842720e+03
7.097000e+02 5.720447e+03
7.096500e+02 5.720447e+03
7.096000e+02 5.638580e+03
7.095500e+02 5.638580e+03
7.095000e+02 5.497920e+03
7.094500e+02 5.497920e+03
7.094000e+02 5.485013e+03
7.093500e+02 5.485013e+03
7.093000e+02 5.347427e+03
7.092500e+02 5.347427e+03
7.092000e+02 5.206607e+03
7.091500e+02 5.206607e+03
7.091000e+02 5.086347e+03
7.090500e+02 5.086347e+03
7.090000e+02 4.961460e+03
7.089500e+02 4.961460e+03
7.089000e+02 4.898180e+03
7.088500e+02 4.898180e+03
7.088000e+02 4.885893e+03
7.087500e+02 4.885893e+03
7.087000e+02 4.756947e+03
7.086500e+02 4.756947e+03
7.086000e+02 4.587753e+03
7.085500e+02 4.587753e+03
7.085000e+02 4.537853e+03
7.084500e+02 4.537853e+03
7.084000e+02 4.519240e+03
7.083500e+02 4.519240e+03
7.083000e+02 4.464933e+03
7.082500e+02 4.464933e+03
7.082000e+02 4.408813e+03
7.081500e+02 4.408813e+03
7.081000e+02 4.329160e+03
7.080500e+02 4.329160e+03
7.080000e+02 4.194973e+03
7.079500e+02 4.194973e+03
7.079000e+02 4.228073e+03
7.078500e+02 4.228073e+03
7.078000e+02 4.167307e+03
7.077500e+02 4.167307e+03
7.077000e+02 4.039340e+03
7.076500e+02 4.039340e+03
7.076000e+02 4.129747e+03
7.075500e+02 4.129747e+03
7.075000e+02 4.083460e+03
7.074500e+02 4.083460e+03
7.074000e+02 3.999113e+03
7.073500e+02 3.999113e+03
7.073000e+02 3.934340e+03
7.072500e+02 3.934340e+03
7.072000e+02 3.834513e+03
7.071500e+02 3.834513e+03
7.071000e+02 3.832547e+03
7.070500e+02 3.832547e+03
7.070000e+02 3.786380e+03
7.069500e+02 3.786380e+03
7.069000e+02 3.779900e+03
7.068500e+02 3.779900e+03
7.068000e+02 3.695847e+03
7.067500e+02 3.695847e+03
7.067000e+02 3.603687e+03
7.066500e+02 3.603687e+03
7.066000e+02 3.634913e+03
7.065500e+02 3.634913e+03
7.065000e+02 3.600367e+03
7.064500e+02 3.600367e+03
7.064000e+02 3.598213e+03
7.063500e+02 3.598213e+03
7.063000e+02 3.515820e+03
7.062500e+02 3.515820e+03
7.062000e+02 3.573760e+03
7.061500e+02 3.573760e+03
7.061000e+02 3.529473e+03
7.060500e+02 3.529473e+03
7.060000e+02 3.463147e+03
7.059500e+02 3.463147e+03
7.059000e+02 3.392300e+03
7.058500e+02 3.392300e+03
7.058000e+02 3.421287e+03
7.057500e+02 3.421287e+03
7.057000e+02 3.443600e+03
7.056500e+02 3.443600e+03
7.056000e+02 3.424000e+03
7.055500e+02 3.424000e+03
7.055000e+02 3.416100e+03
7.054500e+02 3.416100e+03
7.054000e+02 3.288240e+03
7.053500e+02 3.288240e+03
7.053000e+02 3.307580e+03
7.052500e+02 3.307580e+03
7.052000e+02 3.352867e+03
7.051500e+02 3.352867e+03
7.051000e+02 3.361793e+03
7.050500e+02 3.361793e+03
7.050000e+02 3.341260e+03
7.049500e+02 3.341260e+03
7.049000e+02 3.322460e+03
7.048500e+02 3.322460e+03
7.048000e+02 3.268887e+03
7.047500e+02 3.268887e+03
7.047000e+02 3.358847e+03
7.046500e+02 3.358847e+03
7.046000e+02 3.324327e+03
7.045500e+02 3.324327e+03
7.045000e+02 3.288360e+03
7.044500e+02 3.288360e+03
7.044000e+02 3.180993e+03
7.043500e+02 3.180993e+03
7.043000e+02 3.305580e+03
7.042500e+02 3.305580e+03
7.042000e+02 3.255040e+03
7.041500e+02 3.255040e+03
7.041000e+02 3.294547e+03
7.040500e+02 3.294547e+03
7.040000e+02 3.286713e+03
7.039500e+02 3.286713e+03
7.039000e+02 3.291913e+03
7.038500e+02 3.291913e+03
7.038000e+02 3.277773e+03
7.037500e+02 3.277773e+03
7.037000e+02 3.243073e+03
7.036500e+02 3.243073e+03
7.036000e+02 3.253553e+03
7.035500e+02 3.253553e+03
7.035000e+02 3.252973e+03
7.034500e+02 3.252973e+03
7.034000e+02 3.270120e+03
7.033500e+02 3.270120e+03
7.033000e+02 3.283800e+03
7.032500e+02 3.283800e+03
7.032000e+02 3.279173e+03
7.031500e+02 3.279173e+03
7.031000e+02 3.273420e+03
7.030500e+02 3.273420e+03
7.030000e+02 3.200780e+03
7.029500e+02 3.200780e+03
7.029000e+02 3.212880e+03
7.028500e+02 3.212880e+03
7.028000e+02 3.224447e+03
7.027500e+02 3.224447e+03
7.027000e+02 3.259807e+03
7.026500e+02 3.259807e+03
7.026000e+02 3.271687e+03
7.025500e+02 3.271687e+03
7.025000e+02 3.270080e+03
7.024500e+02 3.270080e+03
7.024000e+02 3.232427e+03
7.023500e+02 3.232427e+03
7.023000e+02 3.266627e+03
7.022500e+02 3.266627e+03
7.022000e+02 3.214453e+03
7.021500e+02 3.214453e+03
7.021000e+02 3.257700e+03
7.020500e+02 3.257700e+03
7.020000e+02 3.329460e+03
7.019500e+02 3.329460e+03
7.019000e+02 3.263680e+03
7.018500e+02 3.263680e+03
7.018000e+02 3.319213e+03
7.017500e+02 3.319213e+03
7.017000e+02 3.301887e+03
7.016500e+02 3.301887e+03
7.016000e+02 3.350820e+03
7.015500e+02 3.350820e+03
7.015000e+02 3.327860e+03
7.014500e+02 3.327860e+03
7.014000e+02 3.268640e+03
7.013500e+02 3.268640e+03
7.013000e+02 3.343587e+03
7.012500e+02 3.343587e+03
7.012000e+02 3.343013e+03
7.011500e+02 3.343013e+03
7.011000e+02 3.329467e+03
7.010500e+02 3.329467e+03
7.010000e+02 3.289227e+03
7.009500e+02 3.289227e+03
7.009000e+02 3.285687e+03
7.008500e+02 3.285687e+03
7.008000e+02 3.346573e+03
7.007500e+02 3.346573e+03
7.007000e+02 3.356400e+03
7.006500e+02 3.356400e+03
7.006000e+02 3.281840e+03
7.005500e+02 3.281840e+03
7.005000e+02 3.278560e+03
7.004500e+02 3.278560e+03
7.004000e+02 3.325573e+03
7.003500e+02 3.325573e+03
7.003000e+02 3.418653e+03
7.002500e+02 3.418653e+03
7.002000e+02 3.378880e+03
7.001500e+02 3.378880e+03
7.001000e+02 3.326707e+03
7.000500e+02 3.326707e+03
7.000000e+02 3.350567e+03
6.999500e+02 3.350567e+03
6.999000e+02 3.306887e+03
6.998500e+02 3.306887e+03
6.998000e+02 3.306887e+03
6.997500e+02 3.306887e+03
6.997000e+02 3.306887e+03
6.996500e+02 3.306887e+03
6.996000e+02 3.306887e+03
6.995500e+02 3.306887e+03
6.995000e+02 3.306887e+03
6.994500e+02 3.306887e+03
6.994000e+02 3.306887e+03
6.993500e+02 3.306887e+03
6.993000e+02 3.306887e+03
6.992500e+02 3.306887e+03
6.992000e+02 3.306887e+03
6.991500e+02 3.306887e+03
6.991000e+02 3.306887e+03
6.990500e+02 3.306887e+03
6.990000e+02 3.306887e+03
6.989500e+02 3.306887e+03
6.989000e+02 3.306887e+03
6.988500e+02 3.306887e+03
6.988000e+02 3.306887e+03
6.987500e+02 3.306887e+03
6.987000e+02 3.306887e+03
6.986500e+02 3.306887e+03
6.986000e+02 3.306887e+03
6.985500e+02 3.306887e+03
6.985000e+02 3.306887e+03
6.984500e+02 3.306887e+03
6.984000e+02 3.306887e+03
6.983500e+02 3.306887e+03
6.983000e+02 3.306887e+03
6.982500e+02 3.306887e+03
6.982000e+02 3.306887e+03
6.981500e+02 3.306887e+03
6.981000e+02 3.306887e+03
6.980500e+02 3.306887e+03
6.980000e+02 3.306887e+03
6.979500e+02 3.306887e+03
6.979000e+02 3.306887e+03
6.978500e+02 3.306887e+03
6.978000e+02 3.306887e+03
6.977500e+02 3.306887e+03
6.977000e+02 3.306887e+03
6.976500e+02 3.306887e+03
6.976000e+02 3.306887e+03
6.975500e+02 3.306887e+03
6.975000e+02 3.306887e+03
6.974500e+02 3.306887e+03
6.974000e+02 3.306887e+03
6.973500e+02 3.306887e+03
6.973000e+02 3.306887e+03
6.972500e+02 3.306887e+03
6.972000e+02 3.306887e+03
6.971500e+02 3.306887e+03
6.971000e+02 3.306887e+03
6.970500e+02 3.306887e+03
6.970000e+02 3.306887e+03
6.969500e+02 3.306887e+03
6.969000e+02 3.306887e+03
6.968500e+02 3.306887e+03
6.968000e+02 3.306887e+03
6.967500e+02 3.306887e+03
6.967000e+02 3.306887e+03
6.966500e+02 3.306887e+03
6.966000e+02 3.306887e+03
6.965500e+02 3.306887e+03
6.965000e+02 3.306887e+03
6.964500e+02 3.306887e+03
6.964000e+02 3.306887e+03
6.963500e+02 3.306887e+03
6.963000e+02 3.306887e+03
6.962500e+02 3.306887e+03
6.962000e+02 3.306887e+03
6.961500e+02 3.306887e+03
6.961000e+02 3.306887e+03
6.960500e+02 3.306887e+03
6.960000e+02 3.306887e+03
6.959500e+02 3.306887e+03
6.959000e+02 3.306887e+03
6.958500e+02 3.306887e+03
6.958000e+02 3.306887e+03
6.957500e+02 3.306887e+03
6.957000e+02 3.306887e+03
6.956500e+02 3.306887e+03
6.956000e+02 3.306887e+03
6.955500e+02 3.306887e+03
6.955000e+02 3.306887e+03
6.954500e+02 3.306887e+03
6.954000e+02 3.306887e+03
6.953500e+02 3.306887e+03
6.953000e+02 3.306887e+03
6.952500e+02 3.306887e+03
6.952000e+02 3.306887e+03
6.951500e+02 3.306887e+03
6.951000e+02 3.306887e+03
6.950500e+02 3.306887e+03
6.950000e+02 3.306887e+03
6.949500e+02 3.306887e+03
6.949000e+02 3.306887e+03
6.948500e+02 3.306887e+03
6.948000e+02 3.306887e+03
6.947500e+02 3.306887e+03
6.947000e+02 3.306887e+03
6.946500e+02 3.306887e+03
6.946000e+02 3.306887e+03
6.945500e+02 3.306887e+03
6.945000e+02 3.306887e+03
6.944500e+02 3.306887e+03
6.944000e+02 3.306887e+03
6.943500e+02 3.306887e+03
6.943000e+02 3.306887e+03
6.942500e+02 3.306887e+03
6.942000e+02 3.306887e+03
6.941500e+02 3.306887e+03
6.941000e+02 3.306887e+03
6.940500e+02 3.306887e+03
6.940000e+02 3.306887e+03
