Co2pFe2p Co metal
8.400000e+02 2.282790e+04
8.399500e+02 2.282790e+04
8.399000e+02 2.286890e+04
8.398500e+02 2.286890e+04
8.398000e+02 2.296260e+04
8.397500e+02 2.296260e+04
8.397000e+02 2.297305e+04
8.396500e+02 2.297305e+04
8.396000e+02 2.294845e+04
8.395500e+02 2.294845e+04
8.395000e+02 2.312860e+04
8.394500e+02 2.312860e+04
8.394000e+02 2.316170e+04
8.393500e+02 2.316170e+04
8.393000e+02 2.315915e+04
8.392500e+02 2.315915e+04
8.392000e+02 2.308765e+04
8.391500e+02 2.308765e+04
8.391000e+02 2.311180e+04
8.390500e+02 2.311180e+04
8.390000e+02 2.314375e+04
8.389500e+02 2.314375e+04
8.389000e+02 2.305165e+04
8.388500e+02 2.305165e+04
8.388000e+02 2.316295e+04
8.387500e+02 2.316295e+04
8.387000e+02 2.326195e+04
8.386500e+02 2.326195e+04
8.386000e+02 2.321090e+04
8.385500e+02 2.321090e+04
8.385000e+02 2.319065e+04
8.384500e+02 2.319065e+04
8.384000e+02 2.319165e+04
8.383500e+02 2.319165e+04
8.383000e+02 2.318025e+04
8.382500e+02 2.318025e+04
8.382000e+02 2.331735e+04
8.381500e+02 2.331735e+04
8.381000e+02 2.329660e+04
8.380500e+02 2.329660e+04
8.380000e+02 2.330590e+04
8.379500e+02 2.330590e+04
8.379000e+02 2.333990e+04
8.378500e+02 2.333990e+04
8.378000e+02 2.331140e+04
8.377500e+02 2.331140e+04
8.377000e+02 2.327935e+04
8.376500e+02 2.327935e+04
8.376000e+02 2.317360e+04
8.375500e+02 2.317360e+04
8.375000e+02 2.317290e+04
8.374500e+02 2.317290e+04
8.374000e+02 2.310940e+04
8.373500e+02 2.310940e+04
8.373000e+02 2.320355e+04
8.372500e+02 2.320355e+04
8.372000e+02 2.321970e+04
8.371500e+02 2.321970e+04
8.371000e+02 2.320795e+04
8.370500e+02 2.320795e+04
8.370000e+02 2.315745e+04
8.369500e+02 2.315745e+04
8.369000e+02 2.302905e+04
8.368500e+02 2.302905e+04
8.368000e+02 2.318055e+04
8.367500e+02 2.318055e+04
8.367000e+02 2.316715e+04
8.366500e+02 2.316715e+04
8.366000e+02 2.305720e+04
8.365500e+02 2.305720e+04
8.365000e+02 2.311555e+04
8.364500e+02 2.311555e+04
8.364000e+02 2.302580e+04
8.363500e+02 2.302580e+04
8.363000e+02 2.292405e+04
8.362500e+02 2.292405e+04
8.362000e+02 2.297910e+04
8.361500e+02 2.297910e+04
8.361000e+02 2.294575e+04
8.360500e+02 2.294575e+04
8.360000e+02 2.289060e+04
8.359500e+02 2.289060e+04
8.359000e+02 2.293645e+04
8.358500e+02 2.293645e+04
8.358000e+02 2.290145e+04
8.357500e+02 2.290145e+04
8.357000e+02 2.270250e+04
8.356500e+02 2.270250e+04
8.356000e+02 2.263085e+04
8.355500e+02 2.263085e+04
8.355000e+02 2.263345e+04
8.354500e+02 2.263345e+04
8.354000e+02 2.266110e+04
8.353500e+02 2.266110e+04
8.353000e+02 2.244825e+04
8.352500e+02 2.244825e+04
8.352000e+02 2.251710e+04
8.351500e+02 2.251710e+04
8.351000e+02 2.254870e+04
8.350500e+02 2.254870e+04
8.350000e+02 2.248885e+04
8.349500e+02 2.248885e+04
8.349000e+02 2.251565e+04
8.348500e+02 2.251565e+04
8.348000e+02 2.248645e+04
8.347500e+02 2.248645e+04
8.347000e+02 2.256425e+04
8.346500e+02 2.256425e+04
8.346000e+02 2.242670e+04
8.345500e+02 2.242670e+04
8.345000e+02 2.247370e+04
8.344500e+02 2.247370e+04
8.344000e+02 2.241800e+04
8.343500e+02 2.241800e+04
8.343000e+02 2.237195e+04
8.342500e+02 2.237195e+04
8.342000e+02 2.234795e+04
8.341500e+02 2.234795e+04
8.341000e+02 2.225685e+04
8.340500e+02 2.225685e+04
8.340000e+02 2.212955e+04
8.339500e+02 2.212955e+04
8.339000e+02 2.233960e+04
8.338500e+02 2.233960e+04
8.338000e+02 2.233625e+04
8.337500e+02 2.233625e+04
8.337000e+02 2.222125e+04
8.336500e+02 2.222125e+04
8.336000e+02 2.231590e+04
8.335500e+02 2.231590e+04
8.335000e+02 2.242325e+04
8.334500e+02 2.242325e+04
8.334000e+02 2.250480e+04
8.333500e+02 2.250480e+04
8.333000e+02 2.232610e+04
8.332500e+02 2.232610e+04
8.332000e+02 2.220945e+04
8.331500e+02 2.220945e+04
8.331000e+02 2.224425e+04
8.330500e+02 2.224425e+04
8.330000e+02 2.238365e+04
8.329500e+02 2.238365e+04
8.329000e+02 2.243185e+04
8.328500e+02 2.243185e+04
8.328000e+02 2.245805e+04
8.327500e+02 2.245805e+04
8.327000e+02 2.255675e+04
8.326500e+02 2.255675e+04
8.326000e+02 2.263265e+04
8.325500e+02 2.263265e+04
8.325000e+02 2.256235e+04
8.324500e+02 2.256235e+04
8.324000e+02 2.257910e+04
8.323500e+02 2.257910e+04
8.323000e+02 2.260750e+04
8.322500e+02 2.260750e+04
8.322000e+02 2.259675e+04
8.321500e+02 2.259675e+04
8.321000e+02 2.259970e+04
8.320500e+02 2.259970e+04
8.320000e+02 2.270625e+04
8.319500e+02 2.270625e+04
8.319000e+02 2.280225e+04
8.318500e+02 2.280225e+04
8.318000e+02 2.306400e+04
8.317500e+02 2.306400e+04
8.317000e+02 2.313140e+04
8.316500e+02 2.313140e+04
8.316000e+02 2.319285e+04
8.315500e+02 2.319285e+04
8.315000e+02 2.302835e+04
8.314500e+02 2.302835e+04
8.314000e+02 2.314545e+04
8.313500e+02 2.314545e+04
8.313000e+02 2.321725e+04
8.312500e+02 2.321725e+04
8.312000e+02 2.327565e+04
8.311500e+02 2.327565e+04
8.311000e+02 2.326135e+04
8.310500e+02 2.326135e+04
8.310000e+02 2.333870e+04
8.309500e+02 2.333870e+04
8.309000e+02 2.327365e+04
8.308500e+02 2.327365e+04
8.308000e+02 2.345730e+04
8.307500e+02 2.345730e+04
8.307000e+02 2.349920e+04
8.306500e+02 2.349920e+04
8.306000e+02 2.340845e+04
8.305500e+02 2.340845e+04
8.305000e+02 2.328865e+04
8.304500e+02 2.328865e+04
8.304000e+02 2.342600e+04
8.303500e+02 2.342600e+04
8.303000e+02 2.326265e+04
8.302500e+02 2.326265e+04
8.302000e+02 2.330010e+04
8.301500e+02 2.330010e+04
8.301000e+02 2.324810e+04
8.300500e+02 2.324810e+04
8.300000e+02 2.308380e+04
8.299500e+02 2.308380e+04
8.299000e+02 2.311800e+04
8.298500e+02 2.311800e+04
8.298000e+02 2.309145e+04
8.297500e+02 2.309145e+04
8.297000e+02 2.305085e+04
8.296500e+02 2.305085e+04
8.296000e+02 2.289410e+04
8.295500e+02 2.289410e+04
8.295000e+02 2.284570e+04
8.294500e+02 2.284570e+04
8.294000e+02 2.257690e+04
8.293500e+02 2.257690e+04
8.293000e+02 2.255345e+04
8.292500e+02 2.255345e+04
8.292000e+02 2.242010e+04
8.291500e+02 2.242010e+04
8.291000e+02 2.232885e+04
8.290500e+02 2.232885e+04
8.290000e+02 2.216760e+04
8.289500e+02 2.216760e+04
8.289000e+02 2.192660e+04
8.288500e+02 2.192660e+04
8.288000e+02 2.177080e+04
8.287500e+02 2.177080e+04
8.287000e+02 2.183535e+04
8.286500e+02 2.183535e+04
8.286000e+02 2.162470e+04
8.285500e+02 2.162470e+04
8.285000e+02 2.143380e+04
8.284500e+02 2.143380e+04
8.284000e+02 2.129425e+04
8.283500e+02 2.129425e+04
8.283000e+02 2.116090e+04
8.282500e+02 2.116090e+04
8.282000e+02 2.094555e+04
8.281500e+02 2.094555e+04
8.281000e+02 2.090830e+04
8.280500e+02 2.090830e+04
8.280000e+02 2.087300e+04
8.279500e+02 2.087300e+04
8.279000e+02 2.081315e+04
8.278500e+02 2.081315e+04
8.278000e+02 2.073855e+04
8.277500e+02 2.073855e+04
8.277000e+02 2.050455e+04
8.276500e+02 2.050455e+04
8.276000e+02 2.041770e+04
8.275500e+02 2.041770e+04
8.275000e+02 2.034335e+04
8.274500e+02 2.034335e+04
8.274000e+02 2.027935e+04
8.273500e+02 2.027935e+04
8.273000e+02 2.031775e+04
8.272500e+02 2.031775e+04
8.272000e+02 2.018330e+04
8.271500e+02 2.018330e+04
8.271000e+02 2.019015e+04
8.270500e+02 2.019015e+04
8.270000e+02 2.001465e+04
8.269500e+02 2.001465e+04
8.269000e+02 2.006945e+04
8.268500e+02 2.006945e+04
8.268000e+02 1.997030e+04
8.267500e+02 1.997030e+04
8.267000e+02 1.988530e+04
8.266500e+02 1.988530e+04
8.266000e+02 1.993335e+04
8.265500e+02 1.993335e+04
8.265000e+02 1.993055e+04
8.264500e+02 1.993055e+04
8.264000e+02 1.980885e+04
8.263500e+02 1.980885e+04
8.263000e+02 1.970880e+04
8.262500e+02 1.970880e+04
8.262000e+02 1.984265e+04
8.261500e+02 1.984265e+04
8.261000e+02 1.980185e+04
8.260500e+02 1.980185e+04
8.260000e+02 1.977425e+04
8.259500e+02 1.977425e+04
8.259000e+02 1.958525e+04
8.258500e+02 1.958525e+04
8.258000e+02 1.957585e+04
8.257500e+02 1.957585e+04
8.257000e+02 1.964365e+04
8.256500e+02 1.964365e+04
8.256000e+02 1.958610e+04
8.255500e+02 1.958610e+04
8.255000e+02 1.973560e+04
8.254500e+02 1.973560e+04
8.254000e+02 1.965590e+04
8.253500e+02 1.965590e+04
8.253000e+02 1.958615e+04
8.252500e+02 1.958615e+04
8.252000e+02 1.951490e+04
8.251500e+02 1.951490e+04
8.251000e+02 1.936000e+04
8.250500e+02 1.936000e+04
8.250000e+02 1.955795e+04
8.249500e+02 1.955795e+04
8.249000e+02 1.957140e+04
8.248500e+02 1.957140e+04
8.248000e+02 1.954045e+04
8.247500e+02 1.954045e+04
8.247000e+02 1.970285e+04
8.246500e+02 1.970285e+04
8.246000e+02 1.966260e+04
8.245500e+02 1.966260e+04
8.245000e+02 1.946105e+04
8.244500e+02 1.946105e+04
8.244000e+02 1.960095e+04
8.243500e+02 1.960095e+04
8.243000e+02 1.969950e+04
8.242500e+02 1.969950e+04
8.242000e+02 1.955425e+04
8.241500e+02 1.955425e+04
8.241000e+02 1.945140e+04
8.240500e+02 1.945140e+04
8.240000e+02 1.939000e+04
8.239500e+02 1.939000e+04
8.239000e+02 1.953875e+04
8.238500e+02 1.953875e+04
8.238000e+02 1.949675e+04
8.237500e+02 1.949675e+04
8.237000e+02 1.933855e+04
8.236500e+02 1.933855e+04
8.236000e+02 1.942125e+04
8.235500e+02 1.942125e+04
8.235000e+02 1.945820e+04
8.234500e+02 1.945820e+04
8.234000e+02 1.946950e+04
8.233500e+02 1.946950e+04
8.233000e+02 1.956575e+04
8.232500e+02 1.956575e+04
8.232000e+02 1.950690e+04
8.231500e+02 1.950690e+04
8.231000e+02 1.957225e+04
8.230500e+02 1.957225e+04
8.230000e+02 1.941475e+04
8.229500e+02 1.941475e+04
8.229000e+02 1.946775e+04
8.228500e+02 1.946775e+04
8.228000e+02 1.955860e+04
8.227500e+02 1.955860e+04
8.227000e+02 1.942465e+04
8.226500e+02 1.942465e+04
8.226000e+02 1.951425e+04
8.225500e+02 1.951425e+04
8.225000e+02 1.956110e+04
8.224500e+02 1.956110e+04
8.224000e+02 1.942695e+04
8.223500e+02 1.942695e+04
8.223000e+02 1.939290e+04
8.222500e+02 1.939290e+04
8.222000e+02 1.954585e+04
8.221500e+02 1.954585e+04
8.221000e+02 1.964010e+04
8.220500e+02 1.964010e+04
8.220000e+02 1.955455e+04
8.219500e+02 1.955455e+04
8.219000e+02 1.958190e+04
8.218500e+02 1.958190e+04
8.218000e+02 1.961975e+04
8.217500e+02 1.961975e+04
8.217000e+02 1.966465e+04
8.216500e+02 1.966465e+04
8.216000e+02 1.943215e+04
8.215500e+02 1.943215e+04
8.215000e+02 1.943735e+04
8.214500e+02 1.943735e+04
8.214000e+02 1.946285e+04
8.213500e+02 1.946285e+04
8.213000e+02 1.962845e+04
8.212500e+02 1.962845e+04
8.212000e+02 1.956180e+04
8.211500e+02 1.956180e+04
8.211000e+02 1.945820e+04
8.210500e+02 1.945820e+04
8.210000e+02 1.950330e+04
8.209500e+02 1.950330e+04
8.209000e+02 1.951160e+04
8.208500e+02 1.951160e+04
8.208000e+02 1.965415e+04
8.207500e+02 1.965415e+04
8.207000e+02 1.958030e+04
8.206500e+02 1.958030e+04
8.206000e+02 1.954505e+04
8.205500e+02 1.954505e+04
8.205000e+02 1.966060e+04
8.204500e+02 1.966060e+04
8.204000e+02 1.965710e+04
8.203500e+02 1.965710e+04
8.203000e+02 1.949890e+04
8.202500e+02 1.949890e+04
8.202000e+02 1.947775e+04
8.201500e+02 1.947775e+04
8.201000e+02 1.949015e+04
8.200500e+02 1.949015e+04
8.200000e+02 1.959020e+04
8.199500e+02 1.959020e+04
8.199000e+02 1.955570e+04
8.198500e+02 1.955570e+04
8.198000e+02 1.949305e+04
8.197500e+02 1.949305e+04
8.197000e+02 1.958035e+04
8.196500e+02 1.958035e+04
8.196000e+02 1.969180e+04
8.195500e+02 1.969180e+04
8.195000e+02 1.964610e+04
8.194500e+02 1.964610e+04
8.194000e+02 1.962595e+04
8.193500e+02 1.962595e+04
8.193000e+02 1.959165e+04
8.192500e+02 1.959165e+04
8.192000e+02 1.970270e+04
8.191500e+02 1.970270e+04
8.191000e+02 1.986120e+04
8.190500e+02 1.986120e+04
8.190000e+02 1.983075e+04
8.189500e+02 1.983075e+04
8.189000e+02 1.966150e+04
8.188500e+02 1.966150e+04
8.188000e+02 1.960875e+04
8.187500e+02 1.960875e+04
8.187000e+02 1.976045e+04
8.186500e+02 1.976045e+04
8.186000e+02 1.973095e+04
8.185500e+02 1.973095e+04
8.185000e+02 1.976965e+04
8.184500e+02 1.976965e+04
8.184000e+02 1.982375e+04
8.183500e+02 1.982375e+04
8.183000e+02 1.989040e+04
8.182500e+02 1.989040e+04
8.182000e+02 1.971890e+04
8.181500e+02 1.971890e+04
8.181000e+02 1.987575e+04
8.180500e+02 1.987575e+04
8.180000e+02 1.983195e+04
8.179500e+02 1.983195e+04
8.179000e+02 1.976635e+04
8.178500e+02 1.976635e+04
8.178000e+02 1.990710e+04
8.177500e+02 1.990710e+04
8.177000e+02 1.975930e+04
8.176500e+02 1.975930e+04
8.176000e+02 1.989430e+04
8.175500e+02 1.989430e+04
8.175000e+02 1.992640e+04
8.174500e+02 1.992640e+04
8.174000e+02 1.992685e+04
8.173500e+02 1.992685e+04
8.173000e+02 1.986660e+04
8.172500e+02 1.986660e+04
8.172000e+02 1.993465e+04
8.171500e+02 1.993465e+04
8.171000e+02 1.975765e+04
8.170500e+02 1.975765e+04
8.170000e+02 1.977770e+04
8.169500e+02 1.977770e+04
8.169000e+02 1.990040e+04
8.168500e+02 1.990040e+04
8.168000e+02 1.996910e+04
8.167500e+02 1.996910e+04
8.167000e+02 2.003455e+04
8.166500e+02 2.003455e+04
8.166000e+02 2.006940e+04
8.165500e+02 2.006940e+04
8.165000e+02 2.006475e+04
8.164500e+02 2.006475e+04
8.164000e+02 2.002295e+04
8.163500e+02 2.002295e+04
8.163000e+02 1.998310e+04
8.162500e+02 1.998310e+04
8.162000e+02 2.007350e+04
8.161500e+02 2.007350e+04
8.161000e+02 2.009215e+04
8.160500e+02 2.009215e+04
8.160000e+02 2.005830e+04
8.159500e+02 2.005830e+04
8.159000e+02 2.012390e+04
8.158500e+02 2.012390e+04
8.158000e+02 2.004435e+04
8.157500e+02 2.004435e+04
8.157000e+02 2.013905e+04
8.156500e+02 2.013905e+04
8.156000e+02 2.011095e+04
8.155500e+02 2.011095e+04
8.155000e+02 2.014495e+04
8.154500e+02 2.014495e+04
8.154000e+02 2.019730e+04
8.153500e+02 2.019730e+04
8.153000e+02 2.016600e+04
8.152500e+02 2.016600e+04
8.152000e+02 2.031590e+04
8.151500e+02 2.031590e+04
8.151000e+02 2.024725e+04
8.150500e+02 2.024725e+04
8.150000e+02 2.019845e+04
8.149500e+02 2.019845e+04
8.149000e+02 2.030960e+04
8.148500e+02 2.030960e+04
8.148000e+02 2.032775e+04
8.147500e+02 2.032775e+04
8.147000e+02 2.047730e+04
8.146500e+02 2.047730e+04
8.146000e+02 2.034640e+04
8.145500e+02 2.034640e+04
8.145000e+02 2.034305e+04
8.144500e+02 2.034305e+04
8.144000e+02 2.028615e+04
8.143500e+02 2.028615e+04
8.143000e+02 2.029725e+04
8.142500e+02 2.029725e+04
8.142000e+02 2.042965e+04
8.141500e+02 2.042965e+04
8.141000e+02 2.041670e+04
8.140500e+02 2.041670e+04
8.140000e+02 2.027925e+04
8.139500e+02 2.027925e+04
8.139000e+02 2.032565e+04
8.138500e+02 2.032565e+04
8.138000e+02 2.025725e+04
8.137500e+02 2.025725e+04
8.137000e+02 2.029010e+04
8.136500e+02 2.029010e+04
8.136000e+02 2.032440e+04
8.135500e+02 2.032440e+04
8.135000e+02 2.034020e+04
8.134500e+02 2.034020e+04
8.134000e+02 2.027775e+04
8.133500e+02 2.027775e+04
8.133000e+02 2.027680e+04
8.132500e+02 2.027680e+04
8.132000e+02 2.023635e+04
8.131500e+02 2.023635e+04
8.131000e+02 2.026720e+04
8.130500e+02 2.026720e+04
8.130000e+02 2.022790e+04
8.129500e+02 2.022790e+04
8.129000e+02 2.024350e+04
8.128500e+02 2.024350e+04
8.128000e+02 2.011230e+04
8.127500e+02 2.011230e+04
8.127000e+02 2.032080e+04
8.126500e+02 2.032080e+04
8.126000e+02 2.029380e+04
8.125500e+02 2.029380e+04
8.125000e+02 2.015875e+04
8.124500e+02 2.015875e+04
8.124000e+02 2.014910e+04
8.123500e+02 2.014910e+04
8.123000e+02 2.018705e+04
8.122500e+02 2.018705e+04
8.122000e+02 2.005325e+04
8.121500e+02 2.005325e+04
8.121000e+02 2.015570e+04
8.120500e+02 2.015570e+04
8.120000e+02 2.014315e+04
8.119500e+02 2.014315e+04
8.119000e+02 2.011315e+04
8.118500e+02 2.011315e+04
8.118000e+02 2.020710e+04
8.117500e+02 2.020710e+04
8.117000e+02 2.011360e+04
8.116500e+02 2.011360e+04
8.116000e+02 2.021555e+04
8.115500e+02 2.021555e+04
8.115000e+02 2.013710e+04
8.114500e+02 2.013710e+04
8.114000e+02 2.027065e+04
8.113500e+02 2.027065e+04
8.113000e+02 2.014435e+04
8.112500e+02 2.014435e+04
8.112000e+02 2.012455e+04
8.111500e+02 2.012455e+04
8.111000e+02 2.016870e+04
8.110500e+02 2.016870e+04
8.110000e+02 2.020820e+04
8.109500e+02 2.020820e+04
8.109000e+02 2.010410e+04
8.108500e+02 2.010410e+04
8.108000e+02 2.027120e+04
8.107500e+02 2.027120e+04
8.107000e+02 2.027385e+04
8.106500e+02 2.027385e+04
8.106000e+02 2.020180e+04
8.105500e+02 2.020180e+04
8.105000e+02 2.013880e+04
8.104500e+02 2.013880e+04
8.104000e+02 2.018360e+04
8.103500e+02 2.018360e+04
8.103000e+02 2.025640e+04
8.102500e+02 2.025640e+04
8.102000e+02 2.013585e+04
8.101500e+02 2.013585e+04
8.101000e+02 2.019295e+04
8.100500e+02 2.019295e+04
8.100000e+02 2.026685e+04
8.099500e+02 2.026685e+04
8.099000e+02 2.025575e+04
8.098500e+02 2.025575e+04
8.098000e+02 2.026585e+04
8.097500e+02 2.026585e+04
8.097000e+02 2.030510e+04
8.096500e+02 2.030510e+04
8.096000e+02 2.027710e+04
8.095500e+02 2.027710e+04
8.095000e+02 2.024325e+04
8.094500e+02 2.024325e+04
8.094000e+02 2.037095e+04
8.093500e+02 2.037095e+04
8.093000e+02 2.033715e+04
8.092500e+02 2.033715e+04
8.092000e+02 2.045655e+04
8.091500e+02 2.045655e+04
8.091000e+02 2.049210e+04
8.090500e+02 2.049210e+04
8.090000e+02 2.046615e+04
8.089500e+02 2.046615e+04
8.089000e+02 2.028410e+04
8.088500e+02 2.028410e+04
8.088000e+02 2.032340e+04
8.087500e+02 2.032340e+04
8.087000e+02 2.037890e+04
8.086500e+02 2.037890e+04
8.086000e+02 2.044590e+04
8.085500e+02 2.044590e+04
8.085000e+02 2.040075e+04
8.084500e+02 2.040075e+04
8.084000e+02 2.050205e+04
8.083500e+02 2.050205e+04
8.083000e+02 2.036735e+04
8.082500e+02 2.036735e+04
8.082000e+02 2.034900e+04
8.081500e+02 2.034900e+04
8.081000e+02 2.049120e+04
8.080500e+02 2.049120e+04
8.080000e+02 2.044810e+04
8.079500e+02 2.044810e+04
8.079000e+02 2.040110e+04
8.078500e+02 2.040110e+04
8.078000e+02 2.035840e+04
8.077500e+02 2.035840e+04
8.077000e+02 2.045255e+04
8.076500e+02 2.045255e+04
8.076000e+02 2.057950e+04
8.075500e+02 2.057950e+04
8.075000e+02 2.060900e+04
8.074500e+02 2.060900e+04
8.074000e+02 2.056425e+04
8.073500e+02 2.056425e+04
8.073000e+02 2.052225e+04
8.072500e+02 2.052225e+04
8.072000e+02 2.074770e+04
8.071500e+02 2.074770e+04
8.071000e+02 2.062240e+04
8.070500e+02 2.062240e+04
8.070000e+02 2.069065e+04
8.069500e+02 2.069065e+04
8.069000e+02 2.074320e+04
8.068500e+02 2.074320e+04
8.068000e+02 2.085260e+04
8.067500e+02 2.085260e+04
8.067000e+02 2.082360e+04
8.066500e+02 2.082360e+04
8.066000e+02 2.094335e+04
8.065500e+02 2.094335e+04
8.065000e+02 2.090475e+04
8.064500e+02 2.090475e+04
8.064000e+02 2.082655e+04
8.063500e+02 2.082655e+04
8.063000e+02 2.090585e+04
8.062500e+02 2.090585e+04
8.062000e+02 2.093770e+04
8.061500e+02 2.093770e+04
8.061000e+02 2.089455e+04
8.060500e+02 2.089455e+04
8.060000e+02 2.090390e+04
8.059500e+02 2.090390e+04
8.059000e+02 2.085355e+04
8.058500e+02 2.085355e+04
8.058000e+02 2.113600e+04
8.057500e+02 2.113600e+04
8.057000e+02 2.102430e+04
8.056500e+02 2.102430e+04
8.056000e+02 2.101335e+04
8.055500e+02 2.101335e+04
8.055000e+02 2.096790e+04
8.054500e+02 2.096790e+04
8.054000e+02 2.098525e+04
8.053500e+02 2.098525e+04
8.053000e+02 2.103400e+04
8.052500e+02 2.103400e+04
8.052000e+02 2.099800e+04
8.051500e+02 2.099800e+04
8.051000e+02 2.095475e+04
8.050500e+02 2.095475e+04
8.050000e+02 2.104600e+04
8.049500e+02 2.104600e+04
8.049000e+02 2.101825e+04
8.048500e+02 2.101825e+04
8.048000e+02 2.113405e+04
8.047500e+02 2.113405e+04
8.047000e+02 2.108270e+04
8.046500e+02 2.108270e+04
8.046000e+02 2.108715e+04
8.045500e+02 2.108715e+04
8.045000e+02 2.111620e+04
8.044500e+02 2.111620e+04
8.044000e+02 2.114705e+04
8.043500e+02 2.114705e+04
8.043000e+02 2.103705e+04
8.042500e+02 2.103705e+04
8.042000e+02 2.120315e+04
8.041500e+02 2.120315e+04
8.041000e+02 2.113950e+04
8.040500e+02 2.113950e+04
8.040000e+02 2.116620e+04
8.039500e+02 2.116620e+04
8.039000e+02 2.116935e+04
8.038500e+02 2.116935e+04
8.038000e+02 2.126125e+04
8.037500e+02 2.126125e+04
8.037000e+02 2.122635e+04
8.036500e+02 2.122635e+04
8.036000e+02 2.128965e+04
8.035500e+02 2.128965e+04
8.035000e+02 2.135990e+04
8.034500e+02 2.135990e+04
8.034000e+02 2.122925e+04
8.033500e+02 2.122925e+04
8.033000e+02 2.135730e+04
8.032500e+02 2.135730e+04
8.032000e+02 2.136990e+04
8.031500e+02 2.136990e+04
8.031000e+02 2.135145e+04
8.030500e+02 2.135145e+04
8.030000e+02 2.136300e+04
8.029500e+02 2.136300e+04
8.029000e+02 2.134845e+04
8.028500e+02 2.134845e+04
8.028000e+02 2.140520e+04
8.027500e+02 2.140520e+04
8.027000e+02 2.140525e+04
8.026500e+02 2.140525e+04
8.026000e+02 2.155805e+04
8.025500e+02 2.155805e+04
8.025000e+02 2.155065e+04
8.024500e+02 2.155065e+04
8.024000e+02 2.141420e+04
8.023500e+02 2.141420e+04
8.023000e+02 2.150145e+04
8.022500e+02 2.150145e+04
8.022000e+02 2.160135e+04
8.021500e+02 2.160135e+04
8.021000e+02 2.161435e+04
8.020500e+02 2.161435e+04
8.020000e+02 2.170640e+04
8.019500e+02 2.170640e+04
8.019000e+02 2.158370e+04
8.018500e+02 2.158370e+04
8.018000e+02 2.158225e+04
8.017500e+02 2.158225e+04
8.017000e+02 2.176610e+04
8.016500e+02 2.176610e+04
8.016000e+02 2.164605e+04
8.015500e+02 2.164605e+04
8.015000e+02 2.148525e+04
8.014500e+02 2.148525e+04
8.014000e+02 2.159530e+04
8.013500e+02 2.159530e+04
8.013000e+02 2.178490e+04
8.012500e+02 2.178490e+04
8.012000e+02 2.188140e+04
8.011500e+02 2.188140e+04
8.011000e+02 2.166305e+04
8.010500e+02 2.166305e+04
8.010000e+02 2.175095e+04
8.009500e+02 2.175095e+04
8.009000e+02 2.165595e+04
8.008500e+02 2.165595e+04
8.008000e+02 2.179645e+04
8.007500e+02 2.179645e+04
8.007000e+02 2.186430e+04
8.006500e+02 2.186430e+04
8.006000e+02 2.181140e+04
8.005500e+02 2.181140e+04
8.005000e+02 2.175150e+04
8.004500e+02 2.175150e+04
8.004000e+02 2.188985e+04
8.003500e+02 2.188985e+04
8.003000e+02 2.192445e+04
8.002500e+02 2.192445e+04
8.002000e+02 2.204420e+04
8.001500e+02 2.204420e+04
8.001000e+02 2.187405e+04
8.000500e+02 2.187405e+04
8.000000e+02 2.187035e+04
7.999500e+02 2.187035e+04
7.999000e+02 2.195815e+04
7.998500e+02 2.195815e+04
7.998000e+02 2.199515e+04
7.997500e+02 2.199515e+04
7.997000e+02 2.215160e+04
7.996500e+02 2.215160e+04
7.996000e+02 2.225385e+04
7.995500e+02 2.225385e+04
7.995000e+02 2.216055e+04
7.994500e+02 2.216055e+04
7.994000e+02 2.218045e+04
7.993500e+02 2.218045e+04
7.993000e+02 2.217605e+04
7.992500e+02 2.217605e+04
7.992000e+02 2.224400e+04
7.991500e+02 2.224400e+04
7.991000e+02 2.233875e+04
7.990500e+02 2.233875e+04
7.990000e+02 2.237180e+04
7.989500e+02 2.237180e+04
7.989000e+02 2.241880e+04
7.988500e+02 2.241880e+04
7.988000e+02 2.248560e+04
7.987500e+02 2.248560e+04
7.987000e+02 2.253730e+04
7.986500e+02 2.253730e+04
7.986000e+02 2.263680e+04
7.985500e+02 2.263680e+04
7.985000e+02 2.277465e+04
7.984500e+02 2.277465e+04
7.984000e+02 2.272275e+04
7.983500e+02 2.272275e+04
7.983000e+02 2.268865e+04
7.982500e+02 2.268865e+04
7.982000e+02 2.278155e+04
7.981500e+02 2.278155e+04
7.981000e+02 2.289885e+04
7.980500e+02 2.289885e+04
7.980000e+02 2.288710e+04
7.979500e+02 2.288710e+04
7.979000e+02 2.280900e+04
7.978500e+02 2.280900e+04
7.978000e+02 2.311520e+04
7.977500e+02 2.311520e+04
7.977000e+02 2.314805e+04
7.976500e+02 2.314805e+04
7.976000e+02 2.316990e+04
7.975500e+02 2.316990e+04
7.975000e+02 2.327550e+04
7.974500e+02 2.327550e+04
7.974000e+02 2.333930e+04
7.973500e+02 2.333930e+04
7.973000e+02 2.352985e+04
7.972500e+02 2.352985e+04
7.972000e+02 2.365030e+04
7.971500e+02 2.365030e+04
7.971000e+02 2.367505e+04
7.970500e+02 2.367505e+04
7.970000e+02 2.376470e+04
7.969500e+02 2.376470e+04
7.969000e+02 2.381360e+04
7.968500e+02 2.381360e+04
7.968000e+02 2.396225e+04
7.967500e+02 2.396225e+04
7.967000e+02 2.414355e+04
7.966500e+02 2.414355e+04
7.966000e+02 2.414350e+04
7.965500e+02 2.414350e+04
7.965000e+02 2.443395e+04
7.964500e+02 2.443395e+04
7.964000e+02 2.456865e+04
7.963500e+02 2.456865e+04
7.963000e+02 2.456415e+04
7.962500e+02 2.456415e+04
7.962000e+02 2.467745e+04
7.961500e+02 2.467745e+04
7.961000e+02 2.485175e+04
7.960500e+02 2.485175e+04
7.960000e+02 2.511960e+04
7.959500e+02 2.511960e+04
7.959000e+02 2.501800e+04
7.958500e+02 2.501800e+04
7.958000e+02 2.525730e+04
7.957500e+02 2.525730e+04
7.957000e+02 2.547990e+04
7.956500e+02 2.547990e+04
7.956000e+02 2.568770e+04
7.955500e+02 2.568770e+04
7.955000e+02 2.588495e+04
7.954500e+02 2.588495e+04
7.954000e+02 2.614870e+04
7.953500e+02 2.614870e+04
7.953000e+02 2.637785e+04
7.952500e+02 2.637785e+04
7.952000e+02 2.652425e+04
7.951500e+02 2.652425e+04
7.951000e+02 2.697550e+04
7.950500e+02 2.697550e+04
7.950000e+02 2.714860e+04
7.949500e+02 2.714860e+04
7.949000e+02 2.744825e+04
7.948500e+02 2.744825e+04
7.948000e+02 2.770430e+04
7.947500e+02 2.770430e+04
7.947000e+02 2.806690e+04
7.946500e+02 2.806690e+04
7.946000e+02 2.849710e+04
7.945500e+02 2.849710e+04
7.945000e+02 2.876650e+04
7.944500e+02 2.876650e+04
7.944000e+02 2.915750e+04
7.943500e+02 2.915750e+04
7.943000e+02 2.949480e+04
7.942500e+02 2.949480e+04
7.942000e+02 2.990130e+04
7.941500e+02 2.990130e+04
7.941000e+02 3.029545e+04
7.940500e+02 3.029545e+04
7.940000e+02 3.089340e+04
7.939500e+02 3.089340e+04
7.939000e+02 3.157470e+04
7.938500e+02 3.157470e+04
7.938000e+02 3.205590e+04
7.937500e+02 3.205590e+04
7.937000e+02 3.290355e+04
7.936500e+02 3.290355e+04
7.936000e+02 3.349530e+04
7.935500e+02 3.349530e+04
7.935000e+02 3.405715e+04
7.934500e+02 3.405715e+04
7.934000e+02 3.468405e+04
7.933500e+02 3.468405e+04
7.933000e+02 3.509755e+04
7.932500e+02 3.509755e+04
7.932000e+02 3.520635e+04
7.931500e+02 3.520635e+04
7.931000e+02 3.501125e+04
7.930500e+02 3.501125e+04
7.930000e+02 3.432100e+04
7.929500e+02 3.432100e+04
7.929000e+02 3.333010e+04
7.928500e+02 3.333010e+04
7.928000e+02 3.217250e+04
7.927500e+02 3.217250e+04
7.927000e+02 3.080235e+04
7.926500e+02 3.080235e+04
7.926000e+02 2.939075e+04
7.925500e+02 2.939075e+04
7.925000e+02 2.784315e+04
7.924500e+02 2.784315e+04
7.924000e+02 2.639560e+04
7.923500e+02 2.639560e+04
7.923000e+02 2.521165e+04
7.922500e+02 2.521165e+04
7.922000e+02 2.418775e+04
7.921500e+02 2.418775e+04
7.921000e+02 2.339185e+04
7.920500e+02 2.339185e+04
7.920000e+02 2.255130e+04
7.919500e+02 2.255130e+04
7.919000e+02 2.194215e+04
7.918500e+02 2.194215e+04
7.918000e+02 2.151505e+04
7.917500e+02 2.151505e+04
7.917000e+02 2.110150e+04
7.916500e+02 2.110150e+04
7.916000e+02 2.073580e+04
7.915500e+02 2.073580e+04
7.915000e+02 2.074065e+04
7.914500e+02 2.074065e+04
7.914000e+02 2.027105e+04
7.913500e+02 2.027105e+04
7.913000e+02 2.013320e+04
7.912500e+02 2.013320e+04
7.912000e+02 2.007880e+04
7.911500e+02 2.007880e+04
7.911000e+02 2.001665e+04
7.910500e+02 2.001665e+04
7.910000e+02 1.977930e+04
7.909500e+02 1.977930e+04
7.909000e+02 1.966960e+04
7.908500e+02 1.966960e+04
7.908000e+02 1.952365e+04
7.907500e+02 1.952365e+04
7.907000e+02 1.942740e+04
7.906500e+02 1.942740e+04
7.906000e+02 1.937945e+04
7.905500e+02 1.937945e+04
7.905000e+02 1.936125e+04
7.904500e+02 1.936125e+04
7.904000e+02 1.914905e+04
7.903500e+02 1.914905e+04
7.903000e+02 1.916700e+04
7.902500e+02 1.916700e+04
7.902000e+02 1.915380e+04
7.901500e+02 1.915380e+04
7.901000e+02 1.909485e+04
7.900500e+02 1.909485e+04
7.900000e+02 1.912010e+04
7.899500e+02 1.912010e+04
7.899000e+02 1.916535e+04
7.898500e+02 1.916535e+04
7.898000e+02 1.906565e+04
7.897500e+02 1.906565e+04
7.897000e+02 1.914500e+04
7.896500e+02 1.914500e+04
7.896000e+02 1.904290e+04
7.895500e+02 1.904290e+04
7.895000e+02 1.908095e+04
7.894500e+02 1.908095e+04
7.894000e+02 1.910295e+04
7.893500e+02 1.910295e+04
7.893000e+02 1.918070e+04
7.892500e+02 1.918070e+04
7.892000e+02 1.925550e+04
7.891500e+02 1.925550e+04
7.891000e+02 1.923385e+04
7.890500e+02 1.923385e+04
7.890000e+02 1.918585e+04
7.889500e+02 1.918585e+04
7.889000e+02 1.926335e+04
7.888500e+02 1.926335e+04
7.888000e+02 1.926820e+04
7.887500e+02 1.926820e+04
7.887000e+02 1.929280e+04
7.886500e+02 1.929280e+04
7.886000e+02 1.948430e+04
7.885500e+02 1.948430e+04
7.885000e+02 1.953350e+04
7.884500e+02 1.953350e+04
7.884000e+02 1.950975e+04
7.883500e+02 1.950975e+04
7.883000e+02 1.949275e+04
7.882500e+02 1.949275e+04
7.882000e+02 1.942325e+04
7.881500e+02 1.942325e+04
7.881000e+02 1.953775e+04
7.880500e+02 1.953775e+04
7.880000e+02 1.966950e+04
7.879500e+02 1.966950e+04
7.879000e+02 1.969420e+04
7.878500e+02 1.969420e+04
7.878000e+02 1.965610e+04
7.877500e+02 1.965610e+04
7.877000e+02 1.972690e+04
7.876500e+02 1.972690e+04
7.876000e+02 1.972880e+04
7.875500e+02 1.972880e+04
7.875000e+02 1.986545e+04
7.874500e+02 1.986545e+04
7.874000e+02 1.994155e+04
7.873500e+02 1.994155e+04
7.873000e+02 1.975560e+04
7.872500e+02 1.975560e+04
7.872000e+02 1.985395e+04
7.871500e+02 1.985395e+04
7.871000e+02 1.989000e+04
7.870500e+02 1.989000e+04
7.870000e+02 2.005825e+04
7.869500e+02 2.005825e+04
7.869000e+02 2.003995e+04
7.868500e+02 2.003995e+04
7.868000e+02 2.004435e+04
7.867500e+02 2.004435e+04
7.867000e+02 2.008780e+04
7.866500e+02 2.008780e+04
7.866000e+02 2.012445e+04
7.865500e+02 2.012445e+04
7.865000e+02 2.021050e+04
7.864500e+02 2.021050e+04
7.864000e+02 2.035295e+04
7.863500e+02 2.035295e+04
7.863000e+02 2.037820e+04
7.862500e+02 2.037820e+04
7.862000e+02 2.033140e+04
7.861500e+02 2.033140e+04
7.861000e+02 2.044420e+04
7.860500e+02 2.044420e+04
7.860000e+02 2.045800e+04
7.859500e+02 2.045800e+04
7.859000e+02 2.060135e+04
7.858500e+02 2.060135e+04
7.858000e+02 2.053560e+04
7.857500e+02 2.053560e+04
7.857000e+02 2.059970e+04
7.856500e+02 2.059970e+04
7.856000e+02 2.063255e+04
7.855500e+02 2.063255e+04
7.855000e+02 2.073205e+04
7.854500e+02 2.073205e+04
7.854000e+02 2.067585e+04
7.853500e+02 2.067585e+04
7.853000e+02 2.094795e+04
7.852500e+02 2.094795e+04
7.852000e+02 2.108410e+04
7.851500e+02 2.108410e+04
7.851000e+02 2.101545e+04
7.850500e+02 2.101545e+04
7.850000e+02 2.101930e+04
7.849500e+02 2.101930e+04
7.849000e+02 2.105695e+04
7.848500e+02 2.105695e+04
7.848000e+02 2.121450e+04
7.847500e+02 2.121450e+04
7.847000e+02 2.119735e+04
7.846500e+02 2.119735e+04
7.846000e+02 2.138925e+04
7.845500e+02 2.138925e+04
7.845000e+02 2.160575e+04
7.844500e+02 2.160575e+04
7.844000e+02 2.163930e+04
7.843500e+02 2.163930e+04
7.843000e+02 2.168435e+04
7.842500e+02 2.168435e+04
7.842000e+02 2.172185e+04
7.841500e+02 2.172185e+04
7.841000e+02 2.175330e+04
7.840500e+02 2.175330e+04
7.840000e+02 2.180420e+04
7.839500e+02 2.180420e+04
7.839000e+02 2.207665e+04
7.838500e+02 2.207665e+04
7.838000e+02 2.199835e+04
7.837500e+02 2.199835e+04
7.837000e+02 2.217560e+04
7.836500e+02 2.217560e+04
7.836000e+02 2.227425e+04
7.835500e+02 2.227425e+04
7.835000e+02 2.246365e+04
7.834500e+02 2.246365e+04
7.834000e+02 2.247325e+04
7.833500e+02 2.247325e+04
7.833000e+02 2.248225e+04
7.832500e+02 2.248225e+04
7.832000e+02 2.275170e+04
7.831500e+02 2.275170e+04
7.831000e+02 2.294825e+04
7.830500e+02 2.294825e+04
7.830000e+02 2.307625e+04
7.829500e+02 2.307625e+04
7.829000e+02 2.321600e+04
7.828500e+02 2.321600e+04
7.828000e+02 2.341550e+04
7.827500e+02 2.341550e+04
7.827000e+02 2.341730e+04
7.826500e+02 2.341730e+04
7.826000e+02 2.360325e+04
7.825500e+02 2.360325e+04
7.825000e+02 2.368290e+04
7.824500e+02 2.368290e+04
7.824000e+02 2.394970e+04
7.823500e+02 2.394970e+04
7.823000e+02 2.412300e+04
7.822500e+02 2.412300e+04
7.822000e+02 2.411445e+04
7.821500e+02 2.411445e+04
7.821000e+02 2.411720e+04
7.820500e+02 2.411720e+04
7.820000e+02 2.437720e+04
7.819500e+02 2.437720e+04
7.819000e+02 2.457025e+04
7.818500e+02 2.457025e+04
7.818000e+02 2.444150e+04
7.817500e+02 2.444150e+04
7.817000e+02 2.456225e+04
7.816500e+02 2.456225e+04
7.816000e+02 2.452875e+04
7.815500e+02 2.452875e+04
7.815000e+02 2.472405e+04
7.814500e+02 2.472405e+04
7.814000e+02 2.480595e+04
7.813500e+02 2.480595e+04
7.813000e+02 2.471630e+04
7.812500e+02 2.471630e+04
7.812000e+02 2.485400e+04
7.811500e+02 2.485400e+04
7.811000e+02 2.517390e+04
7.810500e+02 2.517390e+04
7.810000e+02 2.512890e+04
7.809500e+02 2.512890e+04
7.809000e+02 2.536130e+04
7.808500e+02 2.536130e+04
7.808000e+02 2.575980e+04
7.807500e+02 2.575980e+04
7.807000e+02 2.599870e+04
7.806500e+02 2.599870e+04
7.806000e+02 2.621220e+04
7.805500e+02 2.621220e+04
7.805000e+02 2.635235e+04
7.804500e+02 2.635235e+04
7.804000e+02 2.701855e+04
7.803500e+02 2.701855e+04
7.803000e+02 2.732830e+04
7.802500e+02 2.732830e+04
7.802000e+02 2.764680e+04
7.801500e+02 2.764680e+04
7.801000e+02 2.830555e+04
7.800500e+02 2.830555e+04
7.800000e+02 2.872155e+04
7.799500e+02 2.872155e+04
7.799000e+02 2.934250e+04
7.798500e+02 2.934250e+04
7.798000e+02 2.998560e+04
7.797500e+02 2.998560e+04
7.797000e+02 3.079205e+04
7.796500e+02 3.079205e+04
7.796000e+02 3.171370e+04
7.795500e+02 3.171370e+04
7.795000e+02 3.234175e+04
7.794500e+02 3.234175e+04
7.794000e+02 3.360045e+04
7.793500e+02 3.360045e+04
7.793000e+02 3.465640e+04
7.792500e+02 3.465640e+04
7.792000e+02 3.612545e+04
7.791500e+02 3.612545e+04
7.791000e+02 3.767100e+04
7.790500e+02 3.767100e+04
7.790000e+02 3.973105e+04
7.789500e+02 3.973105e+04
7.789000e+02 4.233930e+04
7.788500e+02 4.233930e+04
7.788000e+02 4.542930e+04
7.787500e+02 4.542930e+04
7.787000e+02 4.937155e+04
7.786500e+02 4.937155e+04
7.786000e+02 5.399650e+04
7.785500e+02 5.399650e+04
7.785000e+02 5.913450e+04
7.784500e+02 5.913450e+04
7.784000e+02 6.406450e+04
7.783500e+02 6.406450e+04
7.783000e+02 6.785150e+04
7.782500e+02 6.785150e+04
7.782000e+02 6.961550e+04
7.781500e+02 6.961550e+04
7.781000e+02 6.801450e+04
7.780500e+02 6.801450e+04
7.780000e+02 6.328400e+04
7.779500e+02 6.328400e+04
7.779000e+02 5.599450e+04
7.778500e+02 5.599450e+04
7.778000e+02 4.760420e+04
7.777500e+02 4.760420e+04
7.777000e+02 3.916875e+04
7.776500e+02 3.916875e+04
7.776000e+02 3.219910e+04
7.775500e+02 3.219910e+04
7.775000e+02 2.698540e+04
7.774500e+02 2.698540e+04
7.774000e+02 2.333750e+04
7.773500e+02 2.333750e+04
7.773000e+02 2.091065e+04
7.772500e+02 2.091065e+04
7.772000e+02 1.907860e+04
7.771500e+02 1.907860e+04
7.771000e+02 1.786230e+04
7.770500e+02 1.786230e+04
7.770000e+02 1.703165e+04
7.769500e+02 1.703165e+04
7.769000e+02 1.640630e+04
7.768500e+02 1.640630e+04
7.768000e+02 1.587570e+04
7.767500e+02 1.587570e+04
7.767000e+02 1.558565e+04
7.766500e+02 1.558565e+04
7.766000e+02 1.524905e+04
7.765500e+02 1.524905e+04
7.765000e+02 1.487530e+04
7.764500e+02 1.487530e+04
7.764000e+02 1.474210e+04
7.763500e+02 1.474210e+04
7.763000e+02 1.459585e+04
7.762500e+02 1.459585e+04
7.762000e+02 1.442120e+04
7.761500e+02 1.442120e+04
7.761000e+02 1.427800e+04
7.760500e+02 1.427800e+04
7.760000e+02 1.421905e+04
7.759500e+02 1.421905e+04
7.759000e+02 1.404445e+04
7.758500e+02 1.404445e+04
7.758000e+02 1.401795e+04
7.757500e+02 1.401795e+04
7.757000e+02 1.387690e+04
7.756500e+02 1.387690e+04
7.756000e+02 1.383390e+04
7.755500e+02 1.383390e+04
7.755000e+02 1.370040e+04
7.754500e+02 1.370040e+04
7.754000e+02 1.346990e+04
7.753500e+02 1.346990e+04
7.753000e+02 1.334365e+04
7.752500e+02 1.334365e+04
7.752000e+02 1.328825e+04
7.751500e+02 1.328825e+04
7.751000e+02 1.309200e+04
7.750500e+02 1.309200e+04
7.750000e+02 1.296990e+04
7.749500e+02 1.296990e+04
7.749000e+02 1.289305e+04
7.748500e+02 1.289305e+04
7.748000e+02 1.268075e+04
7.747500e+02 1.268075e+04
7.747000e+02 1.250975e+04
7.746500e+02 1.250975e+04
7.746000e+02 1.241505e+04
7.745500e+02 1.241505e+04
7.745000e+02 1.232380e+04
7.744500e+02 1.232380e+04
7.744000e+02 1.216540e+04
7.743500e+02 1.216540e+04
7.743000e+02 1.194750e+04
7.742500e+02 1.194750e+04
7.742000e+02 1.185245e+04
7.741500e+02 1.185245e+04
7.741000e+02 1.174810e+04
7.740500e+02 1.174810e+04
7.740000e+02 1.188065e+04
7.739500e+02 1.188065e+04
7.739000e+02 1.169825e+04
7.738500e+02 1.169825e+04
7.738000e+02 1.153970e+04
7.737500e+02 1.153970e+04
7.737000e+02 1.150020e+04
7.736500e+02 1.150020e+04
7.736000e+02 1.141175e+04
7.735500e+02 1.141175e+04
7.735000e+02 1.145225e+04
7.734500e+02 1.145225e+04
7.734000e+02 1.150005e+04
7.733500e+02 1.150005e+04
7.733000e+02 1.134970e+04
7.732500e+02 1.134970e+04
7.732000e+02 1.126505e+04
7.731500e+02 1.126505e+04
7.731000e+02 1.131300e+04
7.730500e+02 1.131300e+04
7.730000e+02 1.132840e+04
7.729500e+02 1.132840e+04
7.729000e+02 1.136730e+04
7.728500e+02 1.136730e+04
7.728000e+02 1.135850e+04
7.727500e+02 1.135850e+04
7.727000e+02 1.136900e+04
7.726500e+02 1.136900e+04
7.726000e+02 1.132025e+04
7.725500e+02 1.132025e+04
7.725000e+02 1.137400e+04
7.724500e+02 1.137400e+04
7.724000e+02 1.136400e+04
7.723500e+02 1.136400e+04
7.723000e+02 1.133655e+04
7.722500e+02 1.133655e+04
7.722000e+02 1.129935e+04
7.721500e+02 1.129935e+04
7.721000e+02 1.130470e+04
7.720500e+02 1.130470e+04
7.720000e+02 1.141650e+04
7.719500e+02 1.141650e+04
7.719000e+02 1.150835e+04
7.718500e+02 1.150835e+04
7.718000e+02 1.141920e+04
7.717500e+02 1.141920e+04
7.717000e+02 1.141525e+04
7.716500e+02 1.141525e+04
7.716000e+02 1.150070e+04
7.715500e+02 1.150070e+04
7.715000e+02 1.149140e+04
7.714500e+02 1.149140e+04
7.714000e+02 1.141755e+04
7.713500e+02 1.141755e+04
7.713000e+02 1.138805e+04
7.712500e+02 1.138805e+04
7.712000e+02 1.144175e+04
7.711500e+02 1.144175e+04
7.711000e+02 1.143145e+04
7.710500e+02 1.143145e+04
7.710000e+02 1.143365e+04
7.709500e+02 1.143365e+04
7.709000e+02 1.133330e+04
7.708500e+02 1.133330e+04
7.708000e+02 1.127950e+04
7.707500e+02 1.127950e+04
7.707000e+02 1.129100e+04
7.706500e+02 1.129100e+04
7.706000e+02 1.115445e+04
7.705500e+02 1.115445e+04
7.705000e+02 1.104730e+04
7.704500e+02 1.104730e+04
7.704000e+02 1.093010e+04
7.703500e+02 1.093010e+04
7.703000e+02 1.089650e+04
7.702500e+02 1.089650e+04
7.702000e+02 1.088675e+04
7.701500e+02 1.088675e+04
7.701000e+02 1.080455e+04
7.700500e+02 1.080455e+04
7.700000e+02 1.069325e+04
7.699500e+02 1.069325e+04
7.699000e+02 1.070265e+04
7.698500e+02 1.070265e+04
7.698000e+02 1.065605e+04
7.697500e+02 1.065605e+04
7.697000e+02 1.054770e+04
7.696500e+02 1.054770e+04
7.696000e+02 1.048000e+04
7.695500e+02 1.048000e+04
7.695000e+02 1.032565e+04
7.694500e+02 1.032565e+04
7.694000e+02 1.026575e+04
7.693500e+02 1.026575e+04
7.693000e+02 1.010600e+04
7.692500e+02 1.010600e+04
7.692000e+02 1.008950e+04
7.691500e+02 1.008950e+04
7.691000e+02 1.004865e+04
7.690500e+02 1.004865e+04
7.690000e+02 1.001080e+04
7.689500e+02 1.001080e+04
7.689000e+02 9.908150e+03
7.688500e+02 9.908150e+03
7.688000e+02 9.780450e+03
7.687500e+02 9.780450e+03
7.687000e+02 9.668750e+03
7.686500e+02 9.668750e+03
7.686000e+02 9.644550e+03
7.685500e+02 9.644550e+03
7.685000e+02 9.553700e+03
7.684500e+02 9.553700e+03
7.684000e+02 9.527450e+03
7.683500e+02 9.527450e+03
7.683000e+02 9.345150e+03
7.682500e+02 9.345150e+03
7.682000e+02 9.189950e+03
7.681500e+02 9.189950e+03
7.681000e+02 9.100450e+03
7.680500e+02 9.100450e+03
7.680000e+02 9.030100e+03
7.679500e+02 9.030100e+03
7.679000e+02 8.840950e+03
7.678500e+02 8.840950e+03
7.678000e+02 8.630850e+03
7.677500e+02 8.630850e+03
7.677000e+02 8.598800e+03
7.676500e+02 8.598800e+03
7.676000e+02 8.412250e+03
7.675500e+02 8.412250e+03
7.675000e+02 8.255600e+03
7.674500e+02 8.255600e+03
7.674000e+02 8.079500e+03
7.673500e+02 8.079500e+03
7.673000e+02 7.859900e+03
7.672500e+02 7.859900e+03
7.672000e+02 7.647950e+03
7.671500e+02 7.647950e+03
7.671000e+02 7.318900e+03
7.670500e+02 7.318900e+03
7.670000e+02 7.134850e+03
7.669500e+02 7.134850e+03
7.669000e+02 7.114900e+03
7.668500e+02 7.114900e+03
7.668000e+02 6.898450e+03
7.667500e+02 6.898450e+03
7.667000e+02 6.683100e+03
7.666500e+02 6.683100e+03
7.666000e+02 6.622550e+03
7.665500e+02 6.622550e+03
7.665000e+02 6.550650e+03
7.664500e+02 6.550650e+03
7.664000e+02 6.443150e+03
7.663500e+02 6.443150e+03
7.663000e+02 6.379350e+03
7.662500e+02 6.379350e+03
7.662000e+02 6.301150e+03
7.661500e+02 6.301150e+03
7.661000e+02 6.253850e+03
7.660500e+02 6.253850e+03
7.660000e+02 6.250200e+03
7.659500e+02 6.250200e+03
7.659000e+02 6.090300e+03
7.658500e+02 6.090300e+03
7.658000e+02 6.031000e+03
7.657500e+02 6.031000e+03
7.657000e+02 5.974000e+03
7.656500e+02 5.974000e+03
7.656000e+02 5.985750e+03
7.655500e+02 5.985750e+03
7.655000e+02 5.936800e+03
7.654500e+02 5.936800e+03
7.654000e+02 5.947400e+03
7.653500e+02 5.947400e+03
7.653000e+02 5.941300e+03
7.652500e+02 5.941300e+03
7.652000e+02 5.860550e+03
7.651500e+02 5.860550e+03
7.651000e+02 5.828500e+03
7.650500e+02 5.828500e+03
7.650000e+02 5.864350e+03
7.649500e+02 5.864350e+03
7.649000e+02 5.720850e+03
7.648500e+02 5.720850e+03
7.648000e+02 5.735450e+03
7.647500e+02 5.735450e+03
7.647000e+02 5.714850e+03
7.646500e+02 5.714850e+03
7.646000e+02 5.723550e+03
7.645500e+02 5.723550e+03
7.645000e+02 5.760100e+03
7.644500e+02 5.760100e+03
7.644000e+02 5.709000e+03
7.643500e+02 5.709000e+03
7.643000e+02 5.650650e+03
7.642500e+02 5.650650e+03
7.642000e+02 5.672450e+03
7.641500e+02 5.672450e+03
7.641000e+02 5.562650e+03
7.640500e+02 5.562650e+03
7.640000e+02 5.514650e+03
7.639500e+02 5.514650e+03
7.639000e+02 5.595050e+03
7.638500e+02 5.595050e+03
7.638000e+02 5.574950e+03
7.637500e+02 5.574950e+03
7.637000e+02 5.637800e+03
7.636500e+02 5.637800e+03
7.636000e+02 5.581200e+03
7.635500e+02 5.581200e+03
7.635000e+02 5.573400e+03
7.634500e+02 5.573400e+03
7.634000e+02 5.579100e+03
7.633500e+02 5.579100e+03
7.633000e+02 5.632700e+03
7.632500e+02 5.632700e+03
7.632000e+02 5.526650e+03
7.631500e+02 5.526650e+03
7.631000e+02 5.560350e+03
7.630500e+02 5.560350e+03
7.630000e+02 5.616000e+03
7.629500e+02 5.616000e+03
7.629000e+02 5.578100e+03
7.628500e+02 5.578100e+03
7.628000e+02 5.510600e+03
7.627500e+02 5.510600e+03
7.627000e+02 5.497850e+03
7.626500e+02 5.497850e+03
7.626000e+02 5.491600e+03
7.625500e+02 5.491600e+03
7.625000e+02 5.495150e+03
7.624500e+02 5.495150e+03
7.624000e+02 5.557700e+03
7.623500e+02 5.557700e+03
7.623000e+02 5.508800e+03
7.622500e+02 5.508800e+03
7.622000e+02 5.435500e+03
7.621500e+02 5.435500e+03
7.621000e+02 5.525700e+03
7.620500e+02 5.525700e+03
7.620000e+02 5.499000e+03
7.619500e+02 5.499000e+03
7.619000e+02 5.462400e+03
7.618500e+02 5.462400e+03
7.618000e+02 5.533250e+03
7.617500e+02 5.533250e+03
7.617000e+02 5.503350e+03
7.616500e+02 5.503350e+03
7.616000e+02 5.445600e+03
7.615500e+02 5.445600e+03
7.615000e+02 5.420300e+03
7.614500e+02 5.420300e+03
7.614000e+02 5.453450e+03
7.613500e+02 5.453450e+03
7.613000e+02 5.366600e+03
7.612500e+02 5.366600e+03
7.612000e+02 5.386900e+03
7.611500e+02 5.386900e+03
7.611000e+02 5.331650e+03
7.610500e+02 5.331650e+03
7.610000e+02 5.310400e+03
7.609500e+02 5.310400e+03
7.609000e+02 5.312700e+03
7.608500e+02 5.312700e+03
7.608000e+02 5.351100e+03
7.607500e+02 5.351100e+03
7.607000e+02 5.401750e+03
7.606500e+02 5.401750e+03
7.606000e+02 5.314700e+03
7.605500e+02 5.314700e+03
7.605000e+02 5.209750e+03
7.604500e+02 5.209750e+03
7.604000e+02 5.224900e+03
7.603500e+02 5.224900e+03
7.603000e+02 5.199200e+03
7.602500e+02 5.199200e+03
7.602000e+02 5.291950e+03
7.601500e+02 5.291950e+03
7.601000e+02 5.172200e+03
7.600500e+02 5.172200e+03
7.600000e+02 5.207750e+03
7.599500e+02 5.207750e+03
7.599000e+02 5.175700e+03
7.598500e+02 5.175700e+03
7.598000e+02 5.148300e+03
7.597500e+02 5.148300e+03
7.597000e+02 5.167050e+03
7.596500e+02 5.167050e+03
7.596000e+02 5.132000e+03
7.595500e+02 5.132000e+03
7.595000e+02 5.145800e+03
7.594500e+02 5.145800e+03
7.594000e+02 5.118650e+03
7.593500e+02 5.118650e+03
7.593000e+02 5.122350e+03
7.592500e+02 5.122350e+03
7.592000e+02 5.082850e+03
7.591500e+02 5.082850e+03
7.591000e+02 5.046300e+03
7.590500e+02 5.046300e+03
7.590000e+02 5.114350e+03
7.589500e+02 5.114350e+03
7.589000e+02 5.146400e+03
7.588500e+02 5.146400e+03
7.588000e+02 5.059100e+03
7.587500e+02 5.059100e+03
7.587000e+02 5.078350e+03
7.586500e+02 5.078350e+03
7.586000e+02 5.056350e+03
7.585500e+02 5.056350e+03
7.585000e+02 5.048050e+03
7.584500e+02 5.048050e+03
7.584000e+02 5.072850e+03
7.583500e+02 5.072850e+03
7.583000e+02 5.074600e+03
7.582500e+02 5.074600e+03
7.582000e+02 5.061400e+03
7.581500e+02 5.061400e+03
7.581000e+02 5.010000e+03
7.580500e+02 5.010000e+03
7.580000e+02 5.084900e+03
7.579500e+02 5.084900e+03
7.579000e+02 5.074000e+03
7.578500e+02 5.074000e+03
7.578000e+02 5.039200e+03
7.577500e+02 5.039200e+03
7.577000e+02 5.011300e+03
7.576500e+02 5.011300e+03
7.576000e+02 5.022700e+03
7.575500e+02 5.022700e+03
7.575000e+02 5.092050e+03
7.574500e+02 5.092050e+03
7.574000e+02 5.012200e+03
7.573500e+02 5.012200e+03
7.573000e+02 4.974700e+03
7.572500e+02 4.974700e+03
7.572000e+02 4.996940e+03
7.571500e+02 4.996940e+03
7.571000e+02 5.085800e+03
7.570500e+02 5.085800e+03
7.570000e+02 4.996705e+03
7.569500e+02 4.996705e+03
7.569000e+02 5.009150e+03
7.568500e+02 5.009150e+03
7.568000e+02 5.027800e+03
7.567500e+02 5.027800e+03
7.567000e+02 5.023250e+03
7.566500e+02 5.023250e+03
7.566000e+02 5.004650e+03
7.565500e+02 5.004650e+03
7.565000e+02 4.959560e+03
7.564500e+02 4.959560e+03
7.564000e+02 4.899325e+03
7.563500e+02 4.899325e+03
7.563000e+02 4.925640e+03
7.562500e+02 4.925640e+03
7.562000e+02 4.962055e+03
7.561500e+02 4.962055e+03
7.561000e+02 4.913285e+03
7.560500e+02 4.913285e+03
7.560000e+02 4.895125e+03
7.559500e+02 4.895125e+03
7.559000e+02 4.886395e+03
7.558500e+02 4.886395e+03
7.558000e+02 4.851640e+03
7.557500e+02 4.851640e+03
7.557000e+02 4.817520e+03
7.556500e+02 4.817520e+03
7.556000e+02 4.818455e+03
7.555500e+02 4.818455e+03
7.555000e+02 4.861840e+03
7.554500e+02 4.861840e+03
7.554000e+02 4.892020e+03
7.553500e+02 4.892020e+03
7.553000e+02 4.836240e+03
7.552500e+02 4.836240e+03
7.552000e+02 4.797775e+03
7.551500e+02 4.797775e+03
7.551000e+02 4.871350e+03
7.550500e+02 4.871350e+03
7.550000e+02 4.854860e+03
7.549500e+02 4.854860e+03
7.549000e+02 4.780130e+03
7.548500e+02 4.780130e+03
7.548000e+02 4.742945e+03
7.547500e+02 4.742945e+03
7.547000e+02 4.797095e+03
7.546500e+02 4.797095e+03
7.546000e+02 4.778405e+03
7.545500e+02 4.778405e+03
7.545000e+02 4.808475e+03
7.544500e+02 4.808475e+03
7.544000e+02 4.834720e+03
7.543500e+02 4.834720e+03
7.543000e+02 4.777745e+03
7.542500e+02 4.777745e+03
7.542000e+02 4.781920e+03
7.541500e+02 4.781920e+03
7.541000e+02 4.725410e+03
7.540500e+02 4.725410e+03
7.540000e+02 4.733965e+03
7.539500e+02 4.733965e+03
7.539000e+02 4.692135e+03
7.538500e+02 4.692135e+03
7.538000e+02 4.771135e+03
7.537500e+02 4.771135e+03
7.537000e+02 4.707230e+03
7.536500e+02 4.707230e+03
7.536000e+02 4.726985e+03
7.535500e+02 4.726985e+03
7.535000e+02 4.692415e+03
7.534500e+02 4.692415e+03
7.534000e+02 4.638270e+03
7.533500e+02 4.638270e+03
7.533000e+02 4.596425e+03
7.532500e+02 4.596425e+03
7.532000e+02 4.629360e+03
7.531500e+02 4.629360e+03
7.531000e+02 4.598785e+03
7.530500e+02 4.598785e+03
7.530000e+02 4.641490e+03
7.529500e+02 4.641490e+03
7.529000e+02 4.672760e+03
7.528500e+02 4.672760e+03
7.528000e+02 4.673185e+03
7.527500e+02 4.673185e+03
7.527000e+02 4.646200e+03
7.526500e+02 4.646200e+03
7.526000e+02 4.655245e+03
7.525500e+02 4.655245e+03
7.525000e+02 4.672550e+03
7.524500e+02 4.672550e+03
7.524000e+02 4.563365e+03
7.523500e+02 4.563365e+03
7.523000e+02 4.661180e+03
7.522500e+02 4.661180e+03
7.522000e+02 4.652160e+03
7.521500e+02 4.652160e+03
7.521000e+02 4.607170e+03
7.520500e+02 4.607170e+03
7.520000e+02 4.565070e+03
7.519500e+02 4.565070e+03
7.519000e+02 4.588185e+03
7.518500e+02 4.588185e+03
7.518000e+02 4.572485e+03
7.517500e+02 4.572485e+03
7.517000e+02 4.652045e+03
7.516500e+02 4.652045e+03
7.516000e+02 4.572250e+03
7.515500e+02 4.572250e+03
7.515000e+02 4.605605e+03
7.514500e+02 4.605605e+03
7.514000e+02 4.584220e+03
7.513500e+02 4.584220e+03
7.513000e+02 4.565170e+03
7.512500e+02 4.565170e+03
7.512000e+02 4.594850e+03
7.511500e+02 4.594850e+03
7.511000e+02 4.554680e+03
7.510500e+02 4.554680e+03
7.510000e+02 4.617825e+03
7.509500e+02 4.617825e+03
7.509000e+02 4.543810e+03
7.508500e+02 4.543810e+03
7.508000e+02 4.553320e+03
7.507500e+02 4.553320e+03
7.507000e+02 4.594900e+03
7.506500e+02 4.594900e+03
7.506000e+02 4.614545e+03
7.505500e+02 4.614545e+03
7.505000e+02 4.625070e+03
7.504500e+02 4.625070e+03
7.504000e+02 4.635055e+03
7.503500e+02 4.635055e+03
7.503000e+02 4.569875e+03
7.502500e+02 4.569875e+03
7.502000e+02 4.538925e+03
7.501500e+02 4.538925e+03
7.501000e+02 4.579765e+03
7.500500e+02 4.579765e+03
7.500000e+02 4.616705e+03
7.499500e+02 4.616705e+03
7.499000e+02 4.545295e+03
7.498500e+02 4.545295e+03
7.498000e+02 4.547920e+03
7.497500e+02 4.547920e+03
7.497000e+02 4.552200e+03
7.496500e+02 4.552200e+03
7.496000e+02 4.561070e+03
7.495500e+02 4.561070e+03
7.495000e+02 4.598200e+03
7.494500e+02 4.598200e+03
7.494000e+02 4.674275e+03
7.493500e+02 4.674275e+03
7.493000e+02 4.626970e+03
7.492500e+02 4.626970e+03
7.492000e+02 4.575290e+03
7.491500e+02 4.575290e+03
7.491000e+02 4.598095e+03
7.490500e+02 4.598095e+03
7.490000e+02 4.607540e+03
7.489500e+02 4.607540e+03
7.489000e+02 4.615090e+03
7.488500e+02 4.615090e+03
7.488000e+02 4.636210e+03
7.487500e+02 4.636210e+03
7.487000e+02 4.585280e+03
7.486500e+02 4.585280e+03
7.486000e+02 4.584060e+03
7.485500e+02 4.584060e+03
7.485000e+02 4.622175e+03
7.484500e+02 4.622175e+03
7.484000e+02 4.626305e+03
7.483500e+02 4.626305e+03
7.483000e+02 4.641000e+03
7.482500e+02 4.641000e+03
7.482000e+02 4.663645e+03
7.481500e+02 4.663645e+03
7.481000e+02 4.708170e+03
7.480500e+02 4.708170e+03
7.480000e+02 4.704850e+03
7.479500e+02 4.704850e+03
7.479000e+02 4.667610e+03
7.478500e+02 4.667610e+03
7.478000e+02 4.619330e+03
7.477500e+02 4.619330e+03
7.477000e+02 4.661325e+03
7.476500e+02 4.661325e+03
7.476000e+02 4.655360e+03
7.475500e+02 4.655360e+03
7.475000e+02 4.697770e+03
7.474500e+02 4.697770e+03
7.474000e+02 4.652615e+03
7.473500e+02 4.652615e+03
7.473000e+02 4.653495e+03
7.472500e+02 4.653495e+03
7.472000e+02 4.689800e+03
7.471500e+02 4.689800e+03
7.471000e+02 4.719115e+03
7.470500e+02 4.719115e+03
7.470000e+02 4.723085e+03
7.469500e+02 4.723085e+03
7.469000e+02 4.708200e+03
7.468500e+02 4.708200e+03
7.468000e+02 4.687990e+03
7.467500e+02 4.687990e+03
7.467000e+02 4.716415e+03
7.466500e+02 4.716415e+03
7.466000e+02 4.729895e+03
7.465500e+02 4.729895e+03
7.465000e+02 4.715810e+03
7.464500e+02 4.715810e+03
7.464000e+02 4.771020e+03
7.463500e+02 4.771020e+03
7.463000e+02 4.719315e+03
7.462500e+02 4.719315e+03
7.462000e+02 4.773910e+03
7.461500e+02 4.773910e+03
7.461000e+02 4.776465e+03
7.460500e+02 4.776465e+03
7.460000e+02 4.743495e+03
7.459500e+02 4.743495e+03
7.459000e+02 4.729665e+03
7.458500e+02 4.729665e+03
7.458000e+02 4.759170e+03
7.457500e+02 4.759170e+03
7.457000e+02 4.727720e+03
7.456500e+02 4.727720e+03
7.456000e+02 4.699590e+03
7.455500e+02 4.699590e+03
7.455000e+02 4.742825e+03
7.454500e+02 4.742825e+03
7.454000e+02 4.751955e+03
7.453500e+02 4.751955e+03
7.453000e+02 4.825030e+03
7.452500e+02 4.825030e+03
7.452000e+02 4.766925e+03
7.451500e+02 4.766925e+03
7.451000e+02 4.761540e+03
7.450500e+02 4.761540e+03
7.450000e+02 4.805240e+03
7.449500e+02 4.805240e+03
7.449000e+02 4.773795e+03
7.448500e+02 4.773795e+03
7.448000e+02 4.803135e+03
7.447500e+02 4.803135e+03
7.447000e+02 4.854430e+03
7.446500e+02 4.854430e+03
7.446000e+02 4.792675e+03
7.445500e+02 4.792675e+03
7.445000e+02 4.805800e+03
7.444500e+02 4.805800e+03
7.444000e+02 4.788855e+03
7.443500e+02 4.788855e+03
7.443000e+02 4.852010e+03
7.442500e+02 4.852010e+03
7.442000e+02 4.822090e+03
7.441500e+02 4.822090e+03
7.441000e+02 4.800690e+03
7.440500e+02 4.800690e+03
7.440000e+02 4.941075e+03
7.439500e+02 4.941075e+03
7.439000e+02 4.877845e+03
7.438500e+02 4.877845e+03
7.438000e+02 4.801345e+03
7.437500e+02 4.801345e+03
7.437000e+02 4.837710e+03
7.436500e+02 4.837710e+03
7.436000e+02 4.835790e+03
7.435500e+02 4.835790e+03
7.435000e+02 4.800110e+03
7.434500e+02 4.800110e+03
7.434000e+02 4.905675e+03
7.433500e+02 4.905675e+03
7.433000e+02 4.906135e+03
7.432500e+02 4.906135e+03
7.432000e+02 4.813440e+03
7.431500e+02 4.813440e+03
7.431000e+02 4.857760e+03
7.430500e+02 4.857760e+03
7.430000e+02 4.951345e+03
7.429500e+02 4.951345e+03
7.429000e+02 4.967510e+03
7.428500e+02 4.967510e+03
7.428000e+02 4.931230e+03
7.427500e+02 4.931230e+03
7.427000e+02 4.895420e+03
7.426500e+02 4.895420e+03
7.426000e+02 4.870590e+03
7.425500e+02 4.870590e+03
7.425000e+02 4.969665e+03
7.424500e+02 4.969665e+03
7.424000e+02 5.004000e+03
7.423500e+02 5.004000e+03
7.423000e+02 4.915060e+03
7.422500e+02 4.915060e+03
7.422000e+02 4.974860e+03
7.421500e+02 4.974860e+03
7.421000e+02 4.873285e+03
7.420500e+02 4.873285e+03
7.420000e+02 4.893865e+03
7.419500e+02 4.893865e+03
7.419000e+02 4.958815e+03
7.418500e+02 4.958815e+03
7.418000e+02 4.905165e+03
7.417500e+02 4.905165e+03
7.417000e+02 4.887255e+03
7.416500e+02 4.887255e+03
7.416000e+02 4.958760e+03
7.415500e+02 4.958760e+03
7.415000e+02 4.974365e+03
7.414500e+02 4.974365e+03
7.414000e+02 5.011650e+03
7.413500e+02 5.011650e+03
7.413000e+02 4.954615e+03
7.412500e+02 4.954615e+03
7.412000e+02 4.987025e+03
7.411500e+02 4.987025e+03
7.411000e+02 4.991600e+03
7.410500e+02 4.991600e+03
7.410000e+02 5.033850e+03
7.409500e+02 5.033850e+03
7.409000e+02 5.047600e+03
7.408500e+02 5.047600e+03
7.408000e+02 5.069000e+03
7.407500e+02 5.069000e+03
7.407000e+02 5.015150e+03
7.406500e+02 5.015150e+03
7.406000e+02 5.023600e+03
7.405500e+02 5.023600e+03
7.405000e+02 5.052000e+03
7.404500e+02 5.052000e+03
7.404000e+02 5.006850e+03
7.403500e+02 5.006850e+03
7.403000e+02 4.986985e+03
7.402500e+02 4.986985e+03
7.402000e+02 5.038100e+03
7.401500e+02 5.038100e+03
7.401000e+02 5.055600e+03
7.400500e+02 5.055600e+03
7.400000e+02 5.056350e+03
7.399500e+02 5.056350e+03
7.399000e+02 5.016600e+03
7.398500e+02 5.016600e+03
7.398000e+02 5.044850e+03
7.397500e+02 5.044850e+03
7.397000e+02 5.079700e+03
7.396500e+02 5.079700e+03
7.396000e+02 5.065350e+03
7.395500e+02 5.065350e+03
7.395000e+02 5.119700e+03
7.394500e+02 5.119700e+03
7.394000e+02 5.061150e+03
7.393500e+02 5.061150e+03
7.393000e+02 5.052550e+03
7.392500e+02 5.052550e+03
7.392000e+02 5.083750e+03
7.391500e+02 5.083750e+03
7.391000e+02 5.119000e+03
7.390500e+02 5.119000e+03
7.390000e+02 5.117450e+03
7.389500e+02 5.117450e+03
7.389000e+02 5.095800e+03
7.388500e+02 5.095800e+03
7.388000e+02 5.137900e+03
7.387500e+02 5.137900e+03
7.387000e+02 5.087600e+03
7.386500e+02 5.087600e+03
7.386000e+02 5.073600e+03
7.385500e+02 5.073600e+03
7.385000e+02 5.084700e+03
7.384500e+02 5.084700e+03
7.384000e+02 5.043200e+03
7.383500e+02 5.043200e+03
7.383000e+02 5.128300e+03
7.382500e+02 5.128300e+03
7.382000e+02 5.133800e+03
7.381500e+02 5.133800e+03
7.381000e+02 5.135600e+03
7.380500e+02 5.135600e+03
7.380000e+02 5.079950e+03
7.379500e+02 5.079950e+03
7.379000e+02 5.040300e+03
7.378500e+02 5.040300e+03
7.378000e+02 5.095400e+03
7.377500e+02 5.095400e+03
7.377000e+02 5.076950e+03
7.376500e+02 5.076950e+03
7.376000e+02 5.094950e+03
7.375500e+02 5.094950e+03
7.375000e+02 5.179050e+03
7.374500e+02 5.179050e+03
7.374000e+02 5.194300e+03
7.373500e+02 5.194300e+03
7.373000e+02 5.203900e+03
7.372500e+02 5.203900e+03
7.372000e+02 5.117250e+03
7.371500e+02 5.117250e+03
7.371000e+02 5.118150e+03
7.370500e+02 5.118150e+03
7.370000e+02 5.144050e+03
7.369500e+02 5.144050e+03
7.369000e+02 5.087850e+03
7.368500e+02 5.087850e+03
7.368000e+02 5.190600e+03
7.367500e+02 5.190600e+03
7.367000e+02 5.184150e+03
7.366500e+02 5.184150e+03
7.366000e+02 5.206550e+03
7.365500e+02 5.206550e+03
7.365000e+02 5.211050e+03
7.364500e+02 5.211050e+03
7.364000e+02 5.132950e+03
7.363500e+02 5.132950e+03
7.363000e+02 5.113500e+03
7.362500e+02 5.113500e+03
7.362000e+02 5.207900e+03
7.361500e+02 5.207900e+03
7.361000e+02 5.154900e+03
7.360500e+02 5.154900e+03
7.360000e+02 5.104400e+03
7.359500e+02 5.104400e+03
7.359000e+02 5.200700e+03
7.358500e+02 5.200700e+03
7.358000e+02 5.241400e+03
7.357500e+02 5.241400e+03
7.357000e+02 5.154950e+03
7.356500e+02 5.154950e+03
7.356000e+02 5.166950e+03
7.355500e+02 5.166950e+03
7.355000e+02 5.201650e+03
7.354500e+02 5.201650e+03
7.354000e+02 5.214900e+03
7.353500e+02 5.214900e+03
7.353000e+02 5.270250e+03
7.352500e+02 5.270250e+03
7.352000e+02 5.203800e+03
7.351500e+02 5.203800e+03
7.351000e+02 5.242450e+03
7.350500e+02 5.242450e+03
7.350000e+02 5.113700e+03
7.349500e+02 5.113700e+03
7.349000e+02 5.129200e+03
7.348500e+02 5.129200e+03
7.348000e+02 5.196150e+03
7.347500e+02 5.196150e+03
7.347000e+02 5.178200e+03
7.346500e+02 5.178200e+03
7.346000e+02 5.204050e+03
7.345500e+02 5.204050e+03
7.345000e+02 5.184750e+03
7.344500e+02 5.184750e+03
7.344000e+02 5.176200e+03
7.343500e+02 5.176200e+03
7.343000e+02 5.172150e+03
7.342500e+02 5.172150e+03
7.342000e+02 5.196350e+03
7.341500e+02 5.196350e+03
7.341000e+02 5.151350e+03
7.340500e+02 5.151350e+03
7.340000e+02 5.155200e+03
7.339500e+02 5.155200e+03
7.339000e+02 5.168300e+03
7.338500e+02 5.168300e+03
7.338000e+02 5.162400e+03
7.337500e+02 5.162400e+03
7.337000e+02 5.208100e+03
7.336500e+02 5.208100e+03
7.336000e+02 5.185250e+03
7.335500e+02 5.185250e+03
7.335000e+02 5.259050e+03
7.334500e+02 5.259050e+03
7.334000e+02 5.245150e+03
7.333500e+02 5.245150e+03
7.333000e+02 5.226700e+03
7.332500e+02 5.226700e+03
7.332000e+02 5.254650e+03
7.331500e+02 5.254650e+03
7.331000e+02 5.263150e+03
7.330500e+02 5.263150e+03
7.330000e+02 5.129150e+03
7.329500e+02 5.129150e+03
7.329000e+02 5.223950e+03
7.328500e+02 5.223950e+03
7.328000e+02 5.206050e+03
7.327500e+02 5.206050e+03
7.327000e+02 5.212200e+03
7.326500e+02 5.212200e+03
7.326000e+02 5.194150e+03
7.325500e+02 5.194150e+03
7.325000e+02 5.225150e+03
7.324500e+02 5.225150e+03
7.324000e+02 5.207550e+03
7.323500e+02 5.207550e+03
7.323000e+02 5.256900e+03
7.322500e+02 5.256900e+03
7.322000e+02 5.244600e+03
7.321500e+02 5.244600e+03
7.321000e+02 5.264800e+03
7.320500e+02 5.264800e+03
7.320000e+02 5.256000e+03
7.319500e+02 5.256000e+03
7.319000e+02 5.192650e+03
7.318500e+02 5.192650e+03
7.318000e+02 5.204000e+03
7.317500e+02 5.204000e+03
7.317000e+02 5.270900e+03
7.316500e+02 5.270900e+03
7.316000e+02 5.199600e+03
7.315500e+02 5.199600e+03
7.315000e+02 5.226600e+03
7.314500e+02 5.226600e+03
7.314000e+02 5.276250e+03
7.313500e+02 5.276250e+03
7.313000e+02 5.204500e+03
7.312500e+02 5.204500e+03
7.312000e+02 5.224900e+03
7.311500e+02 5.224900e+03
7.311000e+02 5.211600e+03
7.310500e+02 5.211600e+03
7.310000e+02 5.229800e+03
7.309500e+02 5.229800e+03
7.309000e+02 5.168500e+03
7.308500e+02 5.168500e+03
7.308000e+02 5.254200e+03
7.307500e+02 5.254200e+03
7.307000e+02 5.240200e+03
7.306500e+02 5.240200e+03
7.306000e+02 5.226650e+03
7.305500e+02 5.226650e+03
7.305000e+02 5.175100e+03
7.304500e+02 5.175100e+03
7.304000e+02 5.290050e+03
7.303500e+02 5.290050e+03
7.303000e+02 5.303550e+03
7.302500e+02 5.303550e+03
7.302000e+02 5.283350e+03
7.301500e+02 5.283350e+03
7.301000e+02 5.237650e+03
7.300500e+02 5.237650e+03
7.300000e+02 5.260250e+03
7.299500e+02 5.260250e+03
7.299000e+02 5.261000e+03
7.298500e+02 5.261000e+03
7.298000e+02 5.288400e+03
7.297500e+02 5.288400e+03
7.297000e+02 5.248550e+03
7.296500e+02 5.248550e+03
7.296000e+02 5.244600e+03
7.295500e+02 5.244600e+03
7.295000e+02 5.280250e+03
7.294500e+02 5.280250e+03
7.294000e+02 5.196450e+03
7.293500e+02 5.196450e+03
7.293000e+02 5.316400e+03
7.292500e+02 5.316400e+03
7.292000e+02 5.314650e+03
7.291500e+02 5.314650e+03
7.291000e+02 5.274200e+03
7.290500e+02 5.274200e+03
7.290000e+02 5.300250e+03
7.289500e+02 5.300250e+03
7.289000e+02 5.225900e+03
7.288500e+02 5.225900e+03
7.288000e+02 5.281000e+03
7.287500e+02 5.281000e+03
7.287000e+02 5.403300e+03
7.286500e+02 5.403300e+03
7.286000e+02 5.305950e+03
7.285500e+02 5.305950e+03
7.285000e+02 5.303250e+03
7.284500e+02 5.303250e+03
7.284000e+02 5.334300e+03
7.283500e+02 5.334300e+03
7.283000e+02 5.256900e+03
7.282500e+02 5.256900e+03
7.282000e+02 5.321950e+03
7.281500e+02 5.321950e+03
7.281000e+02 5.346600e+03
7.280500e+02 5.346600e+03
7.280000e+02 5.360700e+03
7.279500e+02 5.360700e+03
7.279000e+02 5.377450e+03
7.278500e+02 5.377450e+03
7.278000e+02 5.350350e+03
7.277500e+02 5.350350e+03
7.277000e+02 5.400000e+03
7.276500e+02 5.400000e+03
7.276000e+02 5.382550e+03
7.275500e+02 5.382550e+03
7.275000e+02 5.430650e+03
7.274500e+02 5.430650e+03
7.274000e+02 5.389400e+03
7.273500e+02 5.389400e+03
7.273000e+02 5.423050e+03
7.272500e+02 5.423050e+03
7.272000e+02 5.354600e+03
7.271500e+02 5.354600e+03
7.271000e+02 5.371600e+03
7.270500e+02 5.371600e+03
7.270000e+02 5.403350e+03
7.269500e+02 5.403350e+03
7.269000e+02 5.385400e+03
7.268500e+02 5.385400e+03
7.268000e+02 5.407850e+03
7.267500e+02 5.407850e+03
7.267000e+02 5.441350e+03
7.266500e+02 5.441350e+03
7.266000e+02 5.454300e+03
7.265500e+02 5.454300e+03
7.265000e+02 5.479300e+03
7.264500e+02 5.479300e+03
7.264000e+02 5.432150e+03
7.263500e+02 5.432150e+03
7.263000e+02 5.455450e+03
7.262500e+02 5.455450e+03
7.262000e+02 5.396600e+03
7.261500e+02 5.396600e+03
7.261000e+02 5.410550e+03
7.260500e+02 5.410550e+03
7.260000e+02 5.468650e+03
7.259500e+02 5.468650e+03
7.259000e+02 5.517650e+03
7.258500e+02 5.517650e+03
7.258000e+02 5.491150e+03
7.257500e+02 5.491150e+03
7.257000e+02 5.545550e+03
7.256500e+02 5.545550e+03
7.256000e+02 5.518550e+03
7.255500e+02 5.518550e+03
7.255000e+02 5.511100e+03
7.254500e+02 5.511100e+03
7.254000e+02 5.525800e+03
7.253500e+02 5.525800e+03
7.253000e+02 5.545950e+03
7.252500e+02 5.545950e+03
7.252000e+02 5.521050e+03
7.251500e+02 5.521050e+03
7.251000e+02 5.531700e+03
7.250500e+02 5.531700e+03
7.250000e+02 5.529000e+03
7.249500e+02 5.529000e+03
7.249000e+02 5.473350e+03
7.248500e+02 5.473350e+03
7.248000e+02 5.548650e+03
7.247500e+02 5.548650e+03
7.247000e+02 5.618050e+03
7.246500e+02 5.618050e+03
7.246000e+02 5.574400e+03
7.245500e+02 5.574400e+03
7.245000e+02 5.525350e+03
7.244500e+02 5.525350e+03
7.244000e+02 5.535150e+03
7.243500e+02 5.535150e+03
7.243000e+02 5.645900e+03
7.242500e+02 5.645900e+03
7.242000e+02 5.686700e+03
7.241500e+02 5.686700e+03
7.241000e+02 5.658800e+03
7.240500e+02 5.658800e+03
7.240000e+02 5.661700e+03
7.239500e+02 5.661700e+03
7.239000e+02 5.695200e+03
7.238500e+02 5.695200e+03
7.238000e+02 5.692150e+03
7.237500e+02 5.692150e+03
7.237000e+02 5.658650e+03
7.236500e+02 5.658650e+03
7.236000e+02 5.665700e+03
7.235500e+02 5.665700e+03
7.235000e+02 5.761850e+03
7.234500e+02 5.761850e+03
7.234000e+02 5.707900e+03
7.233500e+02 5.707900e+03
7.233000e+02 5.786300e+03
7.232500e+02 5.786300e+03
7.232000e+02 5.743000e+03
7.231500e+02 5.743000e+03
7.231000e+02 5.797300e+03
7.230500e+02 5.797300e+03
7.230000e+02 5.901650e+03
7.229500e+02 5.901650e+03
7.229000e+02 5.900250e+03
7.228500e+02 5.900250e+03
7.228000e+02 5.894300e+03
7.227500e+02 5.894300e+03
7.227000e+02 5.907650e+03
7.226500e+02 5.907650e+03
7.226000e+02 5.953850e+03
7.225500e+02 5.953850e+03
7.225000e+02 5.935800e+03
7.224500e+02 5.935800e+03
7.224000e+02 5.984550e+03
7.223500e+02 5.984550e+03
7.223000e+02 6.007100e+03
7.222500e+02 6.007100e+03
7.222000e+02 6.030550e+03
7.221500e+02 6.030550e+03
7.221000e+02 6.078150e+03
7.220500e+02 6.078150e+03
7.220000e+02 6.049850e+03
7.219500e+02 6.049850e+03
7.219000e+02 6.085200e+03
7.218500e+02 6.085200e+03
7.218000e+02 6.145300e+03
7.217500e+02 6.145300e+03
7.217000e+02 6.153550e+03
7.216500e+02 6.153550e+03
7.216000e+02 6.223200e+03
7.215500e+02 6.223200e+03
7.215000e+02 6.260950e+03
7.214500e+02 6.260950e+03
7.214000e+02 6.334700e+03
7.213500e+02 6.334700e+03
7.213000e+02 6.360600e+03
7.212500e+02 6.360600e+03
7.212000e+02 6.300450e+03
7.211500e+02 6.300450e+03
7.211000e+02 6.297300e+03
7.210500e+02 6.297300e+03
7.210000e+02 6.408150e+03
7.209500e+02 6.408150e+03
7.209000e+02 6.457000e+03
7.208500e+02 6.457000e+03
7.208000e+02 6.466850e+03
7.207500e+02 6.466850e+03
7.207000e+02 6.516500e+03
7.206500e+02 6.516500e+03
7.206000e+02 6.478550e+03
7.205500e+02 6.478550e+03
7.205000e+02 6.604500e+03
7.204500e+02 6.604500e+03
7.204000e+02 6.549500e+03
7.203500e+02 6.549500e+03
7.203000e+02 6.583900e+03
7.202500e+02 6.583900e+03
7.202000e+02 6.619550e+03
7.201500e+02 6.619550e+03
7.201000e+02 6.743300e+03
7.200500e+02 6.743300e+03
7.200000e+02 6.768050e+03
7.199500e+02 6.768050e+03
7.199000e+02 6.796850e+03
7.198500e+02 6.796850e+03
7.198000e+02 6.847900e+03
7.197500e+02 6.847900e+03
7.197000e+02 6.893050e+03
7.196500e+02 6.893050e+03
7.196000e+02 6.856950e+03
7.195500e+02 6.856950e+03
7.195000e+02 6.906600e+03
7.194500e+02 6.906600e+03
7.194000e+02 6.945250e+03
7.193500e+02 6.945250e+03
7.193000e+02 6.998100e+03
7.192500e+02 6.998100e+03
7.192000e+02 7.031350e+03
7.191500e+02 7.031350e+03
7.191000e+02 7.033600e+03
7.190500e+02 7.033600e+03
7.190000e+02 6.995850e+03
7.189500e+02 6.995850e+03
7.189000e+02 7.133650e+03
7.188500e+02 7.133650e+03
7.188000e+02 7.124000e+03
7.187500e+02 7.124000e+03
7.187000e+02 7.240850e+03
7.186500e+02 7.240850e+03
7.186000e+02 7.280000e+03
7.185500e+02 7.280000e+03
7.185000e+02 7.326100e+03
7.184500e+02 7.326100e+03
7.184000e+02 7.288850e+03
7.183500e+02 7.288850e+03
7.183000e+02 7.311700e+03
7.182500e+02 7.311700e+03
7.182000e+02 7.438800e+03
7.181500e+02 7.438800e+03
7.181000e+02 7.500650e+03
7.180500e+02 7.500650e+03
7.180000e+02 7.551600e+03
7.179500e+02 7.551600e+03
7.179000e+02 7.549400e+03
7.178500e+02 7.549400e+03
7.178000e+02 7.643250e+03
7.177500e+02 7.643250e+03
7.177000e+02 7.768500e+03
7.176500e+02 7.768500e+03
7.176000e+02 7.753550e+03
7.175500e+02 7.753550e+03
7.175000e+02 7.752800e+03
7.174500e+02 7.752800e+03
7.174000e+02 7.863550e+03
7.173500e+02 7.863550e+03
7.173000e+02 7.939300e+03
7.172500e+02 7.939300e+03
7.172000e+02 7.987600e+03
7.171500e+02 7.987600e+03
7.171000e+02 8.124500e+03
7.170500e+02 8.124500e+03
7.170000e+02 8.044300e+03
7.169500e+02 8.044300e+03
7.169000e+02 8.113200e+03
7.168500e+02 8.113200e+03
7.168000e+02 8.301800e+03
7.167500e+02 8.301800e+03
7.167000e+02 8.357100e+03
7.166500e+02 8.357100e+03
7.166000e+02 8.473650e+03
7.165500e+02 8.473650e+03
7.165000e+02 8.691100e+03
7.164500e+02 8.691100e+03
7.164000e+02 8.641950e+03
7.163500e+02 8.641950e+03
7.163000e+02 8.708900e+03
7.162500e+02 8.708900e+03
7.162000e+02 8.805950e+03
7.161500e+02 8.805950e+03
7.161000e+02 8.911250e+03
7.160500e+02 8.911250e+03
7.160000e+02 8.987950e+03
7.159500e+02 8.987950e+03
7.159000e+02 9.132400e+03
7.158500e+02 9.132400e+03
7.158000e+02 9.326100e+03
7.157500e+02 9.326100e+03
7.157000e+02 9.410800e+03
7.156500e+02 9.410800e+03
7.156000e+02 9.490900e+03
7.155500e+02 9.490900e+03
7.155000e+02 9.593300e+03
7.154500e+02 9.593300e+03
7.154000e+02 9.707450e+03
7.153500e+02 9.707450e+03
7.153000e+02 9.876950e+03
7.152500e+02 9.876950e+03
7.152000e+02 1.003725e+04
7.151500e+02 1.003725e+04
7.151000e+02 1.014250e+04
7.150500e+02 1.014250e+04
7.150000e+02 1.024935e+04
7.149500e+02 1.024935e+04
7.149000e+02 1.033430e+04
7.148500e+02 1.033430e+04
7.148000e+02 1.054280e+04
7.147500e+02 1.054280e+04
7.147000e+02 1.079665e+04
7.146500e+02 1.079665e+04
7.146000e+02 1.074895e+04
7.145500e+02 1.074895e+04
7.145000e+02 1.103200e+04
7.144500e+02 1.103200e+04
7.144000e+02 1.117220e+04
7.143500e+02 1.117220e+04
7.143000e+02 1.126775e+04
7.142500e+02 1.126775e+04
7.142000e+02 1.149210e+04
7.141500e+02 1.149210e+04
7.141000e+02 1.170765e+04
7.140500e+02 1.170765e+04
7.140000e+02 1.184170e+04
7.139500e+02 1.184170e+04
7.139000e+02 1.193575e+04
7.138500e+02 1.193575e+04
7.138000e+02 1.218305e+04
7.137500e+02 1.218305e+04
7.137000e+02 1.231240e+04
7.136500e+02 1.231240e+04
7.136000e+02 1.235745e+04
7.135500e+02 1.235745e+04
7.135000e+02 1.250260e+04
7.134500e+02 1.250260e+04
7.134000e+02 1.261920e+04
7.133500e+02 1.261920e+04
7.133000e+02 1.278660e+04
7.132500e+02 1.278660e+04
7.132000e+02 1.292710e+04
7.131500e+02 1.292710e+04
7.131000e+02 1.279545e+04
7.130500e+02 1.279545e+04
7.130000e+02 1.288895e+04
7.129500e+02 1.288895e+04
7.129000e+02 1.302520e+04
7.128500e+02 1.302520e+04
7.128000e+02 1.301955e+04
7.127500e+02 1.301955e+04
7.127000e+02 1.300000e+04
7.126500e+02 1.300000e+04
7.126000e+02 1.309005e+04
7.125500e+02 1.309005e+04
7.125000e+02 1.299945e+04
7.124500e+02 1.299945e+04
7.124000e+02 1.280985e+04
7.123500e+02 1.280985e+04
7.123000e+02 1.274855e+04
7.122500e+02 1.274855e+04
7.122000e+02 1.271050e+04
7.121500e+02 1.271050e+04
7.121000e+02 1.254170e+04
7.120500e+02 1.254170e+04
7.120000e+02 1.253375e+04
7.119500e+02 1.253375e+04
7.119000e+02 1.240460e+04
7.118500e+02 1.240460e+04
7.118000e+02 1.223795e+04
7.117500e+02 1.223795e+04
7.117000e+02 1.198890e+04
7.116500e+02 1.198890e+04
7.116000e+02 1.189150e+04
7.115500e+02 1.189150e+04
7.115000e+02 1.174485e+04
7.114500e+02 1.174485e+04
7.114000e+02 1.153345e+04
7.113500e+02 1.153345e+04
7.113000e+02 1.126485e+04
7.112500e+02 1.126485e+04
7.112000e+02 1.111655e+04
7.111500e+02 1.111655e+04
7.111000e+02 1.090980e+04
7.110500e+02 1.090980e+04
7.110000e+02 1.069785e+04
7.109500e+02 1.069785e+04
7.109000e+02 1.051175e+04
7.108500e+02 1.051175e+04
7.108000e+02 1.034700e+04
7.107500e+02 1.034700e+04
7.107000e+02 1.018490e+04
7.106500e+02 1.018490e+04
7.106000e+02 9.912750e+03
7.105500e+02 9.912750e+03
7.105000e+02 9.752800e+03
7.104500e+02 9.752800e+03
7.104000e+02 9.502600e+03
7.103500e+02 9.502600e+03
7.103000e+02 9.271550e+03
7.102500e+02 9.271550e+03
7.102000e+02 9.071550e+03
7.101500e+02 9.071550e+03
7.101000e+02 8.905850e+03
7.100500e+02 8.905850e+03
7.100000e+02 8.793850e+03
7.099500e+02 8.793850e+03
7.099000e+02 8.611050e+03
7.098500e+02 8.611050e+03
7.098000e+02 8.281300e+03
7.097500e+02 8.281300e+03
7.097000e+02 8.020050e+03
7.096500e+02 8.020050e+03
7.096000e+02 7.767800e+03
7.095500e+02 7.767800e+03
7.095000e+02 7.576000e+03
7.094500e+02 7.576000e+03
7.094000e+02 7.318950e+03
7.093500e+02 7.318950e+03
7.093000e+02 6.983500e+03
7.092500e+02 6.983500e+03
7.092000e+02 6.738900e+03
7.091500e+02 6.738900e+03
7.091000e+02 6.420300e+03
7.090500e+02 6.420300e+03
7.090000e+02 6.143800e+03
7.089500e+02 6.143800e+03
7.089000e+02 5.891250e+03
7.088500e+02 5.891250e+03
7.088000e+02 5.562850e+03
7.087500e+02 5.562850e+03
7.087000e+02 5.279700e+03
7.086500e+02 5.279700e+03
7.086000e+02 4.996640e+03
7.085500e+02 4.996640e+03
7.085000e+02 4.733505e+03
7.084500e+02 4.733505e+03
7.084000e+02 4.490505e+03
7.083500e+02 4.490505e+03
7.083000e+02 4.261760e+03
7.082500e+02 4.261760e+03
7.082000e+02 4.086430e+03
7.081500e+02 4.086430e+03
7.081000e+02 3.952230e+03
7.080500e+02 3.952230e+03
7.080000e+02 3.810140e+03
7.079500e+02 3.810140e+03
7.079000e+02 3.647335e+03
7.078500e+02 3.647335e+03
7.078000e+02 3.553545e+03
7.077500e+02 3.553545e+03
7.077000e+02 3.456110e+03
7.076500e+02 3.456110e+03
7.076000e+02 3.314635e+03
7.075500e+02 3.314635e+03
7.075000e+02 3.285815e+03
7.074500e+02 3.285815e+03
7.074000e+02 3.297600e+03
7.073500e+02 3.297600e+03
7.073000e+02 3.167790e+03
7.072500e+02 3.167790e+03
7.072000e+02 3.103285e+03
7.071500e+02 3.103285e+03
7.071000e+02 3.040755e+03
7.070500e+02 3.040755e+03
7.070000e+02 3.077875e+03
7.069500e+02 3.077875e+03
7.069000e+02 3.000965e+03
7.068500e+02 3.000965e+03
7.068000e+02 2.917900e+03
7.067500e+02 2.917900e+03
7.067000e+02 2.894240e+03
7.066500e+02 2.894240e+03
7.066000e+02 2.865360e+03
7.065500e+02 2.865360e+03
7.065000e+02 2.844655e+03
7.064500e+02 2.844655e+03
7.064000e+02 2.738710e+03
7.063500e+02 2.738710e+03
7.063000e+02 2.727785e+03
7.062500e+02 2.727785e+03
7.062000e+02 2.757575e+03
7.061500e+02 2.757575e+03
7.061000e+02 2.708645e+03
7.060500e+02 2.708645e+03
7.060000e+02 2.649835e+03
7.059500e+02 2.649835e+03
7.059000e+02 2.634215e+03
7.058500e+02 2.634215e+03
7.058000e+02 2.598555e+03
7.057500e+02 2.598555e+03
7.057000e+02 2.577905e+03
7.056500e+02 2.577905e+03
7.056000e+02 2.577030e+03
7.055500e+02 2.577030e+03
7.055000e+02 2.535180e+03
7.054500e+02 2.535180e+03
7.054000e+02 2.533035e+03
7.053500e+02 2.533035e+03
7.053000e+02 2.506390e+03
7.052500e+02 2.506390e+03
7.052000e+02 2.505260e+03
7.051500e+02 2.505260e+03
7.051000e+02 2.504790e+03
7.050500e+02 2.504790e+03
7.050000e+02 2.436250e+03
7.049500e+02 2.436250e+03
7.049000e+02 2.470980e+03
7.048500e+02 2.470980e+03
7.048000e+02 2.473640e+03
7.047500e+02 2.473640e+03
7.047000e+02 2.450400e+03
7.046500e+02 2.450400e+03
7.046000e+02 2.460335e+03
7.045500e+02 2.460335e+03
7.045000e+02 2.488540e+03
7.044500e+02 2.488540e+03
7.044000e+02 2.433320e+03
7.043500e+02 2.433320e+03
7.043000e+02 2.383320e+03
7.042500e+02 2.383320e+03
7.042000e+02 2.461170e+03
7.041500e+02 2.461170e+03
7.041000e+02 2.391525e+03
7.040500e+02 2.391525e+03
7.040000e+02 2.406895e+03
7.039500e+02 2.406895e+03
7.039000e+02 2.408965e+03
7.038500e+02 2.408965e+03
7.038000e+02 2.389060e+03
7.037500e+02 2.389060e+03
7.037000e+02 2.411320e+03
7.036500e+02 2.411320e+03
7.036000e+02 2.409830e+03
7.035500e+02 2.409830e+03
7.035000e+02 2.360920e+03
7.034500e+02 2.360920e+03
7.034000e+02 2.371230e+03
7.033500e+02 2.371230e+03
7.033000e+02 2.357020e+03
7.032500e+02 2.357020e+03
7.032000e+02 2.391880e+03
7.031500e+02 2.391880e+03
7.031000e+02 2.387020e+03
7.030500e+02 2.387020e+03
7.030000e+02 2.415770e+03
7.029500e+02 2.415770e+03
7.029000e+02 2.462565e+03
7.028500e+02 2.462565e+03
7.028000e+02 2.398845e+03
7.027500e+02 2.398845e+03
7.027000e+02 2.434875e+03
7.026500e+02 2.434875e+03
7.026000e+02 2.391670e+03
7.025500e+02 2.391670e+03
7.025000e+02 2.404700e+03
7.024500e+02 2.404700e+03
7.024000e+02 2.348350e+03
7.023500e+02 2.348350e+03
7.023000e+02 2.368225e+03
7.022500e+02 2.368225e+03
7.022000e+02 2.402510e+03
7.021500e+02 2.402510e+03
7.021000e+02 2.401835e+03
7.020500e+02 2.401835e+03
7.020000e+02 2.336160e+03
7.019500e+02 2.336160e+03
7.019000e+02 2.392560e+03
7.018500e+02 2.392560e+03
7.018000e+02 2.428690e+03
7.017500e+02 2.428690e+03
7.017000e+02 2.444735e+03
7.016500e+02 2.444735e+03
7.016000e+02 2.434690e+03
7.015500e+02 2.434690e+03
7.015000e+02 2.397295e+03
7.014500e+02 2.397295e+03
7.014000e+02 2.435440e+03
7.013500e+02 2.435440e+03
7.013000e+02 2.386560e+03
7.012500e+02 2.386560e+03
7.012000e+02 2.368740e+03
7.011500e+02 2.368740e+03
7.011000e+02 2.368795e+03
7.010500e+02 2.368795e+03
7.010000e+02 2.422325e+03
7.009500e+02 2.422325e+03
7.009000e+02 2.465295e+03
7.008500e+02 2.465295e+03
7.008000e+02 2.481875e+03
7.007500e+02 2.481875e+03
7.007000e+02 2.458905e+03
7.006500e+02 2.458905e+03
7.006000e+02 2.490950e+03
7.005500e+02 2.490950e+03
7.005000e+02 2.522195e+03
7.004500e+02 2.522195e+03
7.004000e+02 2.474435e+03
7.003500e+02 2.474435e+03
7.003000e+02 2.521300e+03
7.002500e+02 2.521300e+03
7.002000e+02 2.469935e+03
7.001500e+02 2.469935e+03
7.001000e+02 2.523305e+03
7.000500e+02 2.523305e+03
7.000000e+02 2.498685e+03
6.999500e+02 2.498685e+03
6.999000e+02 2.589485e+03
6.998500e+02 2.589485e+03
6.998000e+02 2.589485e+03
6.997500e+02 2.589485e+03
6.997000e+02 2.589485e+03
6.996500e+02 2.589485e+03
6.996000e+02 2.589485e+03
6.995500e+02 2.589485e+03
6.995000e+02 2.589485e+03
6.994500e+02 2.589485e+03
6.994000e+02 2.589485e+03
6.993500e+02 2.589485e+03
6.993000e+02 2.589485e+03
6.992500e+02 2.589485e+03
6.992000e+02 2.589485e+03
6.991500e+02 2.589485e+03
6.991000e+02 2.589485e+03
6.990500e+02 2.589485e+03
6.990000e+02 2.589485e+03
6.989500e+02 2.589485e+03
6.989000e+02 2.589485e+03
6.988500e+02 2.589485e+03
6.988000e+02 2.589485e+03
6.987500e+02 2.589485e+03
6.987000e+02 2.589485e+03
6.986500e+02 2.589485e+03
6.986000e+02 2.589485e+03
6.985500e+02 2.589485e+03
6.985000e+02 2.589485e+03
6.984500e+02 2.589485e+03
6.984000e+02 2.589485e+03
6.983500e+02 2.589485e+03
6.983000e+02 2.589485e+03
6.982500e+02 2.589485e+03
6.982000e+02 2.589485e+03
6.981500e+02 2.589485e+03
6.981000e+02 2.589485e+03
6.980500e+02 2.589485e+03
6.980000e+02 2.589485e+03
6.979500e+02 2.589485e+03
6.979000e+02 2.589485e+03
6.978500e+02 2.589485e+03
6.978000e+02 2.589485e+03
6.977500e+02 2.589485e+03
6.977000e+02 2.589485e+03
6.976500e+02 2.589485e+03
6.976000e+02 2.589485e+03
6.975500e+02 2.589485e+03
6.975000e+02 2.589485e+03
6.974500e+02 2.589485e+03
6.974000e+02 2.589485e+03
6.973500e+02 2.589485e+03
6.973000e+02 2.589485e+03
6.972500e+02 2.589485e+03
6.972000e+02 2.589485e+03
6.971500e+02 2.589485e+03
6.971000e+02 2.589485e+03
6.970500e+02 2.589485e+03
6.970000e+02 2.589485e+03
6.969500e+02 2.589485e+03
6.969000e+02 2.589485e+03
6.968500e+02 2.589485e+03
6.968000e+02 2.589485e+03
6.967500e+02 2.589485e+03
6.967000e+02 2.589485e+03
6.966500e+02 2.589485e+03
6.966000e+02 2.589485e+03
6.965500e+02 2.589485e+03
6.965000e+02 2.589485e+03
6.964500e+02 2.589485e+03
6.964000e+02 2.589485e+03
6.963500e+02 2.589485e+03
6.963000e+02 2.589485e+03
6.962500e+02 2.589485e+03
6.962000e+02 2.589485e+03
6.961500e+02 2.589485e+03
6.961000e+02 2.589485e+03
6.960500e+02 2.589485e+03
6.960000e+02 2.589485e+03
6.959500e+02 2.589485e+03
6.959000e+02 2.589485e+03
6.958500e+02 2.589485e+03
6.958000e+02 2.589485e+03
6.957500e+02 2.589485e+03
6.957000e+02 2.589485e+03
6.956500e+02 2.589485e+03
6.956000e+02 2.589485e+03
6.955500e+02 2.589485e+03
6.955000e+02 2.589485e+03
6.954500e+02 2.589485e+03
6.954000e+02 2.589485e+03
6.953500e+02 2.589485e+03
6.953000e+02 2.589485e+03
6.952500e+02 2.589485e+03
6.952000e+02 2.589485e+03
6.951500e+02 2.589485e+03
6.951000e+02 2.589485e+03
6.950500e+02 2.589485e+03
6.950000e+02 2.589485e+03
6.949500e+02 2.589485e+03
6.949000e+02 2.589485e+03
6.948500e+02 2.589485e+03
6.948000e+02 2.589485e+03
6.947500e+02 2.589485e+03
6.947000e+02 2.589485e+03
6.946500e+02 2.589485e+03
6.946000e+02 2.589485e+03
6.945500e+02 2.589485e+03
6.945000e+02 2.589485e+03
6.944500e+02 2.589485e+03
6.944000e+02 2.589485e+03
6.943500e+02 2.589485e+03
6.943000e+02 2.589485e+03
6.942500e+02 2.589485e+03
6.942000e+02 2.589485e+03
6.941500e+02 2.589485e+03
6.941000e+02 2.589485e+03
6.940500e+02 2.589485e+03
6.940000e+02 2.589485e+03
