CoLMM Co metal
7.450000e+02 2.194880e+04
7.449500e+02 2.194880e+04
7.449000e+02 2.194880e+04
7.448500e+02 2.194880e+04
7.448000e+02 2.194880e+04
7.447500e+02 2.194880e+04
7.447000e+02 2.194880e+04
7.446500e+02 2.194880e+04
7.446000e+02 2.194880e+04
7.445500e+02 2.194880e+04
7.445000e+02 2.194880e+04
7.444500e+02 2.198190e+04
7.444000e+02 2.198190e+04
7.443500e+02 2.198190e+04
7.443000e+02 2.198190e+04
7.442500e+02 2.198190e+04
7.442000e+02 2.198190e+04
7.441500e+02 2.198190e+04
7.441000e+02 2.198190e+04
7.440500e+02 2.198190e+04
7.440000e+02 2.198190e+04
7.439500e+02 2.198190e+04
7.439000e+02 2.198190e+04
7.438500e+02 2.198190e+04
7.438000e+02 2.198190e+04
7.437500e+02 2.198190e+04
7.437000e+02 2.198190e+04
7.436500e+02 2.198190e+04
7.436000e+02 2.198190e+04
7.435500e+02 2.198190e+04
7.435000e+02 2.198190e+04
7.434500e+02 2.222960e+04
7.434000e+02 2.222960e+04
7.433500e+02 2.222960e+04
7.433000e+02 2.222960e+04
7.432500e+02 2.222960e+04
7.432000e+02 2.222960e+04
7.431500e+02 2.222960e+04
7.431000e+02 2.222960e+04
7.430500e+02 2.222960e+04
7.430000e+02 2.222960e+04
7.429500e+02 2.222960e+04
7.429000e+02 2.222960e+04
7.428500e+02 2.222960e+04
7.428000e+02 2.222960e+04
7.427500e+02 2.222960e+04
7.427000e+02 2.222960e+04
7.426500e+02 2.222960e+04
7.426000e+02 2.222960e+04
7.425500e+02 2.222960e+04
7.425000e+02 2.222960e+04
7.424500e+02 2.244690e+04
7.424000e+02 2.244690e+04
7.423500e+02 2.244690e+04
7.423000e+02 2.244690e+04
7.422500e+02 2.244690e+04
7.422000e+02 2.244690e+04
7.421500e+02 2.244690e+04
7.421000e+02 2.244690e+04
7.420500e+02 2.244690e+04
7.420000e+02 2.244690e+04
7.419500e+02 2.244690e+04
7.419000e+02 2.244690e+04
7.418500e+02 2.244690e+04
7.418000e+02 2.244690e+04
7.417500e+02 2.244690e+04
7.417000e+02 2.244690e+04
7.416500e+02 2.244690e+04
7.416000e+02 2.244690e+04
7.415500e+02 2.244690e+04
7.415000e+02 2.244690e+04
7.414500e+02 2.249030e+04
7.414000e+02 2.249030e+04
7.413500e+02 2.249030e+04
7.413000e+02 2.249030e+04
7.412500e+02 2.249030e+04
7.412000e+02 2.249030e+04
7.411500e+02 2.249030e+04
7.411000e+02 2.249030e+04
7.410500e+02 2.249030e+04
7.410000e+02 2.249030e+04
7.409500e+02 2.249030e+04
7.409000e+02 2.249030e+04
7.408500e+02 2.249030e+04
7.408000e+02 2.249030e+04
7.407500e+02 2.249030e+04
7.407000e+02 2.249030e+04
7.406500e+02 2.249030e+04
7.406000e+02 2.249030e+04
7.405500e+02 2.249030e+04
7.405000e+02 2.249030e+04
7.404500e+02 2.277390e+04
7.404000e+02 2.277390e+04
7.403500e+02 2.277390e+04
7.403000e+02 2.277390e+04
7.402500e+02 2.277390e+04
7.402000e+02 2.277390e+04
7.401500e+02 2.277390e+04
7.401000e+02 2.277390e+04
7.400500e+02 2.277390e+04
7.400000e+02 2.277390e+04
7.399500e+02 2.277390e+04
7.399000e+02 2.277390e+04
7.398500e+02 2.277390e+04
7.398000e+02 2.277390e+04
7.397500e+02 2.277390e+04
7.397000e+02 2.277390e+04
7.396500e+02 2.277390e+04
7.396000e+02 2.277390e+04
7.395500e+02 2.277390e+04
7.395000e+02 2.277390e+04
7.394500e+02 2.274100e+04
7.394000e+02 2.274100e+04
7.393500e+02 2.274100e+04
7.393000e+02 2.274100e+04
7.392500e+02 2.274100e+04
7.392000e+02 2.274100e+04
7.391500e+02 2.274100e+04
7.391000e+02 2.274100e+04
7.390500e+02 2.274100e+04
7.390000e+02 2.274100e+04
7.389500e+02 2.274100e+04
7.389000e+02 2.274100e+04
7.388500e+02 2.274100e+04
7.388000e+02 2.274100e+04
7.387500e+02 2.274100e+04
7.387000e+02 2.274100e+04
7.386500e+02 2.274100e+04
7.386000e+02 2.274100e+04
7.385500e+02 2.274100e+04
7.385000e+02 2.274100e+04
7.384500e+02 2.292760e+04
7.384000e+02 2.292760e+04
7.383500e+02 2.292760e+04
7.383000e+02 2.292760e+04
7.382500e+02 2.292760e+04
7.382000e+02 2.292760e+04
7.381500e+02 2.292760e+04
7.381000e+02 2.292760e+04
7.380500e+02 2.292760e+04
7.380000e+02 2.292760e+04
7.379500e+02 2.292760e+04
7.379000e+02 2.292760e+04
7.378500e+02 2.292760e+04
7.378000e+02 2.292760e+04
7.377500e+02 2.292760e+04
7.377000e+02 2.292760e+04
7.376500e+02 2.292760e+04
7.376000e+02 2.292760e+04
7.375500e+02 2.292760e+04
7.375000e+02 2.292760e+04
7.374500e+02 2.311610e+04
7.374000e+02 2.311610e+04
7.373500e+02 2.311610e+04
7.373000e+02 2.311610e+04
7.372500e+02 2.311610e+04
7.372000e+02 2.311610e+04
7.371500e+02 2.311610e+04
7.371000e+02 2.311610e+04
7.370500e+02 2.311610e+04
7.370000e+02 2.311610e+04
7.369500e+02 2.311610e+04
7.369000e+02 2.311610e+04
7.368500e+02 2.311610e+04
7.368000e+02 2.311610e+04
7.367500e+02 2.311610e+04
7.367000e+02 2.311610e+04
7.366500e+02 2.311610e+04
7.366000e+02 2.311610e+04
7.365500e+02 2.311610e+04
7.365000e+02 2.311610e+04
7.364500e+02 2.351650e+04
7.364000e+02 2.351650e+04
7.363500e+02 2.351650e+04
7.363000e+02 2.351650e+04
7.362500e+02 2.351650e+04
7.362000e+02 2.351650e+04
7.361500e+02 2.351650e+04
7.361000e+02 2.351650e+04
7.360500e+02 2.351650e+04
7.360000e+02 2.351650e+04
7.359500e+02 2.351650e+04
7.359000e+02 2.351650e+04
7.358500e+02 2.351650e+04
7.358000e+02 2.351650e+04
7.357500e+02 2.351650e+04
7.357000e+02 2.351650e+04
7.356500e+02 2.351650e+04
7.356000e+02 2.351650e+04
7.355500e+02 2.351650e+04
7.355000e+02 2.351650e+04
7.354500e+02 2.343220e+04
7.354000e+02 2.343220e+04
7.353500e+02 2.343220e+04
7.353000e+02 2.343220e+04
7.352500e+02 2.343220e+04
7.352000e+02 2.343220e+04
7.351500e+02 2.343220e+04
7.351000e+02 2.343220e+04
7.350500e+02 2.343220e+04
7.350000e+02 2.343220e+04
7.349500e+02 2.343220e+04
7.349000e+02 2.343220e+04
7.348500e+02 2.343220e+04
7.348000e+02 2.343220e+04
7.347500e+02 2.343220e+04
7.347000e+02 2.343220e+04
7.346500e+02 2.343220e+04
7.346000e+02 2.343220e+04
7.345500e+02 2.343220e+04
7.345000e+02 2.343220e+04
7.344500e+02 2.340750e+04
7.344000e+02 2.340750e+04
7.343500e+02 2.340750e+04
7.343000e+02 2.340750e+04
7.342500e+02 2.340750e+04
7.342000e+02 2.340750e+04
7.341500e+02 2.340750e+04
7.341000e+02 2.340750e+04
7.340500e+02 2.340750e+04
7.340000e+02 2.340750e+04
7.339500e+02 2.340750e+04
7.339000e+02 2.340750e+04
7.338500e+02 2.340750e+04
7.338000e+02 2.340750e+04
7.337500e+02 2.340750e+04
7.337000e+02 2.340750e+04
7.336500e+02 2.340750e+04
7.336000e+02 2.340750e+04
7.335500e+02 2.340750e+04
7.335000e+02 2.340750e+04
7.334500e+02 2.353200e+04
7.334000e+02 2.353200e+04
7.333500e+02 2.353200e+04
7.333000e+02 2.353200e+04
7.332500e+02 2.353200e+04
7.332000e+02 2.353200e+04
7.331500e+02 2.353200e+04
7.331000e+02 2.353200e+04
7.330500e+02 2.353200e+04
7.330000e+02 2.353200e+04
7.329500e+02 2.353200e+04
7.329000e+02 2.353200e+04
7.328500e+02 2.353200e+04
7.328000e+02 2.353200e+04
7.327500e+02 2.353200e+04
7.327000e+02 2.353200e+04
7.326500e+02 2.353200e+04
7.326000e+02 2.353200e+04
7.325500e+02 2.353200e+04
7.325000e+02 2.353200e+04
7.324500e+02 2.354480e+04
7.324000e+02 2.354480e+04
7.323500e+02 2.354480e+04
7.323000e+02 2.354480e+04
7.322500e+02 2.354480e+04
7.322000e+02 2.354480e+04
7.321500e+02 2.354480e+04
7.321000e+02 2.354480e+04
7.320500e+02 2.354480e+04
7.320000e+02 2.354480e+04
7.319500e+02 2.354480e+04
7.319000e+02 2.354480e+04
7.318500e+02 2.354480e+04
7.318000e+02 2.354480e+04
7.317500e+02 2.354480e+04
7.317000e+02 2.354480e+04
7.316500e+02 2.354480e+04
7.316000e+02 2.354480e+04
7.315500e+02 2.354480e+04
7.315000e+02 2.354480e+04
7.314500e+02 2.377180e+04
7.314000e+02 2.377180e+04
7.313500e+02 2.377180e+04
7.313000e+02 2.377180e+04
7.312500e+02 2.377180e+04
7.312000e+02 2.377180e+04
7.311500e+02 2.377180e+04
7.311000e+02 2.377180e+04
7.310500e+02 2.377180e+04
7.310000e+02 2.377180e+04
7.309500e+02 2.377180e+04
7.309000e+02 2.377180e+04
7.308500e+02 2.377180e+04
7.308000e+02 2.377180e+04
7.307500e+02 2.377180e+04
7.307000e+02 2.377180e+04
7.306500e+02 2.377180e+04
7.306000e+02 2.377180e+04
7.305500e+02 2.377180e+04
7.305000e+02 2.377180e+04
7.304500e+02 2.403290e+04
7.304000e+02 2.403290e+04
7.303500e+02 2.403290e+04
7.303000e+02 2.403290e+04
7.302500e+02 2.403290e+04
7.302000e+02 2.403290e+04
7.301500e+02 2.403290e+04
7.301000e+02 2.403290e+04
7.300500e+02 2.403290e+04
7.300000e+02 2.403290e+04
7.299500e+02 2.403290e+04
7.299000e+02 2.403290e+04
7.298500e+02 2.403290e+04
7.298000e+02 2.403290e+04
7.297500e+02 2.403290e+04
7.297000e+02 2.403290e+04
7.296500e+02 2.403290e+04
7.296000e+02 2.403290e+04
7.295500e+02 2.403290e+04
7.295000e+02 2.403290e+04
7.294500e+02 2.438150e+04
7.294000e+02 2.438150e+04
7.293500e+02 2.438150e+04
7.293000e+02 2.438150e+04
7.292500e+02 2.438150e+04
7.292000e+02 2.438150e+04
7.291500e+02 2.438150e+04
7.291000e+02 2.438150e+04
7.290500e+02 2.438150e+04
7.290000e+02 2.438150e+04
7.289500e+02 2.438150e+04
7.289000e+02 2.438150e+04
7.288500e+02 2.438150e+04
7.288000e+02 2.438150e+04
7.287500e+02 2.438150e+04
7.287000e+02 2.438150e+04
7.286500e+02 2.438150e+04
7.286000e+02 2.438150e+04
7.285500e+02 2.438150e+04
7.285000e+02 2.438150e+04
7.284500e+02 2.481420e+04
7.284000e+02 2.481420e+04
7.283500e+02 2.481420e+04
7.283000e+02 2.481420e+04
7.282500e+02 2.481420e+04
7.282000e+02 2.481420e+04
7.281500e+02 2.481420e+04
7.281000e+02 2.481420e+04
7.280500e+02 2.481420e+04
7.280000e+02 2.481420e+04
7.279500e+02 2.481420e+04
7.279000e+02 2.481420e+04
7.278500e+02 2.481420e+04
7.278000e+02 2.481420e+04
7.277500e+02 2.481420e+04
7.277000e+02 2.481420e+04
7.276500e+02 2.481420e+04
7.276000e+02 2.481420e+04
7.275500e+02 2.481420e+04
7.275000e+02 2.481420e+04
7.274500e+02 2.529750e+04
7.274000e+02 2.529750e+04
7.273500e+02 2.529750e+04
7.273000e+02 2.529750e+04
7.272500e+02 2.529750e+04
7.272000e+02 2.529750e+04
7.271500e+02 2.529750e+04
7.271000e+02 2.529750e+04
7.270500e+02 2.529750e+04
7.270000e+02 2.529750e+04
7.269500e+02 2.529750e+04
7.269000e+02 2.529750e+04
7.268500e+02 2.529750e+04
7.268000e+02 2.529750e+04
7.267500e+02 2.529750e+04
7.267000e+02 2.529750e+04
7.266500e+02 2.529750e+04
7.266000e+02 2.529750e+04
7.265500e+02 2.529750e+04
7.265000e+02 2.529750e+04
7.264500e+02 2.555550e+04
7.264000e+02 2.555550e+04
7.263500e+02 2.555550e+04
7.263000e+02 2.555550e+04
7.262500e+02 2.555550e+04
7.262000e+02 2.555550e+04
7.261500e+02 2.555550e+04
7.261000e+02 2.555550e+04
7.260500e+02 2.555550e+04
7.260000e+02 2.555550e+04
7.259500e+02 2.555550e+04
7.259000e+02 2.555550e+04
7.258500e+02 2.555550e+04
7.258000e+02 2.555550e+04
7.257500e+02 2.555550e+04
7.257000e+02 2.555550e+04
7.256500e+02 2.555550e+04
7.256000e+02 2.555550e+04
7.255500e+02 2.555550e+04
7.255000e+02 2.555550e+04
7.254500e+02 2.613810e+04
7.254000e+02 2.613810e+04
7.253500e+02 2.613810e+04
7.253000e+02 2.613810e+04
7.252500e+02 2.613810e+04
7.252000e+02 2.613810e+04
7.251500e+02 2.613810e+04
7.251000e+02 2.613810e+04
7.250500e+02 2.613810e+04
7.250000e+02 2.613810e+04
7.249500e+02 2.613810e+04
7.249000e+02 2.613810e+04
7.248500e+02 2.613810e+04
7.248000e+02 2.613810e+04
7.247500e+02 2.613810e+04
7.247000e+02 2.613810e+04
7.246500e+02 2.613810e+04
7.246000e+02 2.613810e+04
7.245500e+02 2.613810e+04
7.245000e+02 2.613810e+04
7.244500e+02 2.668590e+04
7.244000e+02 2.668590e+04
7.243500e+02 2.668590e+04
7.243000e+02 2.668590e+04
7.242500e+02 2.668590e+04
7.242000e+02 2.668590e+04
7.241500e+02 2.668590e+04
7.241000e+02 2.668590e+04
7.240500e+02 2.668590e+04
7.240000e+02 2.668590e+04
7.239500e+02 2.668590e+04
7.239000e+02 2.668590e+04
7.238500e+02 2.668590e+04
7.238000e+02 2.668590e+04
7.237500e+02 2.668590e+04
7.237000e+02 2.668590e+04
7.236500e+02 2.668590e+04
7.236000e+02 2.668590e+04
7.235500e+02 2.668590e+04
7.235000e+02 2.668590e+04
7.234500e+02 2.784650e+04
7.234000e+02 2.784650e+04
7.233500e+02 2.784650e+04
7.233000e+02 2.784650e+04
7.232500e+02 2.784650e+04
7.232000e+02 2.784650e+04
7.231500e+02 2.784650e+04
7.231000e+02 2.784650e+04
7.230500e+02 2.784650e+04
7.230000e+02 2.784650e+04
7.229500e+02 2.784650e+04
7.229000e+02 2.784650e+04
7.228500e+02 2.784650e+04
7.228000e+02 2.784650e+04
7.227500e+02 2.784650e+04
7.227000e+02 2.784650e+04
7.226500e+02 2.784650e+04
7.226000e+02 2.784650e+04
7.225500e+02 2.784650e+04
7.225000e+02 2.784650e+04
7.224500e+02 2.911930e+04
7.224000e+02 2.911930e+04
7.223500e+02 2.911930e+04
7.223000e+02 2.911930e+04
7.222500e+02 2.911930e+04
7.222000e+02 2.911930e+04
7.221500e+02 2.911930e+04
7.221000e+02 2.911930e+04
7.220500e+02 2.911930e+04
7.220000e+02 2.911930e+04
7.219500e+02 2.911930e+04
7.219000e+02 2.911930e+04
7.218500e+02 2.911930e+04
7.218000e+02 2.911930e+04
7.217500e+02 2.911930e+04
7.217000e+02 2.911930e+04
7.216500e+02 2.911930e+04
7.216000e+02 2.911930e+04
7.215500e+02 2.911930e+04
7.215000e+02 2.911930e+04
7.214500e+02 3.030580e+04
7.214000e+02 3.030580e+04
7.213500e+02 3.030580e+04
7.213000e+02 3.030580e+04
7.212500e+02 3.030580e+04
7.212000e+02 3.030580e+04
7.211500e+02 3.030580e+04
7.211000e+02 3.030580e+04
7.210500e+02 3.030580e+04
7.210000e+02 3.030580e+04
7.209500e+02 3.030580e+04
7.209000e+02 3.030580e+04
7.208500e+02 3.030580e+04
7.208000e+02 3.030580e+04
7.207500e+02 3.030580e+04
7.207000e+02 3.030580e+04
7.206500e+02 3.030580e+04
7.206000e+02 3.030580e+04
7.205500e+02 3.030580e+04
7.205000e+02 3.030580e+04
7.204500e+02 3.185380e+04
7.204000e+02 3.185380e+04
7.203500e+02 3.185380e+04
7.203000e+02 3.185380e+04
7.202500e+02 3.185380e+04
7.202000e+02 3.185380e+04
7.201500e+02 3.185380e+04
7.201000e+02 3.185380e+04
7.200500e+02 3.185380e+04
7.200000e+02 3.185380e+04
7.199500e+02 3.185380e+04
7.199000e+02 3.185380e+04
7.198500e+02 3.185380e+04
7.198000e+02 3.185380e+04
7.197500e+02 3.185380e+04
7.197000e+02 3.185380e+04
7.196500e+02 3.185380e+04
7.196000e+02 3.185380e+04
7.195500e+02 3.185380e+04
7.195000e+02 3.185380e+04
7.194500e+02 3.433210e+04
7.194000e+02 3.433210e+04
7.193500e+02 3.433210e+04
7.193000e+02 3.433210e+04
7.192500e+02 3.433210e+04
7.192000e+02 3.433210e+04
7.191500e+02 3.433210e+04
7.191000e+02 3.433210e+04
7.190500e+02 3.433210e+04
7.190000e+02 3.433210e+04
7.189500e+02 3.433210e+04
7.189000e+02 3.433210e+04
7.188500e+02 3.433210e+04
7.188000e+02 3.433210e+04
7.187500e+02 3.433210e+04
7.187000e+02 3.433210e+04
7.186500e+02 3.433210e+04
7.186000e+02 3.433210e+04
7.185500e+02 3.433210e+04
7.185000e+02 3.433210e+04
7.184500e+02 3.666690e+04
7.184000e+02 3.666690e+04
7.183500e+02 3.666690e+04
7.183000e+02 3.666690e+04
7.182500e+02 3.666690e+04
7.182000e+02 3.666690e+04
7.181500e+02 3.666690e+04
7.181000e+02 3.666690e+04
7.180500e+02 3.666690e+04
7.180000e+02 3.666690e+04
7.179500e+02 3.666690e+04
7.179000e+02 3.666690e+04
7.178500e+02 3.666690e+04
7.178000e+02 3.666690e+04
7.177500e+02 3.666690e+04
7.177000e+02 3.666690e+04
7.176500e+02 3.666690e+04
7.176000e+02 3.666690e+04
7.175500e+02 3.666690e+04
7.175000e+02 3.666690e+04
7.174500e+02 4.009350e+04
7.174000e+02 4.009350e+04
7.173500e+02 4.009350e+04
7.173000e+02 4.009350e+04
7.172500e+02 4.009350e+04
7.172000e+02 4.009350e+04
7.171500e+02 4.009350e+04
7.171000e+02 4.009350e+04
7.170500e+02 4.009350e+04
7.170000e+02 4.009350e+04
7.169500e+02 4.009350e+04
7.169000e+02 4.009350e+04
7.168500e+02 4.009350e+04
7.168000e+02 4.009350e+04
7.167500e+02 4.009350e+04
7.167000e+02 4.009350e+04
7.166500e+02 4.009350e+04
7.166000e+02 4.009350e+04
7.165500e+02 4.009350e+04
7.165000e+02 4.009350e+04
7.164500e+02 4.497510e+04
7.164000e+02 4.497510e+04
7.163500e+02 4.497510e+04
7.163000e+02 4.497510e+04
7.162500e+02 4.497510e+04
7.162000e+02 4.497510e+04
7.161500e+02 4.497510e+04
7.161000e+02 4.497510e+04
7.160500e+02 4.497510e+04
7.160000e+02 4.497510e+04
7.159500e+02 4.497510e+04
7.159000e+02 4.497510e+04
7.158500e+02 4.497510e+04
7.158000e+02 4.497510e+04
7.157500e+02 4.497510e+04
7.157000e+02 4.497510e+04
7.156500e+02 4.497510e+04
7.156000e+02 4.497510e+04
7.155500e+02 4.497510e+04
7.155000e+02 4.497510e+04
7.154500e+02 5.049150e+04
7.154000e+02 5.049150e+04
7.153500e+02 5.049150e+04
7.153000e+02 5.049150e+04
7.152500e+02 5.049150e+04
7.152000e+02 5.049150e+04
7.151500e+02 5.049150e+04
7.151000e+02 5.049150e+04
7.150500e+02 5.049150e+04
7.150000e+02 5.049150e+04
7.149500e+02 5.049150e+04
7.149000e+02 5.049150e+04
7.148500e+02 5.049150e+04
7.148000e+02 5.049150e+04
7.147500e+02 5.049150e+04
7.147000e+02 5.049150e+04
7.146500e+02 5.049150e+04
7.146000e+02 5.049150e+04
7.145500e+02 5.049150e+04
7.145000e+02 5.049150e+04
7.144500e+02 5.549360e+04
7.144000e+02 5.549360e+04
7.143500e+02 5.549360e+04
7.143000e+02 5.549360e+04
7.142500e+02 5.549360e+04
7.142000e+02 5.549360e+04
7.141500e+02 5.549360e+04
7.141000e+02 5.549360e+04
7.140500e+02 5.549360e+04
7.140000e+02 5.549360e+04
7.139500e+02 5.549360e+04
7.139000e+02 5.549360e+04
7.138500e+02 5.549360e+04
7.138000e+02 5.549360e+04
7.137500e+02 5.549360e+04
7.137000e+02 5.549360e+04
7.136500e+02 5.549360e+04
7.136000e+02 5.549360e+04
7.135500e+02 5.549360e+04
7.135000e+02 5.549360e+04
7.134500e+02 5.639760e+04
7.134000e+02 5.639760e+04
7.133500e+02 5.639760e+04
7.133000e+02 5.639760e+04
7.132500e+02 5.639760e+04
7.132000e+02 5.639760e+04
7.131500e+02 5.639760e+04
7.131000e+02 5.639760e+04
7.130500e+02 5.639760e+04
7.130000e+02 5.639760e+04
7.129500e+02 5.639760e+04
7.129000e+02 5.639760e+04
7.128500e+02 5.639760e+04
7.128000e+02 5.639760e+04
7.127500e+02 5.639760e+04
7.127000e+02 5.639760e+04
7.126500e+02 5.639760e+04
7.126000e+02 5.639760e+04
7.125500e+02 5.639760e+04
7.125000e+02 5.639760e+04
7.124500e+02 5.139310e+04
7.124000e+02 5.139310e+04
7.123500e+02 5.139310e+04
7.123000e+02 5.139310e+04
7.122500e+02 5.139310e+04
7.122000e+02 5.139310e+04
7.121500e+02 5.139310e+04
7.121000e+02 5.139310e+04
7.120500e+02 5.139310e+04
7.120000e+02 5.139310e+04
7.119500e+02 5.139310e+04
7.119000e+02 5.139310e+04
7.118500e+02 5.139310e+04
7.118000e+02 5.139310e+04
7.117500e+02 5.139310e+04
7.117000e+02 5.139310e+04
7.116500e+02 5.139310e+04
7.116000e+02 5.139310e+04
7.115500e+02 5.139310e+04
7.115000e+02 5.139310e+04
7.114500e+02 4.305060e+04
7.114000e+02 4.305060e+04
7.113500e+02 4.305060e+04
7.113000e+02 4.305060e+04
7.112500e+02 4.305060e+04
7.112000e+02 4.305060e+04
7.111500e+02 4.305060e+04
7.111000e+02 4.305060e+04
7.110500e+02 4.305060e+04
7.110000e+02 4.305060e+04
7.109500e+02 4.305060e+04
7.109000e+02 4.305060e+04
7.108500e+02 4.305060e+04
7.108000e+02 4.305060e+04
7.107500e+02 4.305060e+04
7.107000e+02 4.305060e+04
7.106500e+02 4.305060e+04
7.106000e+02 4.305060e+04
7.105500e+02 4.305060e+04
7.105000e+02 4.305060e+04
7.104500e+02 3.314050e+04
7.104000e+02 3.314050e+04
7.103500e+02 3.314050e+04
7.103000e+02 3.314050e+04
7.102500e+02 3.314050e+04
7.102000e+02 3.314050e+04
7.101500e+02 3.314050e+04
7.101000e+02 3.314050e+04
7.100500e+02 3.314050e+04
7.100000e+02 3.314050e+04
7.099500e+02 3.314050e+04
7.099000e+02 3.314050e+04
7.098500e+02 3.314050e+04
7.098000e+02 3.314050e+04
7.097500e+02 3.314050e+04
7.097000e+02 3.314050e+04
7.096500e+02 3.314050e+04
7.096000e+02 3.314050e+04
7.095500e+02 3.314050e+04
7.095000e+02 3.314050e+04
7.094500e+02 2.363250e+04
7.094000e+02 2.363250e+04
7.093500e+02 2.363250e+04
7.093000e+02 2.363250e+04
7.092500e+02 2.363250e+04
7.092000e+02 2.363250e+04
7.091500e+02 2.363250e+04
7.091000e+02 2.363250e+04
7.090500e+02 2.363250e+04
7.090000e+02 2.363250e+04
7.089500e+02 2.363250e+04
7.089000e+02 2.363250e+04
7.088500e+02 2.363250e+04
7.088000e+02 2.363250e+04
7.087500e+02 2.363250e+04
7.087000e+02 2.363250e+04
7.086500e+02 2.363250e+04
7.086000e+02 2.363250e+04
7.085500e+02 2.363250e+04
7.085000e+02 2.363250e+04
7.084500e+02 1.717260e+04
7.084000e+02 1.717260e+04
7.083500e+02 1.717260e+04
7.083000e+02 1.717260e+04
7.082500e+02 1.717260e+04
7.082000e+02 1.717260e+04
7.081500e+02 1.717260e+04
7.081000e+02 1.717260e+04
7.080500e+02 1.717260e+04
7.080000e+02 1.717260e+04
7.079500e+02 1.717260e+04
7.079000e+02 1.717260e+04
7.078500e+02 1.717260e+04
7.078000e+02 1.717260e+04
7.077500e+02 1.717260e+04
7.077000e+02 1.717260e+04
7.076500e+02 1.717260e+04
7.076000e+02 1.717260e+04
7.075500e+02 1.717260e+04
7.075000e+02 1.717260e+04
7.074500e+02 1.428280e+04
7.074000e+02 1.428280e+04
7.073500e+02 1.428280e+04
7.073000e+02 1.428280e+04
7.072500e+02 1.428280e+04
7.072000e+02 1.428280e+04
7.071500e+02 1.428280e+04
7.071000e+02 1.428280e+04
7.070500e+02 1.428280e+04
7.070000e+02 1.428280e+04
7.069500e+02 1.428280e+04
7.069000e+02 1.428280e+04
7.068500e+02 1.428280e+04
7.068000e+02 1.428280e+04
7.067500e+02 1.428280e+04
7.067000e+02 1.428280e+04
7.066500e+02 1.428280e+04
7.066000e+02 1.428280e+04
7.065500e+02 1.428280e+04
7.065000e+02 1.428280e+04
7.064500e+02 1.250030e+04
7.064000e+02 1.250030e+04
7.063500e+02 1.250030e+04
7.063000e+02 1.250030e+04
7.062500e+02 1.250030e+04
7.062000e+02 1.250030e+04
7.061500e+02 1.250030e+04
7.061000e+02 1.250030e+04
7.060500e+02 1.250030e+04
7.060000e+02 1.250030e+04
7.059500e+02 1.250030e+04
7.059000e+02 1.250030e+04
7.058500e+02 1.250030e+04
7.058000e+02 1.250030e+04
7.057500e+02 1.250030e+04
7.057000e+02 1.250030e+04
7.056500e+02 1.250030e+04
7.056000e+02 1.250030e+04
7.055500e+02 1.250030e+04
7.055000e+02 1.250030e+04
7.054500e+02 1.170380e+04
7.054000e+02 1.170380e+04
7.053500e+02 1.170380e+04
7.053000e+02 1.170380e+04
7.052500e+02 1.170380e+04
7.052000e+02 1.170380e+04
7.051500e+02 1.170380e+04
7.051000e+02 1.170380e+04
7.050500e+02 1.170380e+04
7.050000e+02 1.170380e+04
7.049500e+02 1.170380e+04
7.049000e+02 1.170380e+04
7.048500e+02 1.170380e+04
7.048000e+02 1.170380e+04
7.047500e+02 1.170380e+04
7.047000e+02 1.170380e+04
7.046500e+02 1.170380e+04
7.046000e+02 1.170380e+04
7.045500e+02 1.170380e+04
7.045000e+02 1.170380e+04
7.044500e+02 1.158200e+04
7.044000e+02 1.158200e+04
7.043500e+02 1.158200e+04
7.043000e+02 1.158200e+04
7.042500e+02 1.158200e+04
7.042000e+02 1.158200e+04
7.041500e+02 1.158200e+04
7.041000e+02 1.158200e+04
7.040500e+02 1.158200e+04
7.040000e+02 1.158200e+04
7.039500e+02 1.158200e+04
7.039000e+02 1.158200e+04
7.038500e+02 1.158200e+04
7.038000e+02 1.158200e+04
7.037500e+02 1.158200e+04
7.037000e+02 1.158200e+04
7.036500e+02 1.158200e+04
7.036000e+02 1.158200e+04
7.035500e+02 1.158200e+04
7.035000e+02 1.158200e+04
7.034500e+02 1.129120e+04
7.034000e+02 1.129120e+04
7.033500e+02 1.129120e+04
7.033000e+02 1.129120e+04
7.032500e+02 1.129120e+04
7.032000e+02 1.129120e+04
7.031500e+02 1.129120e+04
7.031000e+02 1.129120e+04
7.030500e+02 1.129120e+04
7.030000e+02 1.129120e+04
7.029500e+02 1.129120e+04
7.029000e+02 1.129120e+04
7.028500e+02 1.129120e+04
7.028000e+02 1.129120e+04
7.027500e+02 1.129120e+04
7.027000e+02 1.129120e+04
7.026500e+02 1.129120e+04
7.026000e+02 1.129120e+04
7.025500e+02 1.129120e+04
7.025000e+02 1.129120e+04
7.024500e+02 1.150640e+04
7.024000e+02 1.150640e+04
7.023500e+02 1.150640e+04
7.023000e+02 1.150640e+04
7.022500e+02 1.150640e+04
7.022000e+02 1.150640e+04
7.021500e+02 1.150640e+04
7.021000e+02 1.150640e+04
7.020500e+02 1.150640e+04
7.020000e+02 1.150640e+04
7.019500e+02 1.150640e+04
7.019000e+02 1.150640e+04
7.018500e+02 1.150640e+04
7.018000e+02 1.150640e+04
7.017500e+02 1.150640e+04
7.017000e+02 1.150640e+04
7.016500e+02 1.150640e+04
7.016000e+02 1.150640e+04
7.015500e+02 1.150640e+04
7.015000e+02 1.150640e+04
7.014500e+02 1.182770e+04
7.014000e+02 1.182770e+04
7.013500e+02 1.182770e+04
7.013000e+02 1.182770e+04
7.012500e+02 1.182770e+04
7.012000e+02 1.182770e+04
7.011500e+02 1.182770e+04
7.011000e+02 1.182770e+04
7.010500e+02 1.182770e+04
7.010000e+02 1.182770e+04
7.009500e+02 1.182770e+04
7.009000e+02 1.182770e+04
7.008500e+02 1.182770e+04
7.008000e+02 1.182770e+04
7.007500e+02 1.182770e+04
7.007000e+02 1.182770e+04
7.006500e+02 1.182770e+04
7.006000e+02 1.182770e+04
7.005500e+02 1.182770e+04
7.005000e+02 1.182770e+04
7.004500e+02 1.251620e+04
7.004000e+02 1.251620e+04
7.003500e+02 1.251620e+04
7.003000e+02 1.251620e+04
7.002500e+02 1.251620e+04
7.002000e+02 1.251620e+04
7.001500e+02 1.251620e+04
7.001000e+02 1.251620e+04
7.000500e+02 1.251620e+04
7.000000e+02 1.251620e+04
6.999500e+02 1.251620e+04
6.999000e+02 1.251620e+04
6.998500e+02 1.251620e+04
6.998000e+02 1.251620e+04
6.997500e+02 1.251620e+04
6.997000e+02 1.251620e+04
6.996500e+02 1.251620e+04
6.996000e+02 1.251620e+04
6.995500e+02 1.251620e+04
6.995000e+02 1.251620e+04
6.994500e+02 1.243960e+04
6.994000e+02 1.243960e+04
6.993500e+02 1.243960e+04
6.993000e+02 1.243960e+04
6.992500e+02 1.243960e+04
6.992000e+02 1.243960e+04
6.991500e+02 1.243960e+04
6.991000e+02 1.243960e+04
6.990500e+02 1.243960e+04
6.990000e+02 1.243960e+04
6.989500e+02 1.243960e+04
6.989000e+02 1.243960e+04
6.988500e+02 1.243960e+04
6.988000e+02 1.243960e+04
6.987500e+02 1.243960e+04
6.987000e+02 1.243960e+04
6.986500e+02 1.243960e+04
6.986000e+02 1.243960e+04
6.985500e+02 1.243960e+04
6.985000e+02 1.243960e+04
6.984500e+02 1.248510e+04
6.984000e+02 1.248510e+04
6.983500e+02 1.248510e+04
6.983000e+02 1.248510e+04
6.982500e+02 1.248510e+04
6.982000e+02 1.248510e+04
6.981500e+02 1.248510e+04
6.981000e+02 1.248510e+04
6.980500e+02 1.248510e+04
6.980000e+02 1.248510e+04
6.979500e+02 1.248510e+04
6.979000e+02 1.248510e+04
6.978500e+02 1.248510e+04
6.978000e+02 1.248510e+04
6.977500e+02 1.248510e+04
6.977000e+02 1.248510e+04
6.976500e+02 1.248510e+04
6.976000e+02 1.248510e+04
6.975500e+02 1.248510e+04
6.975000e+02 1.248510e+04
6.974500e+02 1.175990e+04
6.974000e+02 1.175990e+04
6.973500e+02 1.175990e+04
6.973000e+02 1.175990e+04
6.972500e+02 1.175990e+04
6.972000e+02 1.175990e+04
6.971500e+02 1.175990e+04
6.971000e+02 1.175990e+04
6.970500e+02 1.175990e+04
6.970000e+02 1.175990e+04
6.969500e+02 1.175990e+04
6.969000e+02 1.175990e+04
6.968500e+02 1.175990e+04
6.968000e+02 1.175990e+04
6.967500e+02 1.175990e+04
6.967000e+02 1.175990e+04
6.966500e+02 1.175990e+04
6.966000e+02 1.175990e+04
6.965500e+02 1.175990e+04
6.965000e+02 1.175990e+04
6.964500e+02 1.039460e+04
6.964000e+02 1.039460e+04
6.963500e+02 1.039460e+04
6.963000e+02 1.039460e+04
6.962500e+02 1.039460e+04
6.962000e+02 1.039460e+04
6.961500e+02 1.039460e+04
6.961000e+02 1.039460e+04
6.960500e+02 1.039460e+04
6.960000e+02 1.039460e+04
6.959500e+02 1.039460e+04
6.959000e+02 1.039460e+04
6.958500e+02 1.039460e+04
6.958000e+02 1.039460e+04
6.957500e+02 1.039460e+04
6.957000e+02 1.039460e+04
6.956500e+02 1.039460e+04
6.956000e+02 1.039460e+04
6.955500e+02 1.039460e+04
6.955000e+02 1.039460e+04
6.954500e+02 8.954660e+03
6.954000e+02 8.954660e+03
6.953500e+02 8.954660e+03
6.953000e+02 8.954660e+03
6.952500e+02 8.954660e+03
6.952000e+02 8.954660e+03
6.951500e+02 8.954660e+03
6.951000e+02 8.954660e+03
6.950500e+02 8.954660e+03
6.950000e+02 8.954660e+03
6.949500e+02 8.954660e+03
6.949000e+02 8.954660e+03
6.948500e+02 8.954660e+03
6.948000e+02 8.954660e+03
6.947500e+02 8.954660e+03
6.947000e+02 8.954660e+03
6.946500e+02 8.954660e+03
6.946000e+02 8.954660e+03
6.945500e+02 8.954660e+03
6.945000e+02 8.954660e+03
6.944500e+02 7.768920e+03
6.944000e+02 7.768920e+03
6.943500e+02 7.768920e+03
6.943000e+02 7.768920e+03
6.942500e+02 7.768920e+03
6.942000e+02 7.768920e+03
6.941500e+02 7.768920e+03
6.941000e+02 7.768920e+03
6.940500e+02 7.768920e+03
6.940000e+02 7.768920e+03
6.939500e+02 7.768920e+03
6.939000e+02 7.768920e+03
6.938500e+02 7.768920e+03
6.938000e+02 7.768920e+03
6.937500e+02 7.768920e+03
6.937000e+02 7.768920e+03
6.936500e+02 7.768920e+03
6.936000e+02 7.768920e+03
6.935500e+02 7.768920e+03
6.935000e+02 7.768920e+03
6.934500e+02 6.740970e+03
6.934000e+02 6.740970e+03
6.933500e+02 6.740970e+03
6.933000e+02 6.740970e+03
6.932500e+02 6.740970e+03
6.932000e+02 6.740970e+03
6.931500e+02 6.740970e+03
6.931000e+02 6.740970e+03
6.930500e+02 6.740970e+03
6.930000e+02 6.740970e+03
6.929500e+02 6.740970e+03
6.929000e+02 6.740970e+03
6.928500e+02 6.740970e+03
6.928000e+02 6.740970e+03
6.927500e+02 6.740970e+03
6.927000e+02 6.740970e+03
6.926500e+02 6.740970e+03
6.926000e+02 6.740970e+03
6.925500e+02 6.740970e+03
6.925000e+02 6.740970e+03
6.924500e+02 5.995030e+03
6.924000e+02 5.995030e+03
6.923500e+02 5.995030e+03
6.923000e+02 5.995030e+03
6.922500e+02 5.995030e+03
6.922000e+02 5.995030e+03
6.921500e+02 5.995030e+03
6.921000e+02 5.995030e+03
6.920500e+02 5.995030e+03
6.920000e+02 5.995030e+03
6.919500e+02 5.995030e+03
6.919000e+02 5.995030e+03
6.918500e+02 5.995030e+03
6.918000e+02 5.995030e+03
6.917500e+02 5.995030e+03
6.917000e+02 5.995030e+03
6.916500e+02 5.995030e+03
6.916000e+02 5.995030e+03
6.915500e+02 5.995030e+03
6.915000e+02 5.995030e+03
6.914500e+02 5.595260e+03
6.914000e+02 5.595260e+03
6.913500e+02 5.595260e+03
6.913000e+02 5.595260e+03
6.912500e+02 5.595260e+03
6.912000e+02 5.595260e+03
6.911500e+02 5.595260e+03
6.911000e+02 5.595260e+03
6.910500e+02 5.595260e+03
6.910000e+02 5.595260e+03
6.909500e+02 5.595260e+03
6.909000e+02 5.595260e+03
6.908500e+02 5.595260e+03
6.908000e+02 5.595260e+03
6.907500e+02 5.595260e+03
6.907000e+02 5.595260e+03
6.906500e+02 5.595260e+03
6.906000e+02 5.595260e+03
6.905500e+02 5.595260e+03
6.905000e+02 5.595260e+03
6.904500e+02 5.597090e+03
6.904000e+02 5.597090e+03
6.903500e+02 5.597090e+03
6.903000e+02 5.597090e+03
6.902500e+02 5.597090e+03
6.902000e+02 5.597090e+03
6.901500e+02 5.597090e+03
6.901000e+02 5.597090e+03
6.900500e+02 5.597090e+03
6.900000e+02 5.597090e+03
6.899500e+02 5.597090e+03
6.899000e+02 5.597090e+03
6.898500e+02 5.597090e+03
6.898000e+02 5.597090e+03
6.897500e+02 5.597090e+03
6.897000e+02 5.597090e+03
6.896500e+02 5.597090e+03
6.896000e+02 5.597090e+03
6.895500e+02 5.597090e+03
6.895000e+02 5.597090e+03
6.894500e+02 5.432650e+03
6.894000e+02 5.432650e+03
6.893500e+02 5.432650e+03
6.893000e+02 5.432650e+03
6.892500e+02 5.432650e+03
6.892000e+02 5.432650e+03
6.891500e+02 5.432650e+03
6.891000e+02 5.432650e+03
6.890500e+02 5.432650e+03
6.890000e+02 5.432650e+03
6.889500e+02 5.432650e+03
6.889000e+02 5.432650e+03
6.888500e+02 5.432650e+03
6.888000e+02 5.432650e+03
6.887500e+02 5.432650e+03
6.887000e+02 5.432650e+03
6.886500e+02 5.432650e+03
6.886000e+02 5.432650e+03
6.885500e+02 5.432650e+03
6.885000e+02 5.432650e+03
6.884500e+02 5.253810e+03
6.884000e+02 5.253810e+03
6.883500e+02 5.253810e+03
6.883000e+02 5.253810e+03
6.882500e+02 5.253810e+03
6.882000e+02 5.253810e+03
6.881500e+02 5.253810e+03
6.881000e+02 5.253810e+03
6.880500e+02 5.253810e+03
6.880000e+02 5.253810e+03
6.879500e+02 5.253810e+03
6.879000e+02 5.253810e+03
6.878500e+02 5.253810e+03
6.878000e+02 5.253810e+03
6.877500e+02 5.253810e+03
6.877000e+02 5.253810e+03
6.876500e+02 5.253810e+03
6.876000e+02 5.253810e+03
6.875500e+02 5.253810e+03
6.875000e+02 5.253810e+03
6.874500e+02 5.267950e+03
6.874000e+02 5.267950e+03
6.873500e+02 5.267950e+03
6.873000e+02 5.267950e+03
6.872500e+02 5.267950e+03
6.872000e+02 5.267950e+03
6.871500e+02 5.267950e+03
6.871000e+02 5.267950e+03
6.870500e+02 5.267950e+03
6.870000e+02 5.267950e+03
6.869500e+02 5.267950e+03
6.869000e+02 5.267950e+03
6.868500e+02 5.267950e+03
6.868000e+02 5.267950e+03
6.867500e+02 5.267950e+03
6.867000e+02 5.267950e+03
6.866500e+02 5.267950e+03
6.866000e+02 5.267950e+03
6.865500e+02 5.267950e+03
6.865000e+02 5.267950e+03
6.864500e+02 5.295610e+03
6.864000e+02 5.295610e+03
6.863500e+02 5.295610e+03
6.863000e+02 5.295610e+03
6.862500e+02 5.295610e+03
6.862000e+02 5.295610e+03
6.861500e+02 5.295610e+03
6.861000e+02 5.295610e+03
6.860500e+02 5.295610e+03
6.860000e+02 5.295610e+03
6.859500e+02 5.295610e+03
6.859000e+02 5.295610e+03
6.858500e+02 5.295610e+03
6.858000e+02 5.295610e+03
6.857500e+02 5.295610e+03
6.857000e+02 5.295610e+03
6.856500e+02 5.295610e+03
6.856000e+02 5.295610e+03
6.855500e+02 5.295610e+03
6.855000e+02 5.295610e+03
6.854500e+02 5.149990e+03
6.854000e+02 5.149990e+03
6.853500e+02 5.149990e+03
6.853000e+02 5.149990e+03
6.852500e+02 5.149990e+03
6.852000e+02 5.149990e+03
6.851500e+02 5.149990e+03
6.851000e+02 5.149990e+03
6.850500e+02 5.149990e+03
6.850000e+02 5.149990e+03
6.849500e+02 5.149990e+03
6.849000e+02 5.149990e+03
6.848500e+02 5.149990e+03
6.848000e+02 5.149990e+03
6.847500e+02 5.149990e+03
6.847000e+02 5.149990e+03
6.846500e+02 5.149990e+03
6.846000e+02 5.149990e+03
6.845500e+02 5.149990e+03
6.845000e+02 5.149990e+03
6.844500e+02 5.243980e+03
6.844000e+02 5.243980e+03
6.843500e+02 5.243980e+03
6.843000e+02 5.243980e+03
6.842500e+02 5.243980e+03
6.842000e+02 5.243980e+03
6.841500e+02 5.243980e+03
6.841000e+02 5.243980e+03
6.840500e+02 5.243980e+03
6.840000e+02 5.243980e+03
6.839500e+02 5.243980e+03
6.839000e+02 5.243980e+03
6.838500e+02 5.243980e+03
6.838000e+02 5.243980e+03
6.837500e+02 5.243980e+03
6.837000e+02 5.243980e+03
6.836500e+02 5.243980e+03
6.836000e+02 5.243980e+03
6.835500e+02 5.243980e+03
6.835000e+02 5.243980e+03
6.834500e+02 5.232280e+03
6.834000e+02 5.232280e+03
6.833500e+02 5.232280e+03
6.833000e+02 5.232280e+03
6.832500e+02 5.232280e+03
6.832000e+02 5.232280e+03
6.831500e+02 5.232280e+03
6.831000e+02 5.232280e+03
6.830500e+02 5.232280e+03
6.830000e+02 5.232280e+03
6.829500e+02 5.232280e+03
6.829000e+02 5.232280e+03
6.828500e+02 5.232280e+03
6.828000e+02 5.232280e+03
6.827500e+02 5.232280e+03
6.827000e+02 5.232280e+03
6.826500e+02 5.232280e+03
6.826000e+02 5.232280e+03
6.825500e+02 5.232280e+03
6.825000e+02 5.232280e+03
6.824500e+02 5.202260e+03
6.824000e+02 5.202260e+03
6.823500e+02 5.202260e+03
6.823000e+02 5.202260e+03
6.822500e+02 5.202260e+03
6.822000e+02 5.202260e+03
6.821500e+02 5.202260e+03
6.821000e+02 5.202260e+03
6.820500e+02 5.202260e+03
6.820000e+02 5.202260e+03
6.819500e+02 5.202260e+03
6.819000e+02 5.202260e+03
6.818500e+02 5.202260e+03
6.818000e+02 5.202260e+03
6.817500e+02 5.202260e+03
6.817000e+02 5.202260e+03
6.816500e+02 5.202260e+03
6.816000e+02 5.202260e+03
6.815500e+02 5.202260e+03
6.815000e+02 5.202260e+03
6.814500e+02 5.267690e+03
6.814000e+02 5.267690e+03
6.813500e+02 5.267690e+03
6.813000e+02 5.267690e+03
6.812500e+02 5.267690e+03
6.812000e+02 5.267690e+03
6.811500e+02 5.267690e+03
6.811000e+02 5.267690e+03
6.810500e+02 5.267690e+03
6.810000e+02 5.267690e+03
6.809500e+02 5.267690e+03
6.809000e+02 5.267690e+03
6.808500e+02 5.267690e+03
6.808000e+02 5.267690e+03
6.807500e+02 5.267690e+03
6.807000e+02 5.267690e+03
6.806500e+02 5.267690e+03
6.806000e+02 5.267690e+03
6.805500e+02 5.267690e+03
6.805000e+02 5.267690e+03
6.804500e+02 5.311890e+03
6.804000e+02 5.311890e+03
6.803500e+02 5.311890e+03
6.803000e+02 5.311890e+03
6.802500e+02 5.311890e+03
6.802000e+02 5.311890e+03
6.801500e+02 5.311890e+03
6.801000e+02 5.311890e+03
6.800500e+02 5.311890e+03
6.800000e+02 5.311890e+03
