Fe2p Ni metal
7.700000e+002	1.755847e+004		
7.699000e+002	1.749110e+004		
7.698000e+002	1.747053e+004		
7.697000e+002	1.728347e+004		
7.696000e+002	1.713920e+004		
7.695000e+002	1.714000e+004		
7.694000e+002	1.701720e+004		
7.693000e+002	1.684120e+004		
7.692000e+002	1.673670e+004		
7.691000e+002	1.657627e+004		
7.690000e+002	1.649220e+004		
7.689000e+002	1.642827e+004		
7.688000e+002	1.623013e+004		
7.687000e+002	1.615797e+004		
7.686000e+002	1.604803e+004		
7.685000e+002	1.586217e+004		
7.684000e+002	1.567427e+004		
7.683000e+002	1.559577e+004		
7.682000e+002	1.546507e+004		
7.681000e+002	1.536593e+004		
7.680000e+002	1.531327e+004		
7.679000e+002	1.509750e+004		
7.678000e+002	1.488747e+004		
7.677000e+002	1.484470e+004		
7.676000e+002	1.480923e+004		
7.675000e+002	1.471687e+004		
7.674000e+002	1.476280e+004		
7.673000e+002	1.455413e+004		
7.672000e+002	1.445410e+004		
7.671000e+002	1.439097e+004		
7.670000e+002	1.432447e+004		
7.669000e+002	1.425763e+004		
7.668000e+002	1.419817e+004		
7.667000e+002	1.416760e+004		
7.666000e+002	1.401463e+004		
7.665000e+002	1.399157e+004		
7.664000e+002	1.385840e+004		
7.663000e+002	1.392533e+004		
7.662000e+002	1.382030e+004		
7.661000e+002	1.371480e+004		
7.660000e+002	1.370267e+004		
7.659000e+002	1.369450e+004		
7.658000e+002	1.353933e+004		
7.657000e+002	1.357633e+004		
7.656000e+002	1.350447e+004		
7.655000e+002	1.344437e+004		
7.654000e+002	1.348767e+004		
7.653000e+002	1.351040e+004		
7.652000e+002	1.344867e+004		
7.651000e+002	1.354370e+004		
7.650000e+002	1.344223e+004		
7.649000e+002	1.324507e+004		
7.648000e+002	1.317753e+004		
7.647000e+002	1.330303e+004		
7.646000e+002	1.327580e+004		
7.645000e+002	1.325320e+004		
7.644000e+002	1.325240e+004		
7.643000e+002	1.328040e+004		
7.642000e+002	1.324487e+004		
7.641000e+002	1.324793e+004		
7.640000e+002	1.313917e+004		
7.639000e+002	1.310190e+004		
7.638000e+002	1.314910e+004		
7.637000e+002	1.322193e+004		
7.636000e+002	1.313280e+004		
7.635000e+002	1.308217e+004		
7.634000e+002	1.296760e+004		
7.633000e+002	1.303693e+004		
7.632000e+002	1.311470e+004		
7.631000e+002	1.306520e+004		
7.630000e+002	1.304220e+004		
7.629000e+002	1.314320e+004		
7.628000e+002	1.309750e+004		
7.627000e+002	1.301983e+004		
7.626000e+002	1.295273e+004		
7.625000e+002	1.308100e+004		
7.624000e+002	1.306920e+004		
7.623000e+002	1.300503e+004		
7.622000e+002	1.302537e+004		
7.621000e+002	1.306757e+004		
7.620000e+002	1.296907e+004		
7.619000e+002	1.294947e+004		
7.618000e+002	1.300137e+004		
7.617000e+002	1.302050e+004		
7.616000e+002	1.293310e+004		
7.615000e+002	1.298830e+004		
7.614000e+002	1.298193e+004		
7.613000e+002	1.304103e+004		
7.612000e+002	1.304803e+004		
7.611000e+002	1.296097e+004		
7.610000e+002	1.297307e+004		
7.609000e+002	1.293133e+004		
7.608000e+002	1.295520e+004		
7.607000e+002	1.289280e+004		
7.606000e+002	1.281503e+004		
7.605000e+002	1.280177e+004		
7.604000e+002	1.295180e+004		
7.603000e+002	1.299240e+004		
7.602000e+002	1.297620e+004		
7.601000e+002	1.299053e+004		
7.600000e+002	1.293097e+004		
7.599000e+002	1.292267e+004		
7.598000e+002	1.287727e+004		
7.597000e+002	1.278037e+004		
7.596000e+002	1.286837e+004		
7.595000e+002	1.276987e+004		
7.594000e+002	1.274720e+004		
7.593000e+002	1.275410e+004		
7.592000e+002	1.278113e+004		
7.591000e+002	1.279133e+004		
7.590000e+002	1.278367e+004		
7.589000e+002	1.263357e+004		
7.588000e+002	1.260123e+004		
7.587000e+002	1.269577e+004		
7.586000e+002	1.274360e+004		
7.585000e+002	1.261360e+004		
7.584000e+002	1.272003e+004		
7.583000e+002	1.273810e+004		
7.582000e+002	1.270120e+004		
7.581000e+002	1.268867e+004		
7.580000e+002	1.265507e+004		
7.579000e+002	1.269630e+004		
7.578000e+002	1.266383e+004		
7.577000e+002	1.266580e+004		
7.576000e+002	1.263093e+004		
7.575000e+002	1.274440e+004		
7.574000e+002	1.268293e+004		
7.573000e+002	1.266030e+004		
7.572000e+002	1.269440e+004		
7.571000e+002	1.264320e+004		
7.570000e+002	1.261000e+004		
7.569000e+002	1.261517e+004		
7.568000e+002	1.260540e+004		
7.567000e+002	1.261073e+004		
7.566000e+002	1.267833e+004		
7.565000e+002	1.257100e+004		
7.564000e+002	1.261850e+004		
7.563000e+002	1.266380e+004		
7.562000e+002	1.258310e+004		
7.561000e+002	1.262180e+004		
7.560000e+002	1.259737e+004		
7.559000e+002	1.250503e+004		
7.558000e+002	1.264127e+004		
7.557000e+002	1.267433e+004		
7.556000e+002	1.254377e+004		
7.555000e+002	1.258797e+004		
7.554000e+002	1.256910e+004		
7.553000e+002	1.264100e+004		
7.552000e+002	1.261900e+004		
7.551000e+002	1.261553e+004		
7.550000e+002	1.261487e+004		
7.549000e+002	1.261833e+004		
7.548000e+002	1.257710e+004		
7.547000e+002	1.262030e+004		
7.546000e+002	1.260920e+004		
7.545000e+002	1.259597e+004		
7.544000e+002	1.256717e+004		
7.543000e+002	1.260013e+004		
7.542000e+002	1.258260e+004		
7.541000e+002	1.261667e+004		
7.540000e+002	1.263230e+004		
7.539000e+002	1.263237e+004		
7.538000e+002	1.261407e+004		
7.537000e+002	1.265547e+004		
7.536000e+002	1.265963e+004		
7.535000e+002	1.274630e+004		
7.534000e+002	1.277537e+004		
7.533000e+002	1.271527e+004		
7.532000e+002	1.268620e+004		
7.531000e+002	1.275677e+004		
7.530000e+002	1.275173e+004		
7.529000e+002	1.266340e+004		
7.528000e+002	1.270107e+004		
7.527000e+002	1.271207e+004		
7.526000e+002	1.287247e+004		
7.525000e+002	1.283257e+004		
7.524000e+002	1.274037e+004		
7.523000e+002	1.281267e+004		
7.522000e+002	1.284620e+004		
7.521000e+002	1.273420e+004		
7.520000e+002	1.279057e+004		
7.519000e+002	1.287813e+004		
7.518000e+002	1.283867e+004		
7.517000e+002	1.290883e+004		
7.516000e+002	1.291053e+004		
7.515000e+002	1.287303e+004		
7.514000e+002	1.287070e+004		
7.513000e+002	1.295237e+004		
7.512000e+002	1.293037e+004		
7.511000e+002	1.295020e+004		
7.510000e+002	1.301183e+004		
7.509000e+002	1.301697e+004		
7.508000e+002	1.309407e+004		
7.507000e+002	1.293937e+004		
7.506000e+002	1.302830e+004		
7.505000e+002	1.297863e+004		
7.504000e+002	1.306307e+004		
7.503000e+002	1.294590e+004		
7.502000e+002	1.295323e+004		
7.501000e+002	1.291553e+004		
7.500000e+002	1.282080e+004		
7.499000e+002	1.276220e+004		
7.498000e+002	1.276843e+004		
7.497000e+002	1.266447e+004		
7.496000e+002	1.267000e+004		
7.495000e+002	1.270520e+004		
7.494000e+002	1.251340e+004		
7.493000e+002	1.250943e+004		
7.492000e+002	1.255527e+004		
7.491000e+002	1.241257e+004		
7.490000e+002	1.246197e+004		
7.489000e+002	1.246053e+004		
7.488000e+002	1.247340e+004		
7.487000e+002	1.233900e+004		
7.486000e+002	1.233127e+004		
7.485000e+002	1.231357e+004		
7.484000e+002	1.225457e+004		
7.483000e+002	1.227387e+004		
7.482000e+002	1.227357e+004		
7.481000e+002	1.219430e+004		
7.480000e+002	1.229403e+004		
7.479000e+002	1.232153e+004		
7.478000e+002	1.229417e+004		
7.477000e+002	1.226140e+004		
7.476000e+002	1.224630e+004		
7.475000e+002	1.219410e+004		
7.474000e+002	1.218077e+004		
7.473000e+002	1.227637e+004		
7.472000e+002	1.221757e+004		
7.471000e+002	1.217293e+004		
7.470000e+002	1.221733e+004		
7.469000e+002	1.225347e+004		
7.468000e+002	1.223893e+004		
7.467000e+002	1.216980e+004		
7.466000e+002	1.217767e+004		
7.465000e+002	1.223703e+004		
7.464000e+002	1.215557e+004		
7.463000e+002	1.214267e+004		
7.462000e+002	1.206547e+004		
7.461000e+002	1.211050e+004		
7.460000e+002	1.214663e+004		
7.459000e+002	1.214183e+004		
7.458000e+002	1.216067e+004		
7.457000e+002	1.211017e+004		
7.456000e+002	1.220273e+004		
7.455000e+002	1.221880e+004		
7.454000e+002	1.211987e+004		
7.453000e+002	1.223997e+004		
7.452000e+002	1.223567e+004		
7.451000e+002	1.216273e+004		
7.450000e+002	1.201223e+004		
7.449000e+002	1.214273e+004		
7.448000e+002	1.217037e+004		
7.447000e+002	1.216740e+004		
7.446000e+002	1.211173e+004		
7.445000e+002	1.210813e+004		
7.444000e+002	1.212523e+004		
7.443000e+002	1.225550e+004		
7.442000e+002	1.218373e+004		
7.441000e+002	1.216617e+004		
7.440000e+002	1.209180e+004		
7.439000e+002	1.212103e+004		
7.438000e+002	1.216810e+004		
7.437000e+002	1.227457e+004		
7.436000e+002	1.225380e+004		
7.435000e+002	1.213357e+004		
7.434000e+002	1.219183e+004		
7.433000e+002	1.210853e+004		
7.432000e+002	1.195620e+004		
7.431000e+002	1.214790e+004		
7.430000e+002	1.215397e+004		
7.429000e+002	1.218953e+004		
7.428000e+002	1.225987e+004		
7.427000e+002	1.214080e+004		
7.426000e+002	1.212207e+004		
7.425000e+002	1.209360e+004		
7.424000e+002	1.211293e+004		
7.423000e+002	1.217333e+004		
7.422000e+002	1.216630e+004		
7.421000e+002	1.216950e+004		
7.420000e+002	1.223190e+004		
7.419000e+002	1.217417e+004		
7.418000e+002	1.222210e+004		
7.417000e+002	1.213183e+004		
7.416000e+002	1.222630e+004		
7.415000e+002	1.219257e+004		
7.414000e+002	1.229493e+004		
7.413000e+002	1.219480e+004		
7.412000e+002	1.221370e+004		
7.411000e+002	1.224030e+004		
7.410000e+002	1.223050e+004		
7.409000e+002	1.234400e+004		
7.408000e+002	1.229833e+004		
7.407000e+002	1.228787e+004		
7.406000e+002	1.229673e+004		
7.405000e+002	1.221790e+004		
7.404000e+002	1.231347e+004		
7.403000e+002	1.224453e+004		
7.402000e+002	1.234333e+004		
7.401000e+002	1.235007e+004		
7.400000e+002	1.227073e+004		
7.399000e+002	1.237817e+004		
7.398000e+002	1.243660e+004		
7.397000e+002	1.239883e+004		
7.396000e+002	1.235540e+004		
7.395000e+002	1.241097e+004		
7.394000e+002	1.240183e+004		
7.393000e+002	1.238697e+004		
7.392000e+002	1.241067e+004		
7.391000e+002	1.242220e+004		
7.390000e+002	1.228397e+004		
7.389000e+002	1.232960e+004		
7.388000e+002	1.242573e+004		
7.387000e+002	1.243270e+004		
7.386000e+002	1.238807e+004		
7.385000e+002	1.243193e+004		
7.384000e+002	1.245157e+004		
7.383000e+002	1.243250e+004		
7.382000e+002	1.250693e+004		
7.381000e+002	1.244893e+004		
7.380000e+002	1.238260e+004		
7.379000e+002	1.243007e+004		
7.378000e+002	1.254140e+004		
7.377000e+002	1.252077e+004		
7.376000e+002	1.251480e+004		
7.375000e+002	1.240737e+004		
7.374000e+002	1.250587e+004		
7.373000e+002	1.252633e+004		
7.372000e+002	1.248557e+004		
7.371000e+002	1.251390e+004		
7.370000e+002	1.262877e+004		
7.369000e+002	1.254103e+004		
7.368000e+002	1.255853e+004		
7.367000e+002	1.256693e+004		
7.366000e+002	1.262133e+004		
7.365000e+002	1.266530e+004		
7.364000e+002	1.261277e+004		
7.363000e+002	1.262307e+004		
7.362000e+002	1.268453e+004		
7.361000e+002	1.268160e+004		
7.360000e+002	1.253847e+004		
7.359000e+002	1.264270e+004		
7.358000e+002	1.269250e+004		
7.357000e+002	1.268090e+004		
7.356000e+002	1.268200e+004		
7.355000e+002	1.273820e+004		
7.354000e+002	1.269067e+004		
7.353000e+002	1.267930e+004		
7.352000e+002	1.265630e+004		
7.351000e+002	1.263717e+004		
7.350000e+002	1.271840e+004		
7.349000e+002	1.276580e+004		
7.348000e+002	1.273417e+004		
7.347000e+002	1.278453e+004		
7.346000e+002	1.277247e+004		
7.345000e+002	1.275150e+004		
7.344000e+002	1.273777e+004		
7.343000e+002	1.279993e+004		
7.342000e+002	1.295717e+004		
7.341000e+002	1.295430e+004		
7.340000e+002	1.283803e+004		
7.339000e+002	1.281050e+004		
7.338000e+002	1.285897e+004		
7.337000e+002	1.283730e+004		
7.336000e+002	1.291407e+004		
7.335000e+002	1.288663e+004		
7.334000e+002	1.293623e+004		
7.333000e+002	1.295443e+004		
7.332000e+002	1.298073e+004		
7.331000e+002	1.300513e+004		
7.330000e+002	1.289227e+004		
7.329000e+002	1.283143e+004		
7.328000e+002	1.289890e+004		
7.327000e+002	1.293443e+004		
7.326000e+002	1.289987e+004		
7.325000e+002	1.299743e+004		
7.324000e+002	1.292307e+004		
7.323000e+002	1.300493e+004		
7.322000e+002	1.296980e+004		
7.321000e+002	1.292747e+004		
7.320000e+002	1.295140e+004		
7.319000e+002	1.298330e+004		
7.318000e+002	1.294830e+004		
7.317000e+002	1.304747e+004		
7.316000e+002	1.306933e+004		
7.315000e+002	1.301667e+004		
7.314000e+002	1.297133e+004		
7.313000e+002	1.291447e+004		
7.312000e+002	1.299653e+004		
7.311000e+002	1.307763e+004		
7.310000e+002	1.299160e+004		
7.309000e+002	1.298510e+004		
7.308000e+002	1.314353e+004		
7.307000e+002	1.300540e+004		
7.306000e+002	1.295200e+004		
7.305000e+002	1.316577e+004		
7.304000e+002	1.313913e+004		
7.303000e+002	1.312993e+004		
7.302000e+002	1.315510e+004		
7.301000e+002	1.309090e+004		
7.300000e+002	1.316520e+004		
7.299000e+002	1.317440e+004		
7.298000e+002	1.315387e+004		
7.297000e+002	1.321257e+004		
7.296000e+002	1.322800e+004		
7.295000e+002	1.319200e+004		
7.294000e+002	1.329600e+004		
7.293000e+002	1.325493e+004		
7.292000e+002	1.321720e+004		
7.291000e+002	1.314693e+004		
7.290000e+002	1.321003e+004		
7.289000e+002	1.325110e+004		
7.288000e+002	1.326533e+004		
7.287000e+002	1.329060e+004		
7.286000e+002	1.332317e+004		
7.285000e+002	1.341687e+004		
7.284000e+002	1.330357e+004		
7.283000e+002	1.331303e+004		
7.282000e+002	1.342123e+004		
7.281000e+002	1.339137e+004		
7.280000e+002	1.338553e+004		
7.279000e+002	1.347993e+004		
7.278000e+002	1.350607e+004		
7.277000e+002	1.339810e+004		
7.276000e+002	1.342330e+004		
7.275000e+002	1.342980e+004		
7.274000e+002	1.344157e+004		
7.273000e+002	1.358567e+004		
7.272000e+002	1.339403e+004		
7.271000e+002	1.345327e+004		
7.270000e+002	1.353303e+004		
7.269000e+002	1.356270e+004		
7.268000e+002	1.362337e+004		
7.267000e+002	1.365537e+004		
7.266000e+002	1.368187e+004		
7.265000e+002	1.369493e+004		
7.264000e+002	1.365220e+004		
7.263000e+002	1.352157e+004		
7.262000e+002	1.356160e+004		
7.261000e+002	1.365327e+004		
7.260000e+002	1.371817e+004		
7.259000e+002	1.356373e+004		
7.258000e+002	1.370290e+004		
7.257000e+002	1.373073e+004		
7.256000e+002	1.367037e+004		
7.255000e+002	1.370253e+004		
7.254000e+002	1.361667e+004		
7.253000e+002	1.369903e+004		
7.252000e+002	1.368670e+004		
7.251000e+002	1.374360e+004		
7.250000e+002	1.375733e+004		
7.249000e+002	1.384817e+004		
7.248000e+002	1.383033e+004		
7.247000e+002	1.375207e+004		
7.246000e+002	1.387627e+004		
7.245000e+002	1.381100e+004		
7.244000e+002	1.376087e+004		
7.243000e+002	1.385010e+004		
7.242000e+002	1.378777e+004		
7.241000e+002	1.382217e+004		
7.240000e+002	1.389153e+004		
7.239000e+002	1.393030e+004		
7.238000e+002	1.394753e+004		
7.237000e+002	1.398777e+004		
7.236000e+002	1.399977e+004		
7.235000e+002	1.401233e+004		
7.234000e+002	1.398797e+004		
7.233000e+002	1.392767e+004		
7.232000e+002	1.394307e+004		
7.231000e+002	1.396357e+004		
7.230000e+002	1.396157e+004		
7.229000e+002	1.395283e+004		
7.228000e+002	1.398027e+004		
7.227000e+002	1.403160e+004		
7.226000e+002	1.402143e+004		
7.225000e+002	1.399897e+004		
7.224000e+002	1.408870e+004		
7.223000e+002	1.417070e+004		
7.222000e+002	1.408217e+004		
7.221000e+002	1.408753e+004		
7.220000e+002	1.410923e+004		
7.219000e+002	1.422920e+004		
7.218000e+002	1.418503e+004		
7.217000e+002	1.406150e+004		
7.216000e+002	1.415713e+004		
7.215000e+002	1.419370e+004		
7.214000e+002	1.424413e+004		
7.213000e+002	1.427990e+004		
7.212000e+002	1.424267e+004		
7.211000e+002	1.431470e+004		
7.210000e+002	1.440413e+004		
7.209000e+002	1.433107e+004		
7.208000e+002	1.437957e+004		
7.207000e+002	1.433430e+004		
7.206000e+002	1.435247e+004		
7.205000e+002	1.467407e+004		
7.204000e+002	1.465910e+004		
7.203000e+002	1.463710e+004		
7.202000e+002	1.454347e+004		
7.201000e+002	1.462473e+004		
7.200000e+002	1.470750e+004		
7.199000e+002	1.472940e+004		
7.198000e+002	1.489177e+004		
7.197000e+002	1.483947e+004		
7.196000e+002	1.486617e+004		
7.195000e+002	1.485857e+004		
7.194000e+002	1.478640e+004		
7.193000e+002	1.497857e+004		
7.192000e+002	1.501923e+004		
7.191000e+002	1.497850e+004		
7.190000e+002	1.497467e+004		
7.189000e+002	1.503690e+004		
7.188000e+002	1.515617e+004		
7.187000e+002	1.515367e+004		
7.186000e+002	1.518087e+004		
7.185000e+002	1.521007e+004		
7.184000e+002	1.526977e+004		
7.183000e+002	1.517667e+004		
7.182000e+002	1.526940e+004		
7.181000e+002	1.527213e+004		
7.180000e+002	1.532047e+004		
7.179000e+002	1.535057e+004		
7.178000e+002	1.517293e+004		
7.177000e+002	1.535847e+004		
7.176000e+002	1.538823e+004		
7.175000e+002	1.538080e+004		
7.174000e+002	1.534403e+004		
7.173000e+002	1.548397e+004		
7.172000e+002	1.546697e+004		
7.171000e+002	1.558910e+004		
7.170000e+002	1.566920e+004		
7.169000e+002	1.562717e+004		
7.168000e+002	1.557773e+004		
7.167000e+002	1.547483e+004		
7.166000e+002	1.555333e+004		
7.165000e+002	1.559733e+004		
7.164000e+002	1.554173e+004		
7.163000e+002	1.571920e+004		
7.162000e+002	1.571653e+004		
7.161000e+002	1.578057e+004		
7.160000e+002	1.587503e+004		
7.159000e+002	1.583457e+004		
7.158000e+002	1.596133e+004		
7.157000e+002	1.608687e+004		
7.156000e+002	1.596270e+004		
7.155000e+002	1.610767e+004		
7.154000e+002	1.614483e+004		
7.153000e+002	1.614630e+004		
7.152000e+002	1.623540e+004		
7.151000e+002	1.638043e+004		
7.150000e+002	1.645250e+004		
7.149000e+002	1.647580e+004		
7.148000e+002	1.652920e+004		
7.147000e+002	1.672963e+004		
7.146000e+002	1.671673e+004		
7.145000e+002	1.699620e+004		
7.144000e+002	1.701210e+004		
7.143000e+002	1.709593e+004		
7.142000e+002	1.724160e+004		
7.141000e+002	1.736600e+004		
7.140000e+002	1.747290e+004		
7.139000e+002	1.774653e+004		
7.138000e+002	1.792313e+004		
7.137000e+002	1.808417e+004		
7.136000e+002	1.825257e+004		
7.135000e+002	1.834767e+004		
7.134000e+002	1.863863e+004		
7.133000e+002	1.894363e+004		
7.132000e+002	1.910337e+004		
7.131000e+002	1.924687e+004		
7.130000e+002	1.943130e+004		
7.129000e+002	1.956760e+004		
7.128000e+002	1.981190e+004		
7.127000e+002	1.988007e+004		
7.126000e+002	2.022470e+004		
7.125000e+002	2.032370e+004		
7.124000e+002	2.045503e+004		
7.123000e+002	2.058963e+004		
7.122000e+002	2.070123e+004		
7.121000e+002	2.070577e+004		
7.120000e+002	2.056813e+004		
7.119000e+002	2.048307e+004		
7.118000e+002	2.039243e+004		
7.117000e+002	2.029170e+004		
7.116000e+002	2.011633e+004		
7.115000e+002	1.992983e+004		
7.114000e+002	1.982093e+004		
7.113000e+002	1.952393e+004		
7.112000e+002	1.921557e+004		
7.111000e+002	1.887343e+004		
7.110000e+002	1.871383e+004		
7.109000e+002	1.845660e+004		
7.108000e+002	1.814157e+004		
7.107000e+002	1.786280e+004		
7.106000e+002	1.759593e+004		
7.105000e+002	1.728223e+004		
7.104000e+002	1.705673e+004		
7.103000e+002	1.698130e+004		
7.102000e+002	1.667123e+004		
7.101000e+002	1.658663e+004		
7.100000e+002	1.640443e+004		
7.099000e+002	1.619797e+004		
7.098000e+002	1.598543e+004		
7.097000e+002	1.581677e+004		
7.096000e+002	1.572083e+004		
7.095000e+002	1.562277e+004		
7.094000e+002	1.562813e+004		
7.093000e+002	1.555103e+004		
7.092000e+002	1.530770e+004		
7.091000e+002	1.518593e+004		
7.090000e+002	1.512740e+004		
7.089000e+002	1.510913e+004		
7.088000e+002	1.513187e+004		
7.087000e+002	1.504330e+004		
7.086000e+002	1.491030e+004		
7.085000e+002	1.491283e+004		
7.084000e+002	1.490153e+004		
7.083000e+002	1.490837e+004		
7.082000e+002	1.489227e+004		
7.081000e+002	1.493210e+004		
7.080000e+002	1.479970e+004		
7.079000e+002	1.480503e+004		
7.078000e+002	1.490987e+004		
7.077000e+002	1.496077e+004		
7.076000e+002	1.492123e+004		
7.075000e+002	1.502933e+004		
7.074000e+002	1.497207e+004		
7.073000e+002	1.512587e+004		
7.072000e+002	1.516937e+004		
7.071000e+002	1.515407e+004		
7.070000e+002	1.521487e+004		
7.069000e+002	1.533553e+004		
7.068000e+002	1.535043e+004		
7.067000e+002	1.540530e+004		
7.066000e+002	1.536103e+004		
7.065000e+002	1.549340e+004		
7.064000e+002	1.557220e+004		
7.063000e+002	1.576767e+004		
7.062000e+002	1.587073e+004		
7.061000e+002	1.590820e+004		
7.060000e+002	1.597947e+004		
7.059000e+002	1.594003e+004		
7.058000e+002	1.598180e+004		
7.057000e+002	1.603110e+004		
7.056000e+002	1.611257e+004		
7.055000e+002	1.612057e+004		
7.054000e+002	1.602740e+004		
7.053000e+002	1.608267e+004		
7.052000e+002	1.614980e+004		
7.051000e+002	1.607797e+004		
7.050000e+002	1.607247e+004		
7.049000e+002	1.599693e+004		
7.048000e+002	1.586860e+004		
7.047000e+002	1.576510e+004		
7.046000e+002	1.569430e+004		
7.045000e+002	1.549390e+004		
7.044000e+002	1.536717e+004		
7.043000e+002	1.527903e+004		
7.042000e+002	1.507460e+004		
7.041000e+002	1.493720e+004		
7.040000e+002	1.473887e+004		
7.039000e+002	1.472620e+004		
7.038000e+002	1.450583e+004		
7.037000e+002	1.432470e+004		
7.036000e+002	1.425010e+004		
7.035000e+002	1.399100e+004		
7.034000e+002	1.389963e+004		
7.033000e+002	1.377190e+004		
7.032000e+002	1.379983e+004		
7.031000e+002	1.356803e+004		
7.030000e+002	1.344150e+004		
7.029000e+002	1.336657e+004		
7.028000e+002	1.323437e+004		
7.027000e+002	1.330723e+004		
7.026000e+002	1.307367e+004		
7.025000e+002	1.299410e+004		
7.024000e+002	1.292147e+004		
7.023000e+002	1.271537e+004		
7.022000e+002	1.263770e+004		
7.021000e+002	1.262830e+004		
7.020000e+002	1.245860e+004		
7.019000e+002	1.235893e+004		
7.018000e+002	1.236903e+004		
7.017000e+002	1.228317e+004		
7.016000e+002	1.220523e+004		
7.015000e+002	1.198727e+004		
7.014000e+002	1.207037e+004		
7.013000e+002	1.193483e+004		
7.012000e+002	1.174983e+004		
7.011000e+002	1.171807e+004		
7.010000e+002	1.164233e+004		
7.009000e+002	1.160900e+004		
7.008000e+002	1.142627e+004		
7.007000e+002	1.144100e+004		
7.006000e+002	1.131440e+004		
7.005000e+002	1.114913e+004		
7.004000e+002	1.101187e+004		
7.003000e+002	1.090970e+004		
7.002000e+002	1.084910e+004		
7.001000e+002	1.081583e+004		
7.000000e+002	1.050863e+004		
6.999000e+002	1.048040e+004		
6.998000e+002	1.037313e+004		
6.997000e+002	1.025097e+004		
6.996000e+002	1.026750e+004		
6.995000e+002	1.013263e+004		
6.994000e+002	1.005283e+004		
6.993000e+002	9.874733e+003		
6.992000e+002	9.909500e+003		
6.991000e+002	9.842667e+003		
6.990000e+002	9.847533e+003		
6.989000e+002	9.826467e+003		
6.988000e+002	9.731433e+003		
6.987000e+002	9.615833e+003		
6.986000e+002	9.634967e+003		
6.985000e+002	9.560167e+003		
6.984000e+002	9.552900e+003		
6.983000e+002	9.514700e+003		
6.982000e+002	9.495000e+003		
6.981000e+002	9.437233e+003		
6.980000e+002	9.406500e+003		
6.979000e+002	9.336233e+003		
6.978000e+002	9.428200e+003		
6.977000e+002	9.331933e+003		
6.976000e+002	9.409467e+003		
6.975000e+002	9.325267e+003		
6.974000e+002	9.368967e+003		
6.973000e+002	9.286267e+003		
6.972000e+002	9.359467e+003		
6.971000e+002	9.368700e+003		
6.970000e+002	9.389500e+003		
6.969000e+002	9.241900e+003		
6.968000e+002	9.244267e+003		
6.967000e+002	9.291200e+003		
6.966000e+002	9.258867e+003		
6.965000e+002	9.265067e+003		
6.964000e+002	9.328867e+003		
6.963000e+002	9.337333e+003		
6.962000e+002	9.403500e+003		
6.961000e+002	9.443367e+003		
6.960000e+002	9.406700e+003		
6.959000e+002	9.404667e+003		
6.958000e+002	9.381967e+003		
6.957000e+002	9.377267e+003		
6.956000e+002	9.459433e+003		
6.955000e+002	9.424200e+003		
6.954000e+002	9.410800e+003		
6.953000e+002	9.463633e+003		
6.952000e+002	9.330200e+003		
6.951000e+002	9.277100e+003		
6.950000e+002	9.245933e+003		
6.949000e+002	9.191500e+003		
6.948000e+002	9.317500e+003		
6.947000e+002	9.251767e+003		
6.946000e+002	9.275767e+003		
6.945000e+002	9.268600e+003		
6.944000e+002	9.265067e+003		
6.943000e+002	9.124333e+003		
6.942000e+002	9.173567e+003		
6.941000e+002	9.063400e+003		
6.940000e+002	9.096833e+003		
6.939000e+002	9.021000e+003		
6.938000e+002	8.977867e+003		
6.937000e+002	8.923367e+003		
6.936000e+002	8.936200e+003		
6.935000e+002	8.836167e+003		
6.934000e+002	8.797633e+003		
6.933000e+002	8.668633e+003		
6.932000e+002	8.711400e+003		
6.931000e+002	8.731000e+003		
6.930000e+002	8.676433e+003		
6.929000e+002	8.647000e+003		
6.928000e+002	8.537333e+003		
6.927000e+002	8.628033e+003		
6.926000e+002	8.504267e+003		
6.925000e+002	8.514200e+003		
6.924000e+002	8.498967e+003		
6.923000e+002	8.477733e+003		
6.922000e+002	8.420767e+003		
6.921000e+002	8.411100e+003		
6.920000e+002	8.376400e+003		
6.919000e+002	8.340767e+003		
6.918000e+002	8.348467e+003		
6.917000e+002	8.384167e+003		
6.916000e+002	8.420933e+003		
6.915000e+002	8.390067e+003		
6.914000e+002	8.287800e+003		
6.913000e+002	8.286133e+003		
6.912000e+002	8.337400e+003		
6.911000e+002	8.351933e+003		
6.910000e+002	8.293433e+003		
6.909000e+002	8.195867e+003		
6.908000e+002	8.293833e+003		
6.907000e+002	8.245900e+003		
6.906000e+002	8.170067e+003		
6.905000e+002	8.166767e+003		
6.904000e+002	8.303933e+003		
6.903000e+002	8.281000e+003		
6.902000e+002	8.231167e+003		
6.901000e+002	8.232800e+003		
6.900000e+002	8.247767e+003		
6.899000e+002	8.260567e+003		
6.898000e+002	8.229367e+003		
6.897000e+002	8.251467e+003		
6.896000e+002	8.179000e+003		
6.895000e+002	8.182800e+003		
6.894000e+002	8.184067e+003		
6.893000e+002	8.164500e+003		
6.892000e+002	8.209033e+003		
6.891000e+002	8.240033e+003		
6.890000e+002	8.229000e+003		
6.889000e+002	8.247933e+003		
6.888000e+002	8.154967e+003		
6.887000e+002	8.080933e+003		
6.886000e+002	8.117600e+003		
6.885000e+002	8.204100e+003		
6.884000e+002	8.108167e+003		
6.883000e+002	8.168700e+003		
6.882000e+002	8.104000e+003		
6.881000e+002	8.160133e+003		
6.880000e+002	8.150000e+003		
6.879000e+002	8.166333e+003		
6.878000e+002	8.166067e+003		
6.877000e+002	8.057867e+003		
6.876000e+002	8.133167e+003		
6.875000e+002	8.143133e+003		
6.874000e+002	8.055900e+003		
6.873000e+002	8.018900e+003		
6.872000e+002	8.015533e+003		
6.871000e+002	7.973100e+003		
6.870000e+002	8.023633e+003		
6.869000e+002	7.928133e+003		
6.868000e+002	7.982767e+003		
6.867000e+002	7.971867e+003		
6.866000e+002	7.833867e+003		
6.865000e+002	7.912100e+003		
6.864000e+002	7.939133e+003		
6.863000e+002	7.923267e+003		
6.862000e+002	7.891700e+003		
6.861000e+002	7.936233e+003		
6.860000e+002	7.867733e+003		
6.859000e+002	7.842467e+003		
6.858000e+002	7.860333e+003		
6.857000e+002	7.957067e+003		
6.856000e+002	7.844500e+003		
6.855000e+002	7.881600e+003		
6.854000e+002	7.884500e+003		
6.853000e+002	7.893333e+003		
6.852000e+002	7.865433e+003		
6.851000e+002	7.812733e+003		
6.850000e+002	7.766433e+003		