Ni2p Co metal
8.900000e+002	1.795835e+004		
8.899000e+002	1.800030e+004		
8.898000e+002	1.790745e+004		
8.897000e+002	1.795630e+004		
8.896000e+002	1.804955e+004		
8.895000e+002	1.805085e+004		
8.894000e+002	1.805175e+004		
8.893000e+002	1.806315e+004		
8.892000e+002	1.807220e+004		
8.891000e+002	1.802335e+004		
8.890000e+002	1.805660e+004		
8.889000e+002	1.798945e+004		
8.888000e+002	1.799425e+004		
8.887000e+002	1.808045e+004		
8.886000e+002	1.820450e+004		
8.885000e+002	1.812105e+004		
8.884000e+002	1.810765e+004		
8.883000e+002	1.813620e+004		
8.882000e+002	1.820945e+004		
8.881000e+002	1.814850e+004		
8.880000e+002	1.821915e+004		
8.879000e+002	1.824595e+004		
8.878000e+002	1.816425e+004		
8.877000e+002	1.824130e+004		
8.876000e+002	1.821540e+004		
8.875000e+002	1.833995e+004		
8.874000e+002	1.819835e+004		
8.873000e+002	1.826325e+004		
8.872000e+002	1.825575e+004		
8.871000e+002	1.817575e+004		
8.870000e+002	1.823940e+004		
8.869000e+002	1.824025e+004		
8.868000e+002	1.826595e+004		
8.867000e+002	1.837285e+004		
8.866000e+002	1.834450e+004		
8.865000e+002	1.825460e+004		
8.864000e+002	1.830055e+004		
8.863000e+002	1.836170e+004		
8.862000e+002	1.834045e+004		
8.861000e+002	1.837460e+004		
8.860000e+002	1.844975e+004		
8.859000e+002	1.848685e+004		
8.858000e+002	1.841035e+004		
8.857000e+002	1.831475e+004		
8.856000e+002	1.841920e+004		
8.855000e+002	1.838990e+004		
8.854000e+002	1.843255e+004		
8.853000e+002	1.855820e+004		
8.852000e+002	1.838600e+004		
8.851000e+002	1.844540e+004		
8.850000e+002	1.856730e+004		
8.849000e+002	1.858490e+004		
8.848000e+002	1.849740e+004		
8.847000e+002	1.854330e+004		
8.846000e+002	1.853695e+004		
8.845000e+002	1.859970e+004		
8.844000e+002	1.851345e+004		
8.843000e+002	1.861760e+004		
8.842000e+002	1.858450e+004		
8.841000e+002	1.862045e+004		
8.840000e+002	1.854795e+004		
8.839000e+002	1.855745e+004		
8.838000e+002	1.855635e+004		
8.837000e+002	1.852660e+004		
8.836000e+002	1.860470e+004		
8.835000e+002	1.853050e+004		
8.834000e+002	1.855880e+004		
8.833000e+002	1.857580e+004		
8.832000e+002	1.866930e+004		
8.831000e+002	1.864430e+004		
8.830000e+002	1.855935e+004		
8.829000e+002	1.865280e+004		
8.828000e+002	1.874030e+004		
8.827000e+002	1.872460e+004		
8.826000e+002	1.863640e+004		
8.825000e+002	1.864360e+004		
8.824000e+002	1.870170e+004		
8.823000e+002	1.873570e+004		
8.822000e+002	1.875040e+004		
8.821000e+002	1.872025e+004		
8.820000e+002	1.878610e+004		
8.819000e+002	1.884605e+004		
8.818000e+002	1.874490e+004		
8.817000e+002	1.871775e+004		
8.816000e+002	1.876645e+004		
8.815000e+002	1.874710e+004		
8.814000e+002	1.884175e+004		
8.813000e+002	1.886695e+004		
8.812000e+002	1.882760e+004		
8.811000e+002	1.884340e+004		
8.810000e+002	1.878620e+004		
8.809000e+002	1.884995e+004		
8.808000e+002	1.878115e+004		
8.807000e+002	1.878090e+004		
8.806000e+002	1.885145e+004		
8.805000e+002	1.886440e+004		
8.804000e+002	1.878145e+004		
8.803000e+002	1.883955e+004		
8.802000e+002	1.894255e+004		
8.801000e+002	1.887775e+004		
8.800000e+002	1.883155e+004		
8.799000e+002	1.894195e+004		
8.798000e+002	1.895315e+004		
8.797000e+002	1.881275e+004		
8.796000e+002	1.876985e+004		
8.795000e+002	1.877795e+004		
8.794000e+002	1.878785e+004		
8.793000e+002	1.887425e+004		
8.792000e+002	1.886185e+004		
8.791000e+002	1.882290e+004		
8.790000e+002	1.870040e+004		
8.789000e+002	1.877820e+004		
8.788000e+002	1.879600e+004		
8.787000e+002	1.882285e+004		
8.786000e+002	1.888135e+004		
8.785000e+002	1.883475e+004		
8.784000e+002	1.880025e+004		
8.783000e+002	1.881370e+004		
8.782000e+002	1.871785e+004		
8.781000e+002	1.873130e+004		
8.780000e+002	1.875520e+004		
8.779000e+002	1.880900e+004		
8.778000e+002	1.876160e+004		
8.777000e+002	1.873405e+004		
8.776000e+002	1.872015e+004		
8.775000e+002	1.873615e+004		
8.774000e+002	1.867115e+004		
8.773000e+002	1.876950e+004		
8.772000e+002	1.870150e+004		
8.771000e+002	1.869960e+004		
8.770000e+002	1.878115e+004		
8.769000e+002	1.874665e+004		
8.768000e+002	1.864925e+004		
8.767000e+002	1.860800e+004		
8.766000e+002	1.876060e+004		
8.765000e+002	1.876830e+004		
8.764000e+002	1.867965e+004		
8.763000e+002	1.865335e+004		
8.762000e+002	1.872675e+004		
8.761000e+002	1.866950e+004		
8.760000e+002	1.868900e+004		
8.759000e+002	1.870200e+004		
8.758000e+002	1.869755e+004		
8.757000e+002	1.872270e+004		
8.756000e+002	1.871835e+004		
8.755000e+002	1.860975e+004		
8.754000e+002	1.865890e+004		
8.753000e+002	1.878770e+004		
8.752000e+002	1.875500e+004		
8.751000e+002	1.868785e+004		
8.750000e+002	1.866605e+004		
8.749000e+002	1.869565e+004		
8.748000e+002	1.884410e+004		
8.747000e+002	1.895305e+004		
8.746000e+002	1.889940e+004		
8.745000e+002	1.889865e+004		
8.744000e+002	1.880975e+004		
8.743000e+002	1.890260e+004		
8.742000e+002	1.890650e+004		
8.741000e+002	1.892765e+004		
8.740000e+002	1.879750e+004		
8.739000e+002	1.881445e+004		
8.738000e+002	1.880035e+004		
8.737000e+002	1.885905e+004		
8.736000e+002	1.890495e+004		
8.735000e+002	1.890790e+004		
8.734000e+002	1.898225e+004		
8.733000e+002	1.901960e+004		
8.732000e+002	1.901125e+004		
8.731000e+002	1.895630e+004		
8.730000e+002	1.888830e+004		
8.729000e+002	1.893430e+004		
8.728000e+002	1.891110e+004		
8.727000e+002	1.885645e+004		
8.726000e+002	1.893330e+004		
8.725000e+002	1.900005e+004		
8.724000e+002	1.909765e+004		
8.723000e+002	1.904525e+004		
8.722000e+002	1.907035e+004		
8.721000e+002	1.903930e+004		
8.720000e+002	1.909215e+004		
8.719000e+002	1.910865e+004		
8.718000e+002	1.906885e+004		
8.717000e+002	1.915880e+004		
8.716000e+002	1.919685e+004		
8.715000e+002	1.919050e+004		
8.714000e+002	1.924895e+004		
8.713000e+002	1.923505e+004		
8.712000e+002	1.926600e+004		
8.711000e+002	1.925350e+004		
8.710000e+002	1.932560e+004		
8.709000e+002	1.935760e+004		
8.708000e+002	1.948490e+004		
8.707000e+002	1.933545e+004		
8.706000e+002	1.941205e+004		
8.705000e+002	1.947380e+004		
8.704000e+002	1.947655e+004		
8.703000e+002	1.947660e+004		
8.702000e+002	1.946555e+004		
8.701000e+002	1.956970e+004		
8.700000e+002	1.955655e+004		
8.699000e+002	1.944825e+004		
8.698000e+002	1.944535e+004		
8.697000e+002	1.961185e+004		
8.696000e+002	1.958000e+004		
8.695000e+002	1.953900e+004		
8.694000e+002	1.965450e+004		
8.693000e+002	1.970590e+004		
8.692000e+002	1.965825e+004		
8.691000e+002	1.974265e+004		
8.690000e+002	1.978440e+004		
8.689000e+002	1.982015e+004		
8.688000e+002	1.989250e+004		
8.687000e+002	1.981835e+004		
8.686000e+002	1.983750e+004		
8.685000e+002	1.976030e+004		
8.684000e+002	1.985455e+004		
8.683000e+002	1.989275e+004		
8.682000e+002	1.981135e+004		
8.681000e+002	1.992100e+004		
8.680000e+002	1.994915e+004		
8.679000e+002	1.992805e+004		
8.678000e+002	1.992040e+004		
8.677000e+002	1.990720e+004		
8.676000e+002	1.975485e+004		
8.675000e+002	1.975130e+004		
8.674000e+002	1.980855e+004		
8.673000e+002	1.978155e+004		
8.672000e+002	1.980585e+004		
8.671000e+002	1.974755e+004		
8.670000e+002	1.970625e+004		
8.669000e+002	1.956010e+004		
8.668000e+002	1.958715e+004		
8.667000e+002	1.956430e+004		
8.666000e+002	1.952495e+004		
8.665000e+002	1.949805e+004		
8.664000e+002	1.945840e+004		
8.663000e+002	1.946980e+004		
8.662000e+002	1.949205e+004		
8.661000e+002	1.949450e+004		
8.660000e+002	1.944085e+004		
8.659000e+002	1.938315e+004		
8.658000e+002	1.926745e+004		
8.657000e+002	1.941080e+004		
8.656000e+002	1.939320e+004		
8.655000e+002	1.949040e+004		
8.654000e+002	1.939030e+004		
8.653000e+002	1.935510e+004		
8.652000e+002	1.943405e+004		
8.651000e+002	1.936185e+004		
8.650000e+002	1.928025e+004		
8.649000e+002	1.927190e+004		
8.648000e+002	1.923170e+004		
8.647000e+002	1.918195e+004		
8.646000e+002	1.924375e+004		
8.645000e+002	1.925950e+004		
8.644000e+002	1.920025e+004		
8.643000e+002	1.917680e+004		
8.642000e+002	1.920180e+004		
8.641000e+002	1.923950e+004		
8.640000e+002	1.924610e+004		
8.639000e+002	1.921525e+004		
8.638000e+002	1.931620e+004		
8.637000e+002	1.932100e+004		
8.636000e+002	1.928505e+004		
8.635000e+002	1.929450e+004		
8.634000e+002	1.928405e+004		
8.633000e+002	1.921515e+004		
8.632000e+002	1.923960e+004		
8.631000e+002	1.923510e+004		
8.630000e+002	1.924800e+004		
8.629000e+002	1.923355e+004		
8.628000e+002	1.932080e+004		
8.627000e+002	1.936710e+004		
8.626000e+002	1.937145e+004		
8.625000e+002	1.928260e+004		
8.624000e+002	1.925125e+004		
8.623000e+002	1.923460e+004		
8.622000e+002	1.931545e+004		
8.621000e+002	1.925420e+004		
8.620000e+002	1.923725e+004		
8.619000e+002	1.931005e+004		
8.618000e+002	1.929595e+004		
8.617000e+002	1.933615e+004		
8.616000e+002	1.928850e+004		
8.615000e+002	1.929515e+004		
8.614000e+002	1.942940e+004		
8.613000e+002	1.934635e+004		
8.612000e+002	1.936515e+004		
8.611000e+002	1.958850e+004		
8.610000e+002	1.948720e+004		
8.609000e+002	1.941450e+004		
8.608000e+002	1.939570e+004		
8.607000e+002	1.938320e+004		
8.606000e+002	1.941310e+004		
8.605000e+002	1.933835e+004		
8.604000e+002	1.939405e+004		
8.603000e+002	1.946085e+004		
8.602000e+002	1.939600e+004		
8.601000e+002	1.950620e+004		
8.600000e+002	1.949755e+004		
8.599000e+002	1.949475e+004		
8.598000e+002	1.948645e+004		
8.597000e+002	1.950235e+004		
8.596000e+002	1.953095e+004		
8.595000e+002	1.942280e+004		
8.594000e+002	1.945565e+004		
8.593000e+002	1.941005e+004		
8.592000e+002	1.944830e+004		
8.591000e+002	1.951170e+004		
8.590000e+002	1.943720e+004		
8.589000e+002	1.947015e+004		
8.588000e+002	1.946250e+004		
8.587000e+002	1.957640e+004		
8.586000e+002	1.955630e+004		
8.585000e+002	1.947930e+004		
8.584000e+002	1.957770e+004		
8.583000e+002	1.960980e+004		
8.582000e+002	1.961735e+004		
8.581000e+002	1.963260e+004		
8.580000e+002	1.961540e+004		
8.579000e+002	1.958650e+004		
8.578000e+002	1.957860e+004		
8.577000e+002	1.965265e+004		
8.576000e+002	1.975765e+004		
8.575000e+002	1.968125e+004		
8.574000e+002	1.959950e+004		
8.573000e+002	1.970735e+004		
8.572000e+002	1.975615e+004		
8.571000e+002	1.970075e+004		
8.570000e+002	1.966270e+004		
8.569000e+002	1.960530e+004		
8.568000e+002	1.966690e+004		
8.567000e+002	1.979520e+004		
8.566000e+002	1.979155e+004		
8.565000e+002	1.988070e+004		
8.564000e+002	1.987960e+004		
8.563000e+002	1.975600e+004		
8.562000e+002	1.986515e+004		
8.561000e+002	1.988995e+004		
8.560000e+002	1.986410e+004		
8.559000e+002	1.986745e+004		
8.558000e+002	1.982935e+004		
8.557000e+002	1.987290e+004		
8.556000e+002	1.984245e+004		
8.555000e+002	1.986210e+004		
8.554000e+002	1.996620e+004		
8.553000e+002	1.990390e+004		
8.552000e+002	1.982575e+004		
8.551000e+002	1.994255e+004		
8.550000e+002	1.990165e+004		
8.549000e+002	1.994545e+004		
8.548000e+002	1.996420e+004		
8.547000e+002	2.000390e+004		
8.546000e+002	2.009285e+004		
8.545000e+002	1.994245e+004		
8.544000e+002	2.001665e+004		
8.543000e+002	2.001545e+004		
8.542000e+002	2.000125e+004		
8.541000e+002	1.994055e+004		
8.540000e+002	2.008585e+004		
8.539000e+002	2.009150e+004		
8.538000e+002	2.001690e+004		
8.537000e+002	2.005010e+004		
8.536000e+002	2.003195e+004		
8.535000e+002	2.022960e+004		
8.534000e+002	2.006670e+004		
8.533000e+002	2.012085e+004		
8.532000e+002	2.013890e+004		
8.531000e+002	2.017030e+004		
8.530000e+002	2.008270e+004		
8.529000e+002	2.020155e+004		
8.528000e+002	2.020260e+004		
8.527000e+002	2.022440e+004		
8.526000e+002	2.010865e+004		
8.525000e+002	2.014675e+004		
8.524000e+002	2.015795e+004		
8.523000e+002	2.027890e+004		
8.522000e+002	2.016990e+004		
8.521000e+002	2.027260e+004		
8.520000e+002	2.033315e+004		
8.519000e+002	2.030020e+004		
8.518000e+002	2.031225e+004		
8.517000e+002	2.027335e+004		
8.516000e+002	2.022295e+004		
8.515000e+002	2.041925e+004		
8.514000e+002	2.040375e+004		
8.513000e+002	2.038460e+004		
8.512000e+002	2.045455e+004		
8.511000e+002	2.048945e+004		
8.510000e+002	2.050195e+004		
8.509000e+002	2.050155e+004		
8.508000e+002	2.048840e+004		
8.507000e+002	2.049665e+004		
8.506000e+002	2.048500e+004		
8.505000e+002	2.047200e+004		
8.504000e+002	2.056630e+004		
8.503000e+002	2.050125e+004		
8.502000e+002	2.059430e+004		
8.501000e+002	2.055695e+004		
8.500000e+002	2.055655e+004		
8.499000e+002	2.057665e+004		
8.498000e+002	2.056270e+004		
8.497000e+002	2.064125e+004		
8.496000e+002	2.073380e+004		
8.495000e+002	2.068525e+004		
8.494000e+002	2.075080e+004		
8.493000e+002	2.066425e+004		
8.492000e+002	2.075930e+004		
8.491000e+002	2.083115e+004		
8.490000e+002	2.084960e+004		
8.489000e+002	2.072060e+004		
8.488000e+002	2.079070e+004		
8.487000e+002	2.082570e+004		
8.486000e+002	2.084055e+004		
8.485000e+002	2.095075e+004		
8.484000e+002	2.099115e+004		
8.483000e+002	2.092970e+004		
8.482000e+002	2.096990e+004		
8.481000e+002	2.100250e+004		
8.480000e+002	2.094115e+004		
8.479000e+002	2.090820e+004		
8.478000e+002	2.094190e+004		
8.477000e+002	2.085455e+004		
8.476000e+002	2.098060e+004		
8.475000e+002	2.106010e+004		
8.474000e+002	2.106650e+004		
8.473000e+002	2.107845e+004		
8.472000e+002	2.109070e+004		
8.471000e+002	2.109945e+004		
8.470000e+002	2.117830e+004		
8.469000e+002	2.125600e+004		
8.468000e+002	2.118515e+004		
8.467000e+002	2.117340e+004		
8.466000e+002	2.116420e+004		
8.465000e+002	2.130215e+004		
8.464000e+002	2.134590e+004		
8.463000e+002	2.126975e+004		
8.462000e+002	2.128280e+004		
8.461000e+002	2.122650e+004		
8.460000e+002	2.134835e+004		
8.459000e+002	2.130990e+004		
8.458000e+002	2.135715e+004		
8.457000e+002	2.128795e+004		
8.456000e+002	2.129285e+004		
8.455000e+002	2.139170e+004		
8.454000e+002	2.131885e+004		
8.453000e+002	2.130160e+004		
8.452000e+002	2.137210e+004		
8.451000e+002	2.127510e+004		
8.450000e+002	2.144495e+004		
8.449000e+002	2.151540e+004		
8.448000e+002	2.155995e+004		
8.447000e+002	2.144145e+004		
8.446000e+002	2.144645e+004		
8.445000e+002	2.150655e+004		
8.444000e+002	2.152230e+004		
8.443000e+002	2.151430e+004		
8.442000e+002	2.158065e+004		
8.441000e+002	2.155685e+004		
8.440000e+002	2.153885e+004		
8.439000e+002	2.153735e+004		
8.438000e+002	2.171620e+004		
8.437000e+002	2.163110e+004		
8.436000e+002	2.162025e+004		
8.435000e+002	2.157655e+004		
8.434000e+002	2.164455e+004		
8.433000e+002	2.171030e+004		
8.432000e+002	2.179530e+004		
8.431000e+002	2.177270e+004		
8.430000e+002	2.178295e+004		
8.429000e+002	2.185960e+004		
8.428000e+002	2.189595e+004		
8.427000e+002	2.191575e+004		
8.426000e+002	2.190185e+004		
8.425000e+002	2.186340e+004		
8.424000e+002	2.207315e+004		
8.423000e+002	2.207310e+004		
8.422000e+002	2.198445e+004		
8.421000e+002	2.199025e+004		
8.420000e+002	2.196330e+004		
8.419000e+002	2.212140e+004		
8.418000e+002	2.211875e+004		
8.417000e+002	2.217795e+004		
8.416000e+002	2.215870e+004		
8.415000e+002	2.227260e+004		
8.414000e+002	2.222360e+004		
8.413000e+002	2.232085e+004		
8.412000e+002	2.231275e+004		
8.411000e+002	2.235225e+004		
8.410000e+002	2.235060e+004		
8.409000e+002	2.242565e+004		
8.408000e+002	2.248900e+004		
8.407000e+002	2.253630e+004		
8.406000e+002	2.263575e+004		
8.405000e+002	2.256910e+004		
8.404000e+002	2.253640e+004		
8.403000e+002	2.252525e+004		
8.402000e+002	2.262135e+004		
8.401000e+002	2.261170e+004		
8.400000e+002	2.263275e+004		