Ni2pCo2pFe2p Fe2O3
8.900000e+02 9.375267e+03
8.899000e+02 9.432200e+03
8.898000e+02 9.404467e+03
8.897000e+02 9.333300e+03
8.896000e+02 9.376700e+03
8.895000e+02 9.464100e+03
8.894000e+02 9.513333e+03
8.893000e+02 9.421900e+03
8.892000e+02 9.335700e+03
8.891000e+02 9.362267e+03
8.890000e+02 9.315233e+03
8.889000e+02 9.335600e+03
8.888000e+02 9.311167e+03
8.887000e+02 9.234600e+03
8.886000e+02 9.283633e+03
8.885000e+02 9.265967e+03
8.884000e+02 9.156900e+03
8.883000e+02 9.216800e+03
8.882000e+02 9.273867e+03
8.881000e+02 9.172533e+03
8.880000e+02 9.110500e+03
8.879000e+02 9.066767e+03
8.878000e+02 8.977200e+03
8.877000e+02 8.929600e+03
8.876000e+02 8.862333e+03
8.875000e+02 8.870733e+03
8.874000e+02 8.795233e+03
8.873000e+02 8.768767e+03
8.872000e+02 8.660067e+03
8.871000e+02 8.606800e+03
8.870000e+02 8.634867e+03
8.869000e+02 8.633867e+03
8.868000e+02 8.534100e+03
8.867000e+02 8.408633e+03
8.866000e+02 8.414800e+03
8.865000e+02 8.381200e+03
8.864000e+02 8.426100e+03
8.863000e+02 8.304567e+03
8.862000e+02 8.281467e+03
8.861000e+02 8.355033e+03
8.860000e+02 8.325833e+03
8.859000e+02 8.195967e+03
8.858000e+02 8.181233e+03
8.857000e+02 8.155133e+03
8.856000e+02 8.181267e+03
8.855000e+02 8.100267e+03
8.854000e+02 8.071367e+03
8.853000e+02 8.032633e+03
8.852000e+02 8.079433e+03
8.851000e+02 8.026767e+03
8.850000e+02 8.096100e+03
8.849000e+02 8.011800e+03
8.848000e+02 8.017033e+03
8.847000e+02 8.013033e+03
8.846000e+02 7.977533e+03
8.845000e+02 8.001200e+03
8.844000e+02 7.973300e+03
8.843000e+02 7.946067e+03
8.842000e+02 7.858233e+03
8.841000e+02 7.936567e+03
8.840000e+02 7.912433e+03
8.839000e+02 7.950667e+03
8.838000e+02 7.901133e+03
8.837000e+02 7.842300e+03
8.836000e+02 7.926767e+03
8.835000e+02 7.869800e+03
8.834000e+02 7.937500e+03
8.833000e+02 7.916433e+03
8.832000e+02 7.914600e+03
8.831000e+02 7.832900e+03
8.830000e+02 7.811300e+03
8.829000e+02 7.858600e+03
8.828000e+02 7.836567e+03
8.827000e+02 7.864433e+03
8.826000e+02 7.867800e+03
8.825000e+02 7.798600e+03
8.824000e+02 7.724033e+03
8.823000e+02 7.812433e+03
8.822000e+02 7.831633e+03
8.821000e+02 7.848300e+03
8.820000e+02 7.907100e+03
8.819000e+02 7.823633e+03
8.818000e+02 7.808900e+03
8.817000e+02 7.798367e+03
8.816000e+02 7.784567e+03
8.815000e+02 7.838967e+03
8.814000e+02 7.848400e+03
8.813000e+02 7.826967e+03
8.812000e+02 7.861600e+03
8.811000e+02 7.832267e+03
8.810000e+02 7.871767e+03
8.809000e+02 7.857167e+03
8.808000e+02 7.806633e+03
8.807000e+02 7.803833e+03
8.806000e+02 7.807633e+03
8.805000e+02 7.758833e+03
8.804000e+02 7.760633e+03
8.803000e+02 7.808600e+03
8.802000e+02 7.783400e+03
8.801000e+02 7.794967e+03
8.800000e+02 7.788533e+03
8.799000e+02 7.868100e+03
8.798000e+02 7.840867e+03
8.797000e+02 7.822433e+03
8.796000e+02 7.792200e+03
8.795000e+02 7.831567e+03
8.794000e+02 7.762733e+03
8.793000e+02 7.738667e+03
8.792000e+02 7.787133e+03
8.791000e+02 7.858800e+03
8.790000e+02 7.864833e+03
8.789000e+02 7.849000e+03
8.788000e+02 7.839067e+03
8.787000e+02 7.758333e+03
8.786000e+02 7.816500e+03
8.785000e+02 7.817467e+03
8.784000e+02 7.747100e+03
8.783000e+02 7.788800e+03
8.782000e+02 7.774033e+03
8.781000e+02 7.798733e+03
8.780000e+02 7.823367e+03
8.779000e+02 7.790033e+03
8.778000e+02 7.787100e+03
8.777000e+02 7.879367e+03
8.776000e+02 7.844500e+03
8.775000e+02 7.826967e+03
8.774000e+02 7.850433e+03
8.773000e+02 7.883333e+03
8.772000e+02 7.810767e+03
8.771000e+02 7.810933e+03
8.770000e+02 7.836000e+03
8.769000e+02 7.814833e+03
8.768000e+02 7.807900e+03
8.767000e+02 7.684400e+03
8.766000e+02 7.809433e+03
8.765000e+02 7.864233e+03
8.764000e+02 7.892000e+03
8.763000e+02 7.745900e+03
8.762000e+02 7.722333e+03
8.761000e+02 7.774600e+03
8.760000e+02 7.764833e+03
8.759000e+02 7.788467e+03
8.758000e+02 7.784967e+03
8.757000e+02 7.810733e+03
8.756000e+02 7.797833e+03
8.755000e+02 7.734867e+03
8.754000e+02 7.765867e+03
8.753000e+02 7.774000e+03
8.752000e+02 7.731267e+03
8.751000e+02 7.720233e+03
8.750000e+02 7.698033e+03
8.749000e+02 7.675733e+03
8.748000e+02 7.738500e+03
8.747000e+02 7.713200e+03
8.746000e+02 7.739967e+03
8.745000e+02 7.692233e+03
8.744000e+02 7.726033e+03
8.743000e+02 7.689400e+03
8.742000e+02 7.771567e+03
8.741000e+02 7.691467e+03
8.740000e+02 7.664433e+03
8.739000e+02 7.629433e+03
8.738000e+02 7.615300e+03
8.737000e+02 7.637367e+03
8.736000e+02 7.626100e+03
8.735000e+02 7.698800e+03
8.734000e+02 7.690300e+03
8.733000e+02 7.628767e+03
8.732000e+02 7.610800e+03
8.731000e+02 7.662900e+03
8.730000e+02 7.574833e+03
8.729000e+02 7.679233e+03
8.728000e+02 7.638167e+03
8.727000e+02 7.649300e+03
8.726000e+02 7.650133e+03
8.725000e+02 7.624567e+03
8.724000e+02 7.617967e+03
8.723000e+02 7.674133e+03
8.722000e+02 7.659200e+03
8.721000e+02 7.703467e+03
8.720000e+02 7.623067e+03
8.719000e+02 7.694567e+03
8.718000e+02 7.583367e+03
8.717000e+02 7.590367e+03
8.716000e+02 7.579067e+03
8.715000e+02 7.631533e+03
8.714000e+02 7.666000e+03
8.713000e+02 7.628233e+03
8.712000e+02 7.648800e+03
8.711000e+02 7.608767e+03
8.710000e+02 7.679233e+03
8.709000e+02 7.677133e+03
8.708000e+02 7.668733e+03
8.707000e+02 7.665467e+03
8.706000e+02 7.676033e+03
8.705000e+02 7.736300e+03
8.704000e+02 7.693500e+03
8.703000e+02 7.648333e+03
8.702000e+02 7.728200e+03
8.701000e+02 7.673067e+03
8.700000e+02 7.709167e+03
8.699000e+02 7.698100e+03
8.698000e+02 7.684133e+03
8.697000e+02 7.670733e+03
8.696000e+02 7.671200e+03
8.695000e+02 7.651333e+03
8.694000e+02 7.631800e+03
8.693000e+02 7.668467e+03
8.692000e+02 7.672367e+03
8.691000e+02 7.711467e+03
8.690000e+02 7.755900e+03
8.689000e+02 7.716700e+03
8.688000e+02 7.727200e+03
8.687000e+02 7.724400e+03
8.686000e+02 7.771867e+03
8.685000e+02 7.783967e+03
8.684000e+02 7.682233e+03
8.683000e+02 7.702600e+03
8.682000e+02 7.778200e+03
8.681000e+02 7.764067e+03
8.680000e+02 7.674267e+03
8.679000e+02 7.655800e+03
8.678000e+02 7.705667e+03
8.677000e+02 7.696000e+03
8.676000e+02 7.622100e+03
8.675000e+02 7.695833e+03
8.674000e+02 7.686800e+03
8.673000e+02 7.706600e+03
8.672000e+02 7.664833e+03
8.671000e+02 7.728900e+03
8.670000e+02 7.667267e+03
8.669000e+02 7.728933e+03
8.668000e+02 7.771900e+03
8.667000e+02 7.696500e+03
8.666000e+02 7.680233e+03
8.665000e+02 7.783867e+03
8.664000e+02 7.722767e+03
8.663000e+02 7.696200e+03
8.662000e+02 7.846700e+03
8.661000e+02 7.847633e+03
8.660000e+02 7.779633e+03
8.659000e+02 7.831700e+03
8.658000e+02 7.811433e+03
8.657000e+02 7.793800e+03
8.656000e+02 7.824533e+03
8.655000e+02 7.746267e+03
8.654000e+02 7.811467e+03
8.653000e+02 7.720967e+03
8.652000e+02 7.821700e+03
8.651000e+02 7.797867e+03
8.650000e+02 7.761867e+03
8.649000e+02 7.867533e+03
8.648000e+02 7.866633e+03
8.647000e+02 7.837033e+03
8.646000e+02 7.828067e+03
8.645000e+02 7.815700e+03
8.644000e+02 7.795300e+03
8.643000e+02 7.847033e+03
8.642000e+02 7.808133e+03
8.641000e+02 7.777533e+03
8.640000e+02 7.858767e+03
8.639000e+02 7.864133e+03
8.638000e+02 7.806167e+03
8.637000e+02 7.816733e+03
8.636000e+02 7.895533e+03
8.635000e+02 7.883567e+03
8.634000e+02 7.860867e+03
8.633000e+02 7.827133e+03
8.632000e+02 7.915600e+03
8.631000e+02 7.894800e+03
8.630000e+02 7.866233e+03
8.629000e+02 7.969500e+03
8.628000e+02 7.948533e+03
8.627000e+02 7.875333e+03
8.626000e+02 7.921833e+03
8.625000e+02 7.895633e+03
8.624000e+02 7.899700e+03
8.623000e+02 7.910800e+03
8.622000e+02 7.952200e+03
8.621000e+02 7.969800e+03
8.620000e+02 7.946700e+03
8.619000e+02 7.968567e+03
8.618000e+02 7.908733e+03
8.617000e+02 7.989167e+03
8.616000e+02 8.006067e+03
8.615000e+02 8.028500e+03
8.614000e+02 8.021000e+03
8.613000e+02 8.035700e+03
8.612000e+02 8.017100e+03
8.611000e+02 8.048400e+03
8.610000e+02 8.029733e+03
8.609000e+02 8.021933e+03
8.608000e+02 7.979200e+03
8.607000e+02 7.970000e+03
8.606000e+02 7.980933e+03
8.605000e+02 7.987967e+03
8.604000e+02 7.974633e+03
8.603000e+02 8.054867e+03
8.602000e+02 8.065900e+03
8.601000e+02 8.115100e+03
8.600000e+02 8.104767e+03
8.599000e+02 8.046733e+03
8.598000e+02 8.113800e+03
8.597000e+02 8.154967e+03
8.596000e+02 8.119900e+03
8.595000e+02 8.086500e+03
8.594000e+02 8.096133e+03
8.593000e+02 8.092100e+03
8.592000e+02 8.053367e+03
8.591000e+02 8.101067e+03
8.590000e+02 8.093733e+03
8.589000e+02 8.207600e+03
8.588000e+02 8.179100e+03
8.587000e+02 8.177033e+03
8.586000e+02 8.114633e+03
8.585000e+02 8.181300e+03
8.584000e+02 8.136700e+03
8.583000e+02 8.305433e+03
8.582000e+02 8.201167e+03
8.581000e+02 8.151400e+03
8.580000e+02 8.173500e+03
8.579000e+02 8.174067e+03
8.578000e+02 8.222200e+03
8.577000e+02 8.173733e+03
8.576000e+02 8.173933e+03
8.575000e+02 8.282633e+03
8.574000e+02 8.280533e+03
8.573000e+02 8.265967e+03
8.572000e+02 8.320567e+03
8.571000e+02 8.181000e+03
8.570000e+02 8.295033e+03
8.569000e+02 8.269700e+03
8.568000e+02 8.291033e+03
8.567000e+02 8.294700e+03
8.566000e+02 8.297200e+03
8.565000e+02 8.362100e+03
8.564000e+02 8.303133e+03
8.563000e+02 8.349800e+03
8.562000e+02 8.420267e+03
8.561000e+02 8.363033e+03
8.560000e+02 8.238600e+03
8.559000e+02 8.330800e+03
8.558000e+02 8.368900e+03
8.557000e+02 8.337233e+03
8.556000e+02 8.357967e+03
8.555000e+02 8.324400e+03
8.554000e+02 8.437833e+03
8.553000e+02 8.475700e+03
8.552000e+02 8.385967e+03
8.551000e+02 8.311033e+03
8.550000e+02 8.378800e+03
8.549000e+02 8.427533e+03
8.548000e+02 8.408867e+03
8.547000e+02 8.474467e+03
8.546000e+02 8.511800e+03
8.545000e+02 8.439767e+03
8.544000e+02 8.439333e+03
8.543000e+02 8.371767e+03
8.542000e+02 8.463733e+03
8.541000e+02 8.464767e+03
8.540000e+02 8.505033e+03
8.539000e+02 8.497167e+03
8.538000e+02 8.488033e+03
8.537000e+02 8.533900e+03
8.536000e+02 8.510867e+03
8.535000e+02 8.531967e+03
8.534000e+02 8.631167e+03
8.533000e+02 8.585233e+03
8.532000e+02 8.522433e+03
8.531000e+02 8.483433e+03
8.530000e+02 8.549700e+03
8.529000e+02 8.605900e+03
8.528000e+02 8.616433e+03
8.527000e+02 8.637167e+03
8.526000e+02 8.649200e+03
8.525000e+02 8.591500e+03
8.524000e+02 8.588667e+03
8.523000e+02 8.569367e+03
8.522000e+02 8.650800e+03
8.521000e+02 8.645200e+03
8.520000e+02 8.662567e+03
8.519000e+02 8.627000e+03
8.518000e+02 8.642467e+03
8.517000e+02 8.524800e+03
8.516000e+02 8.569133e+03
8.515000e+02 8.651900e+03
8.514000e+02 8.660433e+03
8.513000e+02 8.579300e+03
8.512000e+02 8.650000e+03
8.511000e+02 8.731367e+03
8.510000e+02 8.706800e+03
8.509000e+02 8.629300e+03
8.508000e+02 8.658067e+03
8.507000e+02 8.778167e+03
8.506000e+02 8.692900e+03
8.505000e+02 8.700567e+03
8.504000e+02 8.723133e+03
8.503000e+02 8.683000e+03
8.502000e+02 8.689533e+03
8.501000e+02 8.669200e+03
8.500000e+02 8.687000e+03
8.499000e+02 8.674767e+03
8.498000e+02 8.703567e+03
8.497000e+02 8.696900e+03
8.496000e+02 8.706367e+03
8.495000e+02 8.797100e+03
8.494000e+02 8.851467e+03
8.493000e+02 8.715767e+03
8.492000e+02 8.838867e+03
8.491000e+02 8.906833e+03
8.490000e+02 8.850300e+03
8.489000e+02 8.840633e+03
8.488000e+02 8.786900e+03
8.487000e+02 8.768300e+03
8.486000e+02 8.761567e+03
8.485000e+02 8.791800e+03
8.484000e+02 8.800500e+03
8.483000e+02 8.767100e+03
8.482000e+02 8.852733e+03
8.481000e+02 8.848833e+03
8.480000e+02 8.917200e+03
8.479000e+02 8.897800e+03
8.478000e+02 8.794433e+03
8.477000e+02 8.790467e+03
8.476000e+02 8.824033e+03
8.475000e+02 8.867733e+03
8.474000e+02 8.799733e+03
8.473000e+02 8.939267e+03
8.472000e+02 8.881033e+03
8.471000e+02 8.850467e+03
8.470000e+02 8.816133e+03
8.469000e+02 8.940300e+03
8.468000e+02 8.832667e+03
8.467000e+02 8.833933e+03
8.466000e+02 8.852633e+03
8.465000e+02 8.855133e+03
8.464000e+02 8.888767e+03
8.463000e+02 8.873400e+03
8.462000e+02 8.918767e+03
8.461000e+02 8.857433e+03
8.460000e+02 8.812967e+03
8.459000e+02 8.864733e+03
8.458000e+02 8.774267e+03
8.457000e+02 8.768933e+03
8.456000e+02 8.756700e+03
8.455000e+02 8.853200e+03
8.454000e+02 8.815167e+03
8.453000e+02 8.777600e+03
8.452000e+02 8.772833e+03
8.451000e+02 8.769933e+03
8.450000e+02 8.739467e+03
8.449000e+02 8.695600e+03
8.448000e+02 8.708667e+03
8.447000e+02 8.666067e+03
8.446000e+02 8.777600e+03
8.445000e+02 8.805567e+03
8.444000e+02 8.767733e+03
8.443000e+02 8.799833e+03
8.442000e+02 8.706533e+03
8.441000e+02 8.710400e+03
8.440000e+02 8.693533e+03
8.439000e+02 8.642767e+03
8.438000e+02 8.795000e+03
8.437000e+02 8.773233e+03
8.436000e+02 8.698900e+03
8.435000e+02 8.672633e+03
8.434000e+02 8.691433e+03
8.433000e+02 8.712433e+03
8.432000e+02 8.764767e+03
8.431000e+02 8.718433e+03
8.430000e+02 8.637433e+03
8.429000e+02 8.654933e+03
8.428000e+02 8.697400e+03
8.427000e+02 8.615967e+03
8.426000e+02 8.658767e+03
8.425000e+02 8.656033e+03
8.424000e+02 8.691100e+03
8.423000e+02 8.721933e+03
8.422000e+02 8.670400e+03
8.421000e+02 8.697500e+03
8.420000e+02 8.651600e+03
8.419000e+02 8.656167e+03
8.418000e+02 8.731567e+03
8.417000e+02 8.681800e+03
8.416000e+02 8.591900e+03
8.415000e+02 8.664367e+03
8.414000e+02 8.591933e+03
8.413000e+02 8.594400e+03
8.412000e+02 8.607100e+03
8.411000e+02 8.608700e+03
8.410000e+02 8.701100e+03
8.409000e+02 8.586933e+03
8.408000e+02 8.526767e+03
8.407000e+02 8.547167e+03
8.406000e+02 8.559167e+03
8.405000e+02 8.512300e+03
8.404000e+02 8.484233e+03
8.403000e+02 8.509600e+03
8.402000e+02 8.488733e+03
8.401000e+02 8.534767e+03
8.400000e+02 8.522533e+03
8.399000e+02 8.392967e+03
8.398000e+02 8.498567e+03
8.397000e+02 8.426667e+03
8.396000e+02 8.314400e+03
8.395000e+02 8.387367e+03
8.394000e+02 8.512033e+03
8.393000e+02 8.345800e+03
8.392000e+02 8.321933e+03
8.391000e+02 8.313767e+03
8.390000e+02 8.418633e+03
8.389000e+02 8.282767e+03
8.388000e+02 8.220500e+03
8.387000e+02 8.344400e+03
8.386000e+02 8.355867e+03
8.385000e+02 8.306133e+03
8.384000e+02 8.369233e+03
8.383000e+02 8.258733e+03
8.382000e+02 8.260700e+03
8.381000e+02 8.259833e+03
8.380000e+02 8.211800e+03
8.379000e+02 8.224567e+03
8.378000e+02 8.163333e+03
8.377000e+02 8.212667e+03
8.376000e+02 8.178467e+03
8.375000e+02 8.072633e+03
8.374000e+02 8.108833e+03
8.373000e+02 8.065267e+03
8.372000e+02 8.118333e+03
8.371000e+02 8.075333e+03
8.370000e+02 8.071767e+03
8.369000e+02 8.063567e+03
8.368000e+02 8.074400e+03
8.367000e+02 8.023133e+03
8.366000e+02 8.012233e+03
8.365000e+02 7.898100e+03
8.364000e+02 7.933267e+03
8.363000e+02 8.044233e+03
8.362000e+02 7.993967e+03
8.361000e+02 7.982833e+03
8.360000e+02 7.897667e+03
8.359000e+02 8.068200e+03
8.358000e+02 8.059967e+03
8.357000e+02 8.025733e+03
8.356000e+02 7.990867e+03
8.355000e+02 7.979400e+03
8.354000e+02 7.902600e+03
8.353000e+02 7.935600e+03
8.352000e+02 7.898967e+03
8.351000e+02 7.855667e+03
8.350000e+02 7.817867e+03
8.349000e+02 7.842667e+03
8.348000e+02 7.885433e+03
8.347000e+02 7.885667e+03
8.346000e+02 7.803267e+03
8.345000e+02 7.684200e+03
8.344000e+02 7.656533e+03
8.343000e+02 7.699833e+03
8.342000e+02 7.710900e+03
8.341000e+02 7.706133e+03
8.340000e+02 7.530500e+03
8.339000e+02 7.472267e+03
8.338000e+02 7.340800e+03
8.337000e+02 7.358267e+03
8.336000e+02 7.378500e+03
8.335000e+02 7.379600e+03
8.334000e+02 7.267767e+03
8.333000e+02 7.128200e+03
8.332000e+02 7.048233e+03
8.331000e+02 7.065300e+03
8.330000e+02 6.928200e+03
8.329000e+02 6.920000e+03
8.328000e+02 6.770633e+03
8.327000e+02 6.661700e+03
8.326000e+02 6.647033e+03
8.325000e+02 6.592900e+03
8.324000e+02 6.669200e+03
8.323000e+02 6.573367e+03
8.322000e+02 6.511700e+03
8.321000e+02 6.452400e+03
8.320000e+02 6.408067e+03
8.319000e+02 6.434067e+03
8.318000e+02 6.466533e+03
8.317000e+02 6.364733e+03
8.316000e+02 6.344400e+03
8.315000e+02 6.327300e+03
8.314000e+02 6.316200e+03
8.313000e+02 6.247367e+03
8.312000e+02 6.237233e+03
8.311000e+02 6.236833e+03
8.310000e+02 6.242367e+03
8.309000e+02 6.177400e+03
8.308000e+02 6.166500e+03
8.307000e+02 6.176100e+03
8.306000e+02 6.128233e+03
8.305000e+02 6.220000e+03
8.304000e+02 6.246267e+03
8.303000e+02 6.125700e+03
8.302000e+02 6.072900e+03
8.301000e+02 6.124633e+03
8.300000e+02 6.043033e+03
8.299000e+02 6.179467e+03
8.298000e+02 6.161933e+03
8.297000e+02 6.081433e+03
8.296000e+02 6.064167e+03
8.295000e+02 6.108467e+03
8.294000e+02 6.104400e+03
8.293000e+02 6.083533e+03
8.292000e+02 6.011800e+03
8.291000e+02 6.028733e+03
8.290000e+02 6.072500e+03
8.289000e+02 6.031833e+03
8.288000e+02 6.154133e+03
8.287000e+02 6.089867e+03
8.286000e+02 6.060800e+03
8.285000e+02 6.054867e+03
8.284000e+02 6.082900e+03
8.283000e+02 6.092600e+03
8.282000e+02 6.022833e+03
8.281000e+02 5.887400e+03
8.280000e+02 5.934867e+03
8.279000e+02 5.981600e+03
8.278000e+02 6.000767e+03
8.277000e+02 6.045000e+03
8.276000e+02 5.967300e+03
8.275000e+02 6.030167e+03
8.274000e+02 6.001900e+03
8.273000e+02 6.050900e+03
8.272000e+02 6.078967e+03
8.271000e+02 5.929700e+03
8.270000e+02 6.069767e+03
8.269000e+02 5.989100e+03
8.268000e+02 5.936600e+03
8.267000e+02 5.881900e+03
8.266000e+02 5.989600e+03
8.265000e+02 5.951600e+03
8.264000e+02 5.946000e+03
8.263000e+02 5.921600e+03
8.262000e+02 5.920900e+03
8.261000e+02 5.999567e+03
8.260000e+02 5.939667e+03
8.259000e+02 6.001600e+03
8.258000e+02 5.985867e+03
8.257000e+02 5.953400e+03
8.256000e+02 5.931367e+03
8.255000e+02 5.851600e+03
8.254000e+02 5.840333e+03
8.253000e+02 5.872300e+03
8.252000e+02 5.921033e+03
8.251000e+02 5.918900e+03
8.250000e+02 5.875733e+03
8.249000e+02 5.933333e+03
8.248000e+02 5.940100e+03
8.247000e+02 5.948567e+03
8.246000e+02 5.885467e+03
8.245000e+02 5.918667e+03
8.244000e+02 5.872100e+03
8.243000e+02 5.825700e+03
8.242000e+02 5.770167e+03
8.241000e+02 5.802033e+03
8.240000e+02 5.877767e+03
8.239000e+02 5.803700e+03
8.238000e+02 5.764567e+03
8.237000e+02 5.782833e+03
8.236000e+02 5.872400e+03
8.235000e+02 5.870100e+03
8.234000e+02 5.808200e+03
8.233000e+02 5.809100e+03
8.232000e+02 5.747067e+03
8.231000e+02 5.843267e+03
8.230000e+02 5.797600e+03
8.229000e+02 5.825733e+03
8.228000e+02 5.747100e+03
8.227000e+02 5.739433e+03
8.226000e+02 5.771700e+03
8.225000e+02 5.714067e+03
8.224000e+02 5.745200e+03
8.223000e+02 5.696867e+03
8.222000e+02 5.673200e+03
8.221000e+02 5.789833e+03
8.220000e+02 5.734867e+03
8.219000e+02 5.762567e+03
8.218000e+02 5.768500e+03
8.217000e+02 5.752867e+03
8.216000e+02 5.696400e+03
8.215000e+02 5.768867e+03
8.214000e+02 5.746967e+03
8.213000e+02 5.676633e+03
8.212000e+02 5.707167e+03
8.211000e+02 5.672900e+03
8.210000e+02 5.632100e+03
8.209000e+02 5.647833e+03
8.208000e+02 5.702933e+03
8.207000e+02 5.603033e+03
8.206000e+02 5.739733e+03
8.205000e+02 5.715833e+03
8.204000e+02 5.692167e+03
8.203000e+02 5.634433e+03
8.202000e+02 5.651600e+03
8.201000e+02 5.569800e+03
8.200000e+02 5.699967e+03
8.199000e+02 5.729133e+03
8.198000e+02 5.676967e+03
8.197000e+02 5.676233e+03
8.196000e+02 5.722800e+03
8.195000e+02 5.680333e+03
8.194000e+02 5.644400e+03
8.193000e+02 5.665767e+03
8.192000e+02 5.649233e+03
8.191000e+02 5.630167e+03
8.190000e+02 5.638233e+03
8.189000e+02 5.611100e+03
8.188000e+02 5.660433e+03
8.187000e+02 5.616733e+03
8.186000e+02 5.583333e+03
8.185000e+02 5.613467e+03
8.184000e+02 5.637133e+03
8.183000e+02 5.664433e+03
8.182000e+02 5.675433e+03
8.181000e+02 5.696433e+03
8.180000e+02 5.615567e+03
8.179000e+02 5.637100e+03
8.178000e+02 5.634133e+03
8.177000e+02 5.641000e+03
8.176000e+02 5.608100e+03
8.175000e+02 5.604900e+03
8.174000e+02 5.580900e+03
8.173000e+02 5.641733e+03
8.172000e+02 5.665867e+03
8.171000e+02 5.622767e+03
8.170000e+02 5.624333e+03
8.169000e+02 5.598733e+03
8.168000e+02 5.545767e+03
8.167000e+02 5.651633e+03
8.166000e+02 5.655100e+03
8.165000e+02 5.600167e+03
8.164000e+02 5.631867e+03
8.163000e+02 5.687567e+03
8.162000e+02 5.683067e+03
8.161000e+02 5.621433e+03
8.160000e+02 5.603133e+03
8.159000e+02 5.672267e+03
8.158000e+02 5.625333e+03
8.157000e+02 5.604567e+03
8.156000e+02 5.699133e+03
8.155000e+02 5.652967e+03
8.154000e+02 5.740800e+03
8.153000e+02 5.713500e+03
8.152000e+02 5.681933e+03
8.151000e+02 5.717833e+03
8.150000e+02 5.687033e+03
8.149000e+02 5.673433e+03
8.148000e+02 5.628867e+03
8.147000e+02 5.731033e+03
8.146000e+02 5.695067e+03
8.145000e+02 5.661800e+03
8.144000e+02 5.659000e+03
8.143000e+02 5.589600e+03
8.142000e+02 5.632167e+03
8.141000e+02 5.675000e+03
8.140000e+02 5.676967e+03
8.139000e+02 5.676933e+03
8.138000e+02 5.578333e+03
8.137000e+02 5.619000e+03
8.136000e+02 5.660933e+03
8.135000e+02 5.665000e+03
8.134000e+02 5.699233e+03
8.133000e+02 5.753167e+03
8.132000e+02 5.705167e+03
8.131000e+02 5.690233e+03
8.130000e+02 5.622133e+03
8.129000e+02 5.625700e+03
8.128000e+02 5.635300e+03
8.127000e+02 5.736267e+03
8.126000e+02 5.717133e+03
8.125000e+02 5.731467e+03
8.124000e+02 5.685067e+03
8.123000e+02 5.665467e+03
8.122000e+02 5.727100e+03
8.121000e+02 5.671933e+03
8.120000e+02 5.658167e+03
8.119000e+02 5.669567e+03
8.118000e+02 5.648033e+03
8.117000e+02 5.766167e+03
8.116000e+02 5.773333e+03
8.115000e+02 5.768100e+03
8.114000e+02 5.683800e+03
8.113000e+02 5.719700e+03
8.112000e+02 5.677700e+03
8.111000e+02 5.747467e+03
8.110000e+02 5.722000e+03
8.109000e+02 5.714400e+03
8.108000e+02 5.706133e+03
8.107000e+02 5.699133e+03
8.106000e+02 5.691267e+03
8.105000e+02 5.696267e+03
8.104000e+02 5.689600e+03
8.103000e+02 5.745967e+03
8.102000e+02 5.737233e+03
8.101000e+02 5.802233e+03
8.100000e+02 5.734000e+03
8.099000e+02 5.689733e+03
8.098000e+02 5.721733e+03
8.097000e+02 5.751800e+03
8.096000e+02 5.726533e+03
8.095000e+02 5.725767e+03
8.094000e+02 5.769933e+03
8.093000e+02 5.734033e+03
8.092000e+02 5.762200e+03
8.091000e+02 5.792833e+03
8.090000e+02 5.762733e+03
8.089000e+02 5.732267e+03
8.088000e+02 5.706767e+03
8.087000e+02 5.658133e+03
8.086000e+02 5.769400e+03
8.085000e+02 5.739500e+03
8.084000e+02 5.707633e+03
8.083000e+02 5.655033e+03
8.082000e+02 5.666533e+03
8.081000e+02 5.799733e+03
8.080000e+02 5.787233e+03
8.079000e+02 5.773533e+03
8.078000e+02 5.774600e+03
8.077000e+02 5.720867e+03
8.076000e+02 5.744267e+03
8.075000e+02 5.711767e+03
8.074000e+02 5.679867e+03
8.073000e+02 5.727100e+03
8.072000e+02 5.758733e+03
8.071000e+02 5.752633e+03
8.070000e+02 5.731367e+03
8.069000e+02 5.766367e+03
8.068000e+02 5.765233e+03
8.067000e+02 5.701833e+03
8.066000e+02 5.758200e+03
8.065000e+02 5.794167e+03
8.064000e+02 5.748800e+03
8.063000e+02 5.685600e+03
8.062000e+02 5.709467e+03
8.061000e+02 5.748333e+03
8.060000e+02 5.793933e+03
8.059000e+02 5.754967e+03
8.058000e+02 5.734000e+03
8.057000e+02 5.790200e+03
8.056000e+02 5.836700e+03
8.055000e+02 5.720733e+03
8.054000e+02 5.799233e+03
8.053000e+02 5.866433e+03
8.052000e+02 5.836933e+03
8.051000e+02 5.865367e+03
8.050000e+02 5.882300e+03
8.049000e+02 5.863900e+03
8.048000e+02 5.790667e+03
8.047000e+02 5.731467e+03
8.046000e+02 5.741633e+03
8.045000e+02 5.727533e+03
8.044000e+02 5.790800e+03
8.043000e+02 5.808100e+03
8.042000e+02 5.756533e+03
8.041000e+02 5.746767e+03
8.040000e+02 5.780700e+03
8.039000e+02 5.758933e+03
8.038000e+02 5.801800e+03
8.037000e+02 5.852433e+03
8.036000e+02 5.773033e+03
8.035000e+02 5.719167e+03
8.034000e+02 5.751567e+03
8.033000e+02 5.831800e+03
8.032000e+02 5.753067e+03
8.031000e+02 5.706500e+03
8.030000e+02 5.714500e+03
8.029000e+02 5.833333e+03
8.028000e+02 5.771500e+03
8.027000e+02 5.751500e+03
8.026000e+02 5.711400e+03
8.025000e+02 5.820067e+03
8.024000e+02 5.857000e+03
8.023000e+02 5.801033e+03
8.022000e+02 5.842167e+03
8.021000e+02 5.835400e+03
8.020000e+02 5.779933e+03
8.019000e+02 5.846967e+03
8.018000e+02 5.709500e+03
8.017000e+02 5.688900e+03
8.016000e+02 5.769833e+03
8.015000e+02 5.835167e+03
8.014000e+02 5.767533e+03
8.013000e+02 5.738067e+03
8.012000e+02 5.671700e+03
8.011000e+02 5.686700e+03
8.010000e+02 5.730867e+03
8.009000e+02 5.746700e+03
8.008000e+02 5.777633e+03
8.007000e+02 5.755400e+03
8.006000e+02 5.763567e+03
8.005000e+02 5.795167e+03
8.004000e+02 5.837300e+03
8.003000e+02 5.812700e+03
8.002000e+02 5.721400e+03
8.001000e+02 5.843267e+03
8.000000e+02 5.830700e+03
7.999000e+02 5.849633e+03
7.998000e+02 5.743667e+03
7.997000e+02 5.814467e+03
7.996000e+02 5.858000e+03
7.995000e+02 5.754333e+03
7.994000e+02 5.785900e+03
7.993000e+02 5.775100e+03
7.992000e+02 5.778500e+03
7.991000e+02 5.800967e+03
7.990000e+02 5.872900e+03
7.989000e+02 5.860633e+03
7.988000e+02 5.797633e+03
7.987000e+02 5.817000e+03
7.986000e+02 5.864900e+03
7.985000e+02 5.863033e+03
7.984000e+02 5.869500e+03
7.983000e+02 5.847000e+03
7.982000e+02 5.719067e+03
7.981000e+02 5.865667e+03
7.980000e+02 5.944933e+03
7.979000e+02 5.869267e+03
7.978000e+02 5.807667e+03
7.977000e+02 5.810333e+03
7.976000e+02 5.866100e+03
7.975000e+02 5.840500e+03
7.974000e+02 5.864267e+03
7.973000e+02 5.745200e+03
7.972000e+02 5.814000e+03
7.971000e+02 5.917967e+03
7.970000e+02 5.928900e+03
7.969000e+02 5.888667e+03
7.968000e+02 5.931200e+03
7.967000e+02 5.863900e+03
7.966000e+02 5.944833e+03
7.965000e+02 5.966200e+03
7.964000e+02 5.956333e+03
7.963000e+02 5.967200e+03
7.962000e+02 5.956400e+03
7.961000e+02 5.927367e+03
7.960000e+02 5.970367e+03
7.959000e+02 5.968867e+03
7.958000e+02 5.998267e+03
7.957000e+02 5.970967e+03
7.956000e+02 6.048900e+03
7.955000e+02 5.981333e+03
7.954000e+02 6.000633e+03
7.953000e+02 5.959833e+03
7.952000e+02 5.982967e+03
7.951000e+02 6.047867e+03
7.950000e+02 5.991600e+03
7.949000e+02 6.050667e+03
7.948000e+02 6.032467e+03
7.947000e+02 6.091400e+03
7.946000e+02 6.059333e+03
7.945000e+02 6.096400e+03
7.944000e+02 6.012933e+03
7.943000e+02 6.094633e+03
7.942000e+02 6.058733e+03
7.941000e+02 6.042300e+03
7.940000e+02 6.102033e+03
7.939000e+02 6.150733e+03
7.938000e+02 6.208300e+03
7.937000e+02 6.122100e+03
7.936000e+02 6.198700e+03
7.935000e+02 6.149233e+03
7.934000e+02 6.187400e+03
7.933000e+02 6.178333e+03
7.932000e+02 6.231467e+03
7.931000e+02 6.255867e+03
7.930000e+02 6.239833e+03
7.929000e+02 6.203533e+03
7.928000e+02 6.204800e+03
7.927000e+02 6.317167e+03
7.926000e+02 6.344467e+03
7.925000e+02 6.356200e+03
7.924000e+02 6.297867e+03
7.923000e+02 6.272900e+03
7.922000e+02 6.291933e+03
7.921000e+02 6.316967e+03
7.920000e+02 6.357500e+03
7.919000e+02 6.415167e+03
7.918000e+02 6.513400e+03
7.917000e+02 6.479600e+03
7.916000e+02 6.403433e+03
7.915000e+02 6.353500e+03
7.914000e+02 6.398467e+03
7.913000e+02 6.423100e+03
7.912000e+02 6.557833e+03
7.911000e+02 6.589867e+03
7.910000e+02 6.602100e+03
7.909000e+02 6.566100e+03
7.908000e+02 6.660667e+03
7.907000e+02 6.638100e+03
7.906000e+02 6.655167e+03
7.905000e+02 6.589867e+03
7.904000e+02 6.567433e+03
7.903000e+02 6.707400e+03
7.902000e+02 6.583800e+03
7.901000e+02 6.606400e+03
7.900000e+02 6.599300e+03
7.899000e+02 6.619933e+03
7.898000e+02 6.707733e+03
7.897000e+02 6.720100e+03
7.896000e+02 6.607467e+03
7.895000e+02 6.625167e+03
7.894000e+02 6.684900e+03
7.893000e+02 6.834800e+03
7.892000e+02 6.815933e+03
7.891000e+02 6.679700e+03
7.890000e+02 6.774267e+03
7.889000e+02 6.741933e+03
7.888000e+02 6.846067e+03
7.887000e+02 6.804100e+03
7.886000e+02 6.898167e+03
7.885000e+02 6.896700e+03
7.884000e+02 6.822400e+03
7.883000e+02 6.900900e+03
7.882000e+02 6.889900e+03
7.881000e+02 6.900733e+03
7.880000e+02 6.843733e+03
7.879000e+02 6.856167e+03
7.878000e+02 6.873900e+03
7.877000e+02 6.906400e+03
7.876000e+02 7.048633e+03
7.875000e+02 7.015433e+03
7.874000e+02 7.060067e+03
7.873000e+02 6.948367e+03
7.872000e+02 7.057500e+03
7.871000e+02 7.122800e+03
7.870000e+02 7.106300e+03
7.869000e+02 6.985100e+03
7.868000e+02 6.981000e+03
7.867000e+02 7.065833e+03
7.866000e+02 7.110667e+03
7.865000e+02 7.047000e+03
7.864000e+02 7.079633e+03
7.863000e+02 7.135033e+03
7.862000e+02 7.011433e+03
7.861000e+02 7.151700e+03
7.860000e+02 7.168767e+03
7.859000e+02 7.066100e+03
7.858000e+02 7.059667e+03
7.857000e+02 7.140200e+03
7.856000e+02 7.142233e+03
7.855000e+02 7.118000e+03
7.854000e+02 7.094800e+03
7.853000e+02 7.052867e+03
7.852000e+02 7.075967e+03
7.851000e+02 7.162567e+03
7.850000e+02 7.165533e+03
7.849000e+02 7.177133e+03
7.848000e+02 7.110800e+03
7.847000e+02 7.192733e+03
7.846000e+02 7.250000e+03
7.845000e+02 7.230867e+03
7.844000e+02 7.179367e+03
7.843000e+02 7.141833e+03
7.842000e+02 7.134067e+03
7.841000e+02 7.104200e+03
7.840000e+02 7.140400e+03
7.839000e+02 7.186267e+03
7.838000e+02 7.241633e+03
7.837000e+02 7.183367e+03
7.836000e+02 7.135300e+03
7.835000e+02 7.087067e+03
7.834000e+02 7.170033e+03
7.833000e+02 7.080367e+03
7.832000e+02 7.120767e+03
7.831000e+02 7.240333e+03
7.830000e+02 7.185733e+03
7.829000e+02 7.137200e+03
7.828000e+02 7.201900e+03
7.827000e+02 7.166400e+03
7.826000e+02 7.157667e+03
7.825000e+02 7.085200e+03
7.824000e+02 7.066733e+03
7.823000e+02 7.044567e+03
7.822000e+02 7.031500e+03
7.821000e+02 7.025467e+03
7.820000e+02 6.955833e+03
7.819000e+02 7.100833e+03
7.818000e+02 7.000633e+03
7.817000e+02 6.997333e+03
7.816000e+02 6.996033e+03
7.815000e+02 6.841433e+03
7.814000e+02 6.884867e+03
7.813000e+02 6.900633e+03
7.812000e+02 6.967167e+03
7.811000e+02 6.868067e+03
7.810000e+02 6.818167e+03
7.809000e+02 6.768867e+03
7.808000e+02 6.749167e+03
7.807000e+02 6.708100e+03
7.806000e+02 6.728833e+03
7.805000e+02 6.684900e+03
7.804000e+02 6.663433e+03
7.803000e+02 6.579500e+03
7.802000e+02 6.617667e+03
7.801000e+02 6.627367e+03
7.800000e+02 6.511900e+03
7.799000e+02 6.579700e+03
7.798000e+02 6.520433e+03
7.797000e+02 6.500633e+03
7.796000e+02 6.485367e+03
7.795000e+02 6.425267e+03
7.794000e+02 6.403067e+03
7.793000e+02 6.350667e+03
7.792000e+02 6.348200e+03
7.791000e+02 6.384833e+03
7.790000e+02 6.217567e+03
7.789000e+02 6.187033e+03
7.788000e+02 6.127200e+03
7.787000e+02 6.100200e+03
7.786000e+02 6.099133e+03
7.785000e+02 6.091300e+03
7.784000e+02 6.149600e+03
7.783000e+02 6.049600e+03
7.782000e+02 6.092467e+03
7.781000e+02 6.104600e+03
7.780000e+02 6.057367e+03
7.779000e+02 6.002800e+03
7.778000e+02 5.951433e+03
7.777000e+02 5.969800e+03
7.776000e+02 5.904567e+03
7.775000e+02 5.925967e+03
7.774000e+02 5.901833e+03
7.773000e+02 5.869500e+03
7.772000e+02 5.837433e+03
7.771000e+02 5.855167e+03
7.770000e+02 5.870467e+03
7.769000e+02 5.855833e+03
7.768000e+02 5.889100e+03
7.767000e+02 5.816133e+03
7.766000e+02 5.806400e+03
7.765000e+02 5.770767e+03
7.764000e+02 5.721933e+03
7.763000e+02 5.861500e+03
7.762000e+02 5.765367e+03
7.761000e+02 5.694133e+03
7.760000e+02 5.804200e+03
7.759000e+02 5.819700e+03
7.758000e+02 5.715600e+03
7.757000e+02 5.688967e+03
7.756000e+02 5.644267e+03
7.755000e+02 5.716767e+03
7.754000e+02 5.716767e+03
7.753000e+02 5.722267e+03
7.752000e+02 5.716400e+03
7.751000e+02 5.753167e+03
7.750000e+02 5.767433e+03
7.749000e+02 5.781467e+03
7.748000e+02 5.728200e+03
7.747000e+02 5.725433e+03
7.746000e+02 5.813567e+03
7.745000e+02 5.696167e+03
7.744000e+02 5.619633e+03
7.743000e+02 5.704867e+03
7.742000e+02 5.708633e+03
7.741000e+02 5.742433e+03
7.740000e+02 5.726867e+03
7.739000e+02 5.734500e+03
7.738000e+02 5.693567e+03
7.737000e+02 5.707233e+03
7.736000e+02 5.688500e+03
7.735000e+02 5.688167e+03
7.734000e+02 5.792167e+03
7.733000e+02 5.813433e+03
7.732000e+02 5.829067e+03
7.731000e+02 5.745933e+03
7.730000e+02 5.767200e+03
7.729000e+02 5.763233e+03
7.728000e+02 5.762733e+03
7.727000e+02 5.749067e+03
7.726000e+02 5.703233e+03
7.725000e+02 5.700033e+03
7.724000e+02 5.733700e+03
7.723000e+02 5.826400e+03
7.722000e+02 5.773000e+03
7.721000e+02 5.753600e+03
7.720000e+02 5.734033e+03
7.719000e+02 5.742067e+03
7.718000e+02 5.857000e+03
7.717000e+02 5.839067e+03
7.716000e+02 5.788067e+03
7.715000e+02 5.780133e+03
7.714000e+02 5.772133e+03
7.713000e+02 5.729533e+03
7.712000e+02 5.758900e+03
7.711000e+02 5.885867e+03
7.710000e+02 5.820500e+03
7.709000e+02 5.861867e+03
7.708000e+02 5.885933e+03
7.707000e+02 5.790467e+03
7.706000e+02 5.758167e+03
7.705000e+02 5.847967e+03
7.704000e+02 5.787800e+03
7.703000e+02 5.815033e+03
7.702000e+02 5.838000e+03
7.701000e+02 5.855167e+03
7.700000e+02 5.784167e+03
7.699000e+02 5.779400e+03
7.698000e+02 5.779667e+03
7.697000e+02 5.727200e+03
7.696000e+02 5.772567e+03
7.695000e+02 5.772267e+03
7.694000e+02 5.773433e+03
7.693000e+02 5.814900e+03
7.692000e+02 5.759000e+03
7.691000e+02 5.682667e+03
7.690000e+02 5.750200e+03
7.689000e+02 5.745833e+03
7.688000e+02 5.764667e+03
7.687000e+02 5.680767e+03
7.686000e+02 5.695733e+03
7.685000e+02 5.755933e+03
7.684000e+02 5.758133e+03
7.683000e+02 5.622400e+03
7.682000e+02 5.605767e+03
7.681000e+02 5.676500e+03
7.680000e+02 5.749867e+03
7.679000e+02 5.694000e+03
7.678000e+02 5.709133e+03
7.677000e+02 5.631933e+03
7.676000e+02 5.581867e+03
7.675000e+02 5.573900e+03
7.674000e+02 5.558000e+03
7.673000e+02 5.588967e+03
7.672000e+02 5.561967e+03
7.671000e+02 5.536233e+03
7.670000e+02 5.507167e+03
7.669000e+02 5.525100e+03
7.668000e+02 5.495500e+03
7.667000e+02 5.493700e+03
7.666000e+02 5.458100e+03
7.665000e+02 5.481367e+03
7.664000e+02 5.489300e+03
7.663000e+02 5.413433e+03
7.662000e+02 5.499167e+03
7.661000e+02 5.439133e+03
7.660000e+02 5.399667e+03
7.659000e+02 5.420700e+03
7.658000e+02 5.440733e+03
7.657000e+02 5.411900e+03
7.656000e+02 5.381933e+03
7.655000e+02 5.382967e+03
7.654000e+02 5.389300e+03
7.653000e+02 5.371600e+03
7.652000e+02 5.417700e+03
7.651000e+02 5.388633e+03
7.650000e+02 5.338533e+03
7.649000e+02 5.355433e+03
7.648000e+02 5.365500e+03
7.647000e+02 5.378000e+03
7.646000e+02 5.379267e+03
7.645000e+02 5.362967e+03
7.644000e+02 5.346067e+03
7.643000e+02 5.434500e+03
7.642000e+02 5.363533e+03
7.641000e+02 5.358333e+03
7.640000e+02 5.348900e+03
7.639000e+02 5.322867e+03
7.638000e+02 5.378867e+03
7.637000e+02 5.393633e+03
7.636000e+02 5.368100e+03
7.635000e+02 5.316400e+03
7.634000e+02 5.356833e+03
7.633000e+02 5.363033e+03
7.632000e+02 5.383700e+03
7.631000e+02 5.381200e+03
7.630000e+02 5.384367e+03
7.629000e+02 5.337767e+03
7.628000e+02 5.339467e+03
7.627000e+02 5.314733e+03
7.626000e+02 5.342433e+03
7.625000e+02 5.389300e+03
7.624000e+02 5.323533e+03
7.623000e+02 5.290133e+03
7.622000e+02 5.325500e+03
7.621000e+02 5.324867e+03
7.620000e+02 5.327467e+03
7.619000e+02 5.355033e+03
7.618000e+02 5.358133e+03
7.617000e+02 5.391733e+03
7.616000e+02 5.329833e+03
7.615000e+02 5.320900e+03
7.614000e+02 5.411800e+03
7.613000e+02 5.402033e+03
7.612000e+02 5.251300e+03
7.611000e+02 5.351567e+03
7.610000e+02 5.425833e+03
7.609000e+02 5.433433e+03
7.608000e+02 5.307000e+03
7.607000e+02 5.328900e+03
7.606000e+02 5.364133e+03
7.605000e+02 5.344933e+03
7.604000e+02 5.383467e+03
7.603000e+02 5.342667e+03
7.602000e+02 5.350300e+03
7.601000e+02 5.384533e+03
7.600000e+02 5.394333e+03
7.599000e+02 5.422800e+03
7.598000e+02 5.347867e+03
7.597000e+02 5.414033e+03
7.596000e+02 5.414033e+03
7.595000e+02 5.387700e+03
7.594000e+02 5.460067e+03
7.593000e+02 5.395367e+03
7.592000e+02 5.388633e+03
7.591000e+02 5.353833e+03
7.590000e+02 5.375933e+03
7.589000e+02 5.456500e+03
7.588000e+02 5.480067e+03
7.587000e+02 5.479767e+03
7.586000e+02 5.408233e+03
7.585000e+02 5.350767e+03
7.584000e+02 5.408467e+03
7.583000e+02 5.371867e+03
7.582000e+02 5.425200e+03
7.581000e+02 5.488100e+03
7.580000e+02 5.539333e+03
7.579000e+02 5.461033e+03
7.578000e+02 5.433767e+03
7.577000e+02 5.426100e+03
7.576000e+02 5.422500e+03
7.575000e+02 5.425867e+03
7.574000e+02 5.460733e+03
7.573000e+02 5.458500e+03
7.572000e+02 5.500900e+03
7.571000e+02 5.483967e+03
7.570000e+02 5.546500e+03
7.569000e+02 5.464967e+03
7.568000e+02 5.477267e+03
7.567000e+02 5.496267e+03
7.566000e+02 5.441200e+03
7.565000e+02 5.460933e+03
7.564000e+02 5.464400e+03
7.563000e+02 5.473267e+03
7.562000e+02 5.482567e+03
7.561000e+02 5.444767e+03
7.560000e+02 5.521867e+03
7.559000e+02 5.493567e+03
7.558000e+02 5.561933e+03
7.557000e+02 5.491367e+03
7.556000e+02 5.534233e+03
7.555000e+02 5.585000e+03
7.554000e+02 5.515633e+03
7.553000e+02 5.502433e+03
7.552000e+02 5.490033e+03
7.551000e+02 5.536400e+03
7.550000e+02 5.534533e+03
7.549000e+02 5.491900e+03
7.548000e+02 5.497200e+03
7.547000e+02 5.551600e+03
7.546000e+02 5.445567e+03
7.545000e+02 5.486567e+03
7.544000e+02 5.545500e+03
7.543000e+02 5.478533e+03
7.542000e+02 5.479267e+03
7.541000e+02 5.543267e+03
7.540000e+02 5.591033e+03
7.539000e+02 5.565500e+03
7.538000e+02 5.548200e+03
7.537000e+02 5.502233e+03
7.536000e+02 5.556267e+03
7.535000e+02 5.551633e+03
7.534000e+02 5.586400e+03
7.533000e+02 5.545267e+03
7.532000e+02 5.572133e+03
7.531000e+02 5.566667e+03
7.530000e+02 5.564533e+03
7.529000e+02 5.555733e+03
7.528000e+02 5.623433e+03
7.527000e+02 5.601033e+03
7.526000e+02 5.689400e+03
7.525000e+02 5.635000e+03
7.524000e+02 5.571200e+03
7.523000e+02 5.619300e+03
7.522000e+02 5.623933e+03
7.521000e+02 5.579100e+03
7.520000e+02 5.600800e+03
7.519000e+02 5.655267e+03
7.518000e+02 5.650967e+03
7.517000e+02 5.577467e+03
7.516000e+02 5.619267e+03
7.515000e+02 5.636267e+03
7.514000e+02 5.551700e+03
7.513000e+02 5.655800e+03
7.512000e+02 5.601533e+03
7.511000e+02 5.586567e+03
7.510000e+02 5.596067e+03
7.509000e+02 5.703400e+03
7.508000e+02 5.648667e+03
7.507000e+02 5.667033e+03
7.506000e+02 5.671000e+03
7.505000e+02 5.632233e+03
7.504000e+02 5.657700e+03
7.503000e+02 5.706200e+03
7.502000e+02 5.679433e+03
7.501000e+02 5.648433e+03
7.500000e+02 5.586033e+03
7.499000e+02 5.593167e+03
7.498000e+02 5.663533e+03
7.497000e+02 5.647100e+03
7.496000e+02 5.651367e+03
7.495000e+02 5.704567e+03
7.494000e+02 5.674667e+03
7.493000e+02 5.654567e+03
7.492000e+02 5.707467e+03
7.491000e+02 5.657300e+03
7.490000e+02 5.687567e+03
7.489000e+02 5.688000e+03
7.488000e+02 5.739467e+03
7.487000e+02 5.771567e+03
7.486000e+02 5.731733e+03
7.485000e+02 5.724267e+03
7.484000e+02 5.760467e+03
7.483000e+02 5.751267e+03
7.482000e+02 5.779967e+03
7.481000e+02 5.777700e+03
7.480000e+02 5.761567e+03
7.479000e+02 5.717467e+03
7.478000e+02 5.773933e+03
7.477000e+02 5.808933e+03
7.476000e+02 5.767467e+03
7.475000e+02 5.788500e+03
7.474000e+02 5.757033e+03
7.473000e+02 5.832100e+03
7.472000e+02 5.767067e+03
7.471000e+02 5.746800e+03
7.470000e+02 5.705200e+03
7.469000e+02 5.705700e+03
7.468000e+02 5.732000e+03
7.467000e+02 5.763100e+03
7.466000e+02 5.834667e+03
7.465000e+02 5.830733e+03
7.464000e+02 5.832467e+03
7.463000e+02 5.820700e+03
7.462000e+02 5.776200e+03
7.461000e+02 5.740367e+03
7.460000e+02 5.761567e+03
7.459000e+02 5.812867e+03
7.458000e+02 5.776533e+03
7.457000e+02 5.773733e+03
7.456000e+02 5.770967e+03
7.455000e+02 5.836700e+03
7.454000e+02 5.823133e+03
7.453000e+02 5.826667e+03
7.452000e+02 5.881967e+03
7.451000e+02 5.867033e+03
7.450000e+02 5.936600e+03
7.449000e+02 5.938867e+03
7.448000e+02 5.971267e+03
7.447000e+02 5.942400e+03
7.446000e+02 5.954433e+03
7.445000e+02 5.935000e+03
7.444000e+02 5.996533e+03
7.443000e+02 5.987300e+03
7.442000e+02 6.041467e+03
7.441000e+02 6.079867e+03
7.440000e+02 6.136433e+03
7.439000e+02 6.140300e+03
7.438000e+02 6.166867e+03
7.437000e+02 6.203767e+03
7.436000e+02 6.256667e+03
7.435000e+02 6.196567e+03
7.434000e+02 6.270867e+03
7.433000e+02 6.260433e+03
7.432000e+02 6.282400e+03
7.431000e+02 6.279433e+03
7.430000e+02 6.277367e+03
7.429000e+02 6.325600e+03
7.428000e+02 6.290600e+03
7.427000e+02 6.307133e+03
7.426000e+02 6.303233e+03
7.425000e+02 6.314167e+03
7.424000e+02 6.327633e+03
7.423000e+02 6.295633e+03
7.422000e+02 6.352000e+03
7.421000e+02 6.389867e+03
7.420000e+02 6.327900e+03
7.419000e+02 6.326800e+03
7.418000e+02 6.313333e+03
7.417000e+02 6.305300e+03
7.416000e+02 6.236000e+03
7.415000e+02 6.246567e+03
7.414000e+02 6.242267e+03
7.413000e+02 6.253200e+03
7.412000e+02 6.180633e+03
7.411000e+02 6.250033e+03
7.410000e+02 6.254867e+03
7.409000e+02 6.136567e+03
7.408000e+02 6.104367e+03
7.407000e+02 6.175433e+03
7.406000e+02 6.149267e+03
7.405000e+02 6.130200e+03
7.404000e+02 6.098567e+03
7.403000e+02 6.093733e+03
7.402000e+02 6.066567e+03
7.401000e+02 6.028600e+03
7.400000e+02 6.125267e+03
7.399000e+02 6.150767e+03
7.398000e+02 6.106733e+03
7.397000e+02 6.090400e+03
7.396000e+02 6.141067e+03
7.395000e+02 6.024233e+03
7.394000e+02 6.027667e+03
7.393000e+02 6.112300e+03
7.392000e+02 6.061900e+03
7.391000e+02 6.044533e+03
7.390000e+02 5.958733e+03
7.389000e+02 6.011500e+03
7.388000e+02 6.074667e+03
7.387000e+02 6.039733e+03
7.386000e+02 6.123800e+03
7.385000e+02 6.045967e+03
7.384000e+02 6.097267e+03
7.383000e+02 6.205400e+03
7.382000e+02 6.111500e+03
7.381000e+02 6.109000e+03
7.380000e+02 6.094300e+03
7.379000e+02 6.153467e+03
7.378000e+02 6.183833e+03
7.377000e+02 6.199967e+03
7.376000e+02 6.270000e+03
7.375000e+02 6.256500e+03
7.374000e+02 6.245100e+03
7.373000e+02 6.308033e+03
7.372000e+02 6.260767e+03
7.371000e+02 6.275433e+03
7.370000e+02 6.299467e+03
7.369000e+02 6.374300e+03
7.368000e+02 6.387800e+03
7.367000e+02 6.381533e+03
7.366000e+02 6.381233e+03
7.365000e+02 6.455900e+03
7.364000e+02 6.411067e+03
7.363000e+02 6.448600e+03
7.362000e+02 6.467267e+03
7.361000e+02 6.461933e+03
7.360000e+02 6.464400e+03
7.359000e+02 6.460933e+03
7.358000e+02 6.481533e+03
7.357000e+02 6.513167e+03
7.356000e+02 6.528733e+03
7.355000e+02 6.605400e+03
7.354000e+02 6.623300e+03
7.353000e+02 6.705467e+03
7.352000e+02 6.655567e+03
7.351000e+02 6.745767e+03
7.350000e+02 6.711967e+03
7.349000e+02 6.716633e+03
7.348000e+02 6.719600e+03
7.347000e+02 6.823133e+03
7.346000e+02 6.892200e+03
7.345000e+02 6.840700e+03
7.344000e+02 6.915600e+03
7.343000e+02 6.945900e+03
7.342000e+02 7.008867e+03
7.341000e+02 6.956333e+03
7.340000e+02 6.966100e+03
7.339000e+02 6.994333e+03
7.338000e+02 7.053967e+03
7.337000e+02 7.075900e+03
7.336000e+02 7.032833e+03
7.335000e+02 7.165033e+03
7.334000e+02 7.123467e+03
7.333000e+02 7.108833e+03
7.332000e+02 7.077333e+03
7.331000e+02 7.146833e+03
7.330000e+02 7.141000e+03
7.329000e+02 7.130600e+03
7.328000e+02 7.120000e+03
7.327000e+02 7.133567e+03
7.326000e+02 7.207667e+03
7.325000e+02 7.155000e+03
7.324000e+02 7.206100e+03
7.323000e+02 7.249933e+03
7.322000e+02 7.169667e+03
7.321000e+02 7.177133e+03
7.320000e+02 7.180867e+03
7.319000e+02 7.178400e+03
7.318000e+02 7.166933e+03
7.317000e+02 7.127300e+03
7.316000e+02 7.113933e+03
7.315000e+02 7.026867e+03
7.314000e+02 7.084400e+03
7.313000e+02 7.088800e+03
7.312000e+02 7.066933e+03
7.311000e+02 7.021933e+03
7.310000e+02 7.021767e+03
7.309000e+02 6.999233e+03
7.308000e+02 7.058333e+03
7.307000e+02 7.004067e+03
7.306000e+02 6.934800e+03
7.305000e+02 6.973367e+03
7.304000e+02 6.982500e+03
7.303000e+02 6.934800e+03
7.302000e+02 7.037133e+03
7.301000e+02 6.963633e+03
7.300000e+02 6.992833e+03
7.299000e+02 7.076733e+03
7.298000e+02 7.005967e+03
7.297000e+02 7.073767e+03
7.296000e+02 7.015833e+03
7.295000e+02 7.026333e+03
7.294000e+02 7.023033e+03
7.293000e+02 7.044167e+03
7.292000e+02 7.073200e+03
7.291000e+02 7.119700e+03
7.290000e+02 7.154867e+03
7.289000e+02 7.210367e+03
7.288000e+02 7.252700e+03
7.287000e+02 7.263733e+03
7.286000e+02 7.303433e+03
7.285000e+02 7.307300e+03
7.284000e+02 7.391400e+03
7.283000e+02 7.488833e+03
7.282000e+02 7.490300e+03
7.281000e+02 7.574567e+03
7.280000e+02 7.543733e+03
7.279000e+02 7.622400e+03
7.278000e+02 7.678600e+03
7.277000e+02 7.717133e+03
7.276000e+02 7.767500e+03
7.275000e+02 7.872567e+03
7.274000e+02 7.838233e+03
7.273000e+02 7.907267e+03
7.272000e+02 8.103733e+03
7.271000e+02 8.152833e+03
7.270000e+02 8.180500e+03
7.269000e+02 8.246433e+03
7.268000e+02 8.324800e+03
7.267000e+02 8.305867e+03
7.266000e+02 8.382300e+03
7.265000e+02 8.430567e+03
7.264000e+02 8.432033e+03
7.263000e+02 8.599633e+03
7.262000e+02 8.639967e+03
7.261000e+02 8.767733e+03
7.260000e+02 8.838267e+03
7.259000e+02 8.909667e+03
7.258000e+02 8.903133e+03
7.257000e+02 9.054867e+03
7.256000e+02 9.077233e+03
7.255000e+02 9.220400e+03
7.254000e+02 9.237267e+03
7.253000e+02 9.315733e+03
7.252000e+02 9.390167e+03
7.251000e+02 9.410467e+03
7.250000e+02 9.444600e+03
7.249000e+02 9.600867e+03
7.248000e+02 9.670167e+03
7.247000e+02 9.665233e+03
7.246000e+02 9.732400e+03
7.245000e+02 9.764933e+03
7.244000e+02 9.780667e+03
7.243000e+02 9.809067e+03
7.242000e+02 9.731167e+03
7.241000e+02 9.689300e+03
7.240000e+02 9.677800e+03
7.239000e+02 9.672667e+03
7.238000e+02 9.540067e+03
7.237000e+02 9.450400e+03
7.236000e+02 9.325867e+03
7.235000e+02 9.184033e+03
7.234000e+02 9.111200e+03
7.233000e+02 9.023833e+03
7.232000e+02 8.878100e+03
7.231000e+02 8.795833e+03
7.230000e+02 8.602933e+03
7.229000e+02 8.445033e+03
7.228000e+02 8.237700e+03
7.227000e+02 7.938167e+03
7.226000e+02 7.626500e+03
7.225000e+02 7.372867e+03
7.224000e+02 7.231067e+03
7.223000e+02 7.037933e+03
7.222000e+02 7.005133e+03
7.221000e+02 6.908067e+03
7.220000e+02 6.786000e+03
7.219000e+02 6.714700e+03
7.218000e+02 6.697700e+03
7.217000e+02 6.677867e+03
7.216000e+02 6.622167e+03
7.215000e+02 6.589133e+03
7.214000e+02 6.617033e+03
7.213000e+02 6.597600e+03
7.212000e+02 6.568733e+03
7.211000e+02 6.594700e+03
7.210000e+02 6.632133e+03
7.209000e+02 6.642733e+03
7.208000e+02 6.729833e+03
7.207000e+02 6.657633e+03
7.206000e+02 6.693900e+03
7.205000e+02 6.766967e+03
7.204000e+02 6.787200e+03
7.203000e+02 6.826267e+03
7.202000e+02 6.869233e+03
7.201000e+02 6.875233e+03
7.200000e+02 6.894767e+03
7.199000e+02 6.883733e+03
7.198000e+02 6.939267e+03
7.197000e+02 6.877633e+03
7.196000e+02 6.906767e+03
7.195000e+02 6.996100e+03
7.194000e+02 6.939333e+03
7.193000e+02 6.865967e+03
7.192000e+02 6.922400e+03
7.191000e+02 6.892267e+03
7.190000e+02 6.944033e+03
7.189000e+02 6.946133e+03
7.188000e+02 6.899233e+03
7.187000e+02 6.947100e+03
7.186000e+02 6.880400e+03
7.185000e+02 6.785033e+03
7.184000e+02 6.688000e+03
7.183000e+02 6.746267e+03
7.182000e+02 6.697467e+03
7.181000e+02 6.718867e+03
7.180000e+02 6.633033e+03
7.179000e+02 6.585667e+03
7.178000e+02 6.482367e+03
7.177000e+02 6.487767e+03
7.176000e+02 6.396933e+03
7.175000e+02 6.394100e+03
7.174000e+02 6.328633e+03
7.173000e+02 6.355233e+03
7.172000e+02 6.257000e+03
7.171000e+02 6.159367e+03
7.170000e+02 6.176200e+03
7.169000e+02 6.110867e+03
7.168000e+02 6.048500e+03
7.167000e+02 6.090633e+03
7.166000e+02 6.011600e+03
7.165000e+02 6.016533e+03
7.164000e+02 5.999567e+03
7.163000e+02 6.025300e+03
7.162000e+02 5.997533e+03
7.161000e+02 5.971067e+03
7.160000e+02 6.086800e+03
7.159000e+02 5.970100e+03
7.158000e+02 5.971367e+03
7.157000e+02 5.973567e+03
7.156000e+02 5.983567e+03
7.155000e+02 5.943000e+03
7.154000e+02 5.976133e+03
7.153000e+02 6.052733e+03
7.152000e+02 6.165400e+03
7.151000e+02 6.261867e+03
7.150000e+02 6.227300e+03
7.149000e+02 6.185067e+03
7.148000e+02 6.290500e+03
7.147000e+02 6.374367e+03
7.146000e+02 6.470200e+03
7.145000e+02 6.574433e+03
7.144000e+02 6.607600e+03
7.143000e+02 6.700133e+03
7.142000e+02 6.729433e+03
7.141000e+02 6.858567e+03
7.140000e+02 7.012533e+03
7.139000e+02 7.161233e+03
7.138000e+02 7.208033e+03
7.137000e+02 7.342567e+03
7.136000e+02 7.470200e+03
7.135000e+02 7.540167e+03
7.134000e+02 7.627000e+03
7.133000e+02 7.842300e+03
7.132000e+02 7.944567e+03
7.131000e+02 8.075167e+03
7.130000e+02 8.137100e+03
7.129000e+02 8.217067e+03
7.128000e+02 8.422533e+03
7.127000e+02 8.634100e+03
7.126000e+02 8.655467e+03
7.125000e+02 8.787400e+03
7.124000e+02 8.878367e+03
7.123000e+02 9.008600e+03
7.122000e+02 9.142433e+03
7.121000e+02 9.341700e+03
7.120000e+02 9.490200e+03
7.119000e+02 9.757800e+03
7.118000e+02 9.931967e+03
7.117000e+02 1.015450e+04
7.116000e+02 1.040747e+04
7.115000e+02 1.055353e+04
7.114000e+02 1.080810e+04
7.113000e+02 1.091730e+04
7.112000e+02 1.097727e+04
7.111000e+02 1.113103e+04
7.110000e+02 1.122537e+04
7.109000e+02 1.115237e+04
7.108000e+02 1.094020e+04
7.107000e+02 1.084580e+04
7.106000e+02 1.072900e+04
7.105000e+02 1.056267e+04
7.104000e+02 1.041613e+04
7.103000e+02 1.041433e+04
7.102000e+02 1.045013e+04
7.101000e+02 1.052657e+04
7.100000e+02 1.050387e+04
7.099000e+02 1.044693e+04
7.098000e+02 1.014123e+04
7.097000e+02 9.622733e+03
7.096000e+02 8.922867e+03
7.095000e+02 8.083633e+03
7.094000e+02 7.023067e+03
7.093000e+02 5.926400e+03
7.092000e+02 4.910667e+03
7.091000e+02 4.126167e+03
7.090000e+02 3.421233e+03
7.089000e+02 2.920410e+03
7.088000e+02 2.637100e+03
7.087000e+02 2.473027e+03
7.086000e+02 2.293163e+03
7.085000e+02 2.149733e+03
7.084000e+02 2.040860e+03
7.083000e+02 1.979343e+03
7.082000e+02 1.899923e+03
7.081000e+02 1.883287e+03
7.080000e+02 1.860660e+03
7.079000e+02 1.815610e+03
7.078000e+02 1.777003e+03
7.077000e+02 1.731860e+03
7.076000e+02 1.720747e+03
7.075000e+02 1.705617e+03
7.074000e+02 1.731007e+03
7.073000e+02 1.707423e+03
7.072000e+02 1.683390e+03
7.071000e+02 1.644147e+03
7.070000e+02 1.607820e+03
7.069000e+02 1.595033e+03
7.068000e+02 1.619183e+03
7.067000e+02 1.601627e+03
7.066000e+02 1.633767e+03
7.065000e+02 1.604320e+03
7.064000e+02 1.648633e+03
7.063000e+02 1.600680e+03
7.062000e+02 1.565477e+03
7.061000e+02 1.573600e+03
7.060000e+02 1.526417e+03
7.059000e+02 1.556273e+03
7.058000e+02 1.559180e+03
7.057000e+02 1.577260e+03
7.056000e+02 1.579033e+03
7.055000e+02 1.523533e+03
7.054000e+02 1.549877e+03
7.053000e+02 1.561647e+03
7.052000e+02 1.532170e+03
7.051000e+02 1.576813e+03
7.050000e+02 1.525093e+03
7.049000e+02 1.519917e+03
7.048000e+02 1.540273e+03
7.047000e+02 1.486430e+03
7.046000e+02 1.511900e+03
7.045000e+02 1.509723e+03
7.044000e+02 1.547793e+03
7.043000e+02 1.507247e+03
7.042000e+02 1.488973e+03
7.041000e+02 1.490473e+03
7.040000e+02 1.498560e+03
7.039000e+02 1.501147e+03
7.038000e+02 1.479783e+03
7.037000e+02 1.466667e+03
7.036000e+02 1.474967e+03
7.035000e+02 1.504553e+03
7.034000e+02 1.529507e+03
7.033000e+02 1.535597e+03
7.032000e+02 1.526647e+03
7.031000e+02 1.508640e+03
7.030000e+02 1.511080e+03
7.029000e+02 1.478697e+03
7.028000e+02 1.495943e+03
7.027000e+02 1.485167e+03
7.026000e+02 1.488537e+03
7.025000e+02 1.503903e+03
7.024000e+02 1.453460e+03
7.023000e+02 1.497883e+03
7.022000e+02 1.485987e+03
7.021000e+02 1.497833e+03
7.020000e+02 1.500150e+03
7.019000e+02 1.486913e+03
7.018000e+02 1.494863e+03
7.017000e+02 1.473603e+03
7.016000e+02 1.481890e+03
7.015000e+02 1.510617e+03
7.014000e+02 1.488947e+03
7.013000e+02 1.460150e+03
7.012000e+02 1.476040e+03
7.011000e+02 1.467710e+03
7.010000e+02 1.457340e+03
7.009000e+02 1.488353e+03
7.008000e+02 1.490787e+03
7.007000e+02 1.475977e+03
7.006000e+02 1.436373e+03
7.005000e+02 1.473090e+03
7.004000e+02 1.478050e+03
7.003000e+02 1.476060e+03
7.002000e+02 1.467267e+03
7.001000e+02 1.467007e+03
7.000000e+02 1.461683e+03
