Ni2pCo2pFe2p CoO
8.900000e+02 1.571807e+04
8.899000e+02 1.577407e+04
8.898000e+02 1.579867e+04
8.897000e+02 1.583097e+04
8.896000e+02 1.586983e+04
8.895000e+02 1.584930e+04
8.894000e+02 1.580833e+04
8.893000e+02 1.583737e+04
8.892000e+02 1.583827e+04
8.891000e+02 1.583663e+04
8.890000e+02 1.587713e+04
8.889000e+02 1.584177e+04
8.888000e+02 1.585860e+04
8.887000e+02 1.591980e+04
8.886000e+02 1.593110e+04
8.885000e+02 1.590727e+04
8.884000e+02 1.578653e+04
8.883000e+02 1.586823e+04
8.882000e+02 1.582153e+04
8.881000e+02 1.589930e+04
8.880000e+02 1.606840e+04
8.879000e+02 1.601367e+04
8.878000e+02 1.597307e+04
8.877000e+02 1.605057e+04
8.876000e+02 1.601913e+04
8.875000e+02 1.607470e+04
8.874000e+02 1.603240e+04
8.873000e+02 1.598033e+04
8.872000e+02 1.598047e+04
8.871000e+02 1.603363e+04
8.870000e+02 1.603770e+04
8.869000e+02 1.604800e+04
8.868000e+02 1.606907e+04
8.867000e+02 1.611737e+04
8.866000e+02 1.616770e+04
8.865000e+02 1.609700e+04
8.864000e+02 1.611327e+04
8.863000e+02 1.610807e+04
8.862000e+02 1.612020e+04
8.861000e+02 1.610477e+04
8.860000e+02 1.612817e+04
8.859000e+02 1.609260e+04
8.858000e+02 1.606243e+04
8.857000e+02 1.613290e+04
8.856000e+02 1.619293e+04
8.855000e+02 1.621723e+04
8.854000e+02 1.621393e+04
8.853000e+02 1.621843e+04
8.852000e+02 1.619760e+04
8.851000e+02 1.620040e+04
8.850000e+02 1.620167e+04
8.849000e+02 1.623730e+04
8.848000e+02 1.625013e+04
8.847000e+02 1.613550e+04
8.846000e+02 1.616890e+04
8.845000e+02 1.626760e+04
8.844000e+02 1.625843e+04
8.843000e+02 1.627587e+04
8.842000e+02 1.620543e+04
8.841000e+02 1.628703e+04
8.840000e+02 1.618367e+04
8.839000e+02 1.627993e+04
8.838000e+02 1.624810e+04
8.837000e+02 1.618093e+04
8.836000e+02 1.618390e+04
8.835000e+02 1.627507e+04
8.834000e+02 1.623890e+04
8.833000e+02 1.631827e+04
8.832000e+02 1.629667e+04
8.831000e+02 1.629550e+04
8.830000e+02 1.626913e+04
8.829000e+02 1.636047e+04
8.828000e+02 1.627093e+04
8.827000e+02 1.630923e+04
8.826000e+02 1.625850e+04
8.825000e+02 1.633233e+04
8.824000e+02 1.641310e+04
8.823000e+02 1.636440e+04
8.822000e+02 1.634407e+04
8.821000e+02 1.629397e+04
8.820000e+02 1.634347e+04
8.819000e+02 1.633393e+04
8.818000e+02 1.635297e+04
8.817000e+02 1.637807e+04
8.816000e+02 1.628840e+04
8.815000e+02 1.629647e+04
8.814000e+02 1.628103e+04
8.813000e+02 1.632827e+04
8.812000e+02 1.629413e+04
8.811000e+02 1.635097e+04
8.810000e+02 1.623363e+04
8.809000e+02 1.625070e+04
8.808000e+02 1.624737e+04
8.807000e+02 1.623263e+04
8.806000e+02 1.625817e+04
8.805000e+02 1.626677e+04
8.804000e+02 1.631920e+04
8.803000e+02 1.624690e+04
8.802000e+02 1.621943e+04
8.801000e+02 1.622130e+04
8.800000e+02 1.628983e+04
8.799000e+02 1.627797e+04
8.798000e+02 1.623153e+04
8.797000e+02 1.619177e+04
8.796000e+02 1.614240e+04
8.795000e+02 1.614153e+04
8.794000e+02 1.615943e+04
8.793000e+02 1.618920e+04
8.792000e+02 1.620150e+04
8.791000e+02 1.619660e+04
8.790000e+02 1.629050e+04
8.789000e+02 1.618860e+04
8.788000e+02 1.610337e+04
8.787000e+02 1.617537e+04
8.786000e+02 1.629660e+04
8.785000e+02 1.634997e+04
8.784000e+02 1.620513e+04
8.783000e+02 1.622063e+04
8.782000e+02 1.610580e+04
8.781000e+02 1.616620e+04
8.780000e+02 1.618800e+04
8.779000e+02 1.621013e+04
8.778000e+02 1.617663e+04
8.777000e+02 1.619067e+04
8.776000e+02 1.615350e+04
8.775000e+02 1.631393e+04
8.774000e+02 1.629683e+04
8.773000e+02 1.627663e+04
8.772000e+02 1.628953e+04
8.771000e+02 1.634587e+04
8.770000e+02 1.623010e+04
8.769000e+02 1.625040e+04
8.768000e+02 1.618190e+04
8.767000e+02 1.624727e+04
8.766000e+02 1.625093e+04
8.765000e+02 1.627917e+04
8.764000e+02 1.626450e+04
8.763000e+02 1.626457e+04
8.762000e+02 1.619810e+04
8.761000e+02 1.625617e+04
8.760000e+02 1.637683e+04
8.759000e+02 1.632997e+04
8.758000e+02 1.637313e+04
8.757000e+02 1.632227e+04
8.756000e+02 1.630470e+04
8.755000e+02 1.626963e+04
8.754000e+02 1.624033e+04
8.753000e+02 1.629737e+04
8.752000e+02 1.640640e+04
8.751000e+02 1.640323e+04
8.750000e+02 1.638890e+04
8.749000e+02 1.645057e+04
8.748000e+02 1.645037e+04
8.747000e+02 1.636860e+04
8.746000e+02 1.648410e+04
8.745000e+02 1.637487e+04
8.744000e+02 1.641883e+04
8.743000e+02 1.646263e+04
8.742000e+02 1.648153e+04
8.741000e+02 1.648707e+04
8.740000e+02 1.649083e+04
8.739000e+02 1.644287e+04
8.738000e+02 1.639747e+04
8.737000e+02 1.647817e+04
8.736000e+02 1.652963e+04
8.735000e+02 1.650233e+04
8.734000e+02 1.648590e+04
8.733000e+02 1.657593e+04
8.732000e+02 1.662697e+04
8.731000e+02 1.667790e+04
8.730000e+02 1.662587e+04
8.729000e+02 1.650230e+04
8.728000e+02 1.649577e+04
8.727000e+02 1.652157e+04
8.726000e+02 1.661617e+04
8.725000e+02 1.668707e+04
8.724000e+02 1.669563e+04
8.723000e+02 1.656770e+04
8.722000e+02 1.661673e+04
8.721000e+02 1.664493e+04
8.720000e+02 1.672213e+04
8.719000e+02 1.669763e+04
8.718000e+02 1.670583e+04
8.717000e+02 1.676460e+04
8.716000e+02 1.679523e+04
8.715000e+02 1.683197e+04
8.714000e+02 1.675013e+04
8.713000e+02 1.668043e+04
8.712000e+02 1.673467e+04
8.711000e+02 1.683853e+04
8.710000e+02 1.680857e+04
8.709000e+02 1.687920e+04
8.708000e+02 1.689563e+04
8.707000e+02 1.684383e+04
8.706000e+02 1.686117e+04
8.705000e+02 1.691560e+04
8.704000e+02 1.683257e+04
8.703000e+02 1.691497e+04
8.702000e+02 1.698207e+04
8.701000e+02 1.693020e+04
8.700000e+02 1.694783e+04
8.699000e+02 1.688347e+04
8.698000e+02 1.689857e+04
8.697000e+02 1.701840e+04
8.696000e+02 1.683287e+04
8.695000e+02 1.683020e+04
8.694000e+02 1.690523e+04
8.693000e+02 1.686840e+04
8.692000e+02 1.684677e+04
8.691000e+02 1.679313e+04
8.690000e+02 1.682380e+04
8.689000e+02 1.684187e+04
8.688000e+02 1.692327e+04
8.687000e+02 1.684847e+04
8.686000e+02 1.685447e+04
8.685000e+02 1.682267e+04
8.684000e+02 1.672267e+04
8.683000e+02 1.668510e+04
8.682000e+02 1.678187e+04
8.681000e+02 1.681647e+04
8.680000e+02 1.674263e+04
8.679000e+02 1.673987e+04
8.678000e+02 1.678143e+04
8.677000e+02 1.670687e+04
8.676000e+02 1.647863e+04
8.675000e+02 1.658237e+04
8.674000e+02 1.658823e+04
8.673000e+02 1.667050e+04
8.672000e+02 1.663167e+04
8.671000e+02 1.660483e+04
8.670000e+02 1.659877e+04
8.669000e+02 1.658987e+04
8.668000e+02 1.665243e+04
8.667000e+02 1.664753e+04
8.666000e+02 1.661133e+04
8.665000e+02 1.659843e+04
8.664000e+02 1.652530e+04
8.663000e+02 1.649883e+04
8.662000e+02 1.645727e+04
8.661000e+02 1.652210e+04
8.660000e+02 1.648100e+04
8.659000e+02 1.647070e+04
8.658000e+02 1.637653e+04
8.657000e+02 1.635733e+04
8.656000e+02 1.642620e+04
8.655000e+02 1.649803e+04
8.654000e+02 1.647753e+04
8.653000e+02 1.639623e+04
8.652000e+02 1.643470e+04
8.651000e+02 1.649913e+04
8.650000e+02 1.647967e+04
8.649000e+02 1.646853e+04
8.648000e+02 1.639317e+04
8.647000e+02 1.645623e+04
8.646000e+02 1.649390e+04
8.645000e+02 1.644860e+04
8.644000e+02 1.645687e+04
8.643000e+02 1.637937e+04
8.642000e+02 1.634120e+04
8.641000e+02 1.638467e+04
8.640000e+02 1.640997e+04
8.639000e+02 1.650013e+04
8.638000e+02 1.648410e+04
8.637000e+02 1.642893e+04
8.636000e+02 1.643023e+04
8.635000e+02 1.640483e+04
8.634000e+02 1.634383e+04
8.633000e+02 1.645720e+04
8.632000e+02 1.635907e+04
8.631000e+02 1.639287e+04
8.630000e+02 1.636950e+04
8.629000e+02 1.635843e+04
8.628000e+02 1.644720e+04
8.627000e+02 1.646233e+04
8.626000e+02 1.645127e+04
8.625000e+02 1.646733e+04
8.624000e+02 1.645777e+04
8.623000e+02 1.641490e+04
8.622000e+02 1.643960e+04
8.621000e+02 1.644737e+04
8.620000e+02 1.641697e+04
8.619000e+02 1.647357e+04
8.618000e+02 1.643450e+04
8.617000e+02 1.646240e+04
8.616000e+02 1.650100e+04
8.615000e+02 1.640007e+04
8.614000e+02 1.645527e+04
8.613000e+02 1.648013e+04
8.612000e+02 1.647713e+04
8.611000e+02 1.659410e+04
8.610000e+02 1.652627e+04
8.609000e+02 1.652157e+04
8.608000e+02 1.646727e+04
8.607000e+02 1.646387e+04
8.606000e+02 1.656890e+04
8.605000e+02 1.658300e+04
8.604000e+02 1.646407e+04
8.603000e+02 1.644303e+04
8.602000e+02 1.654443e+04
8.601000e+02 1.657917e+04
8.600000e+02 1.649520e+04
8.599000e+02 1.660620e+04
8.598000e+02 1.655873e+04
8.597000e+02 1.657757e+04
8.596000e+02 1.661793e+04
8.595000e+02 1.656443e+04
8.594000e+02 1.664310e+04
8.593000e+02 1.660350e+04
8.592000e+02 1.658410e+04
8.591000e+02 1.660843e+04
8.590000e+02 1.654710e+04
8.589000e+02 1.660723e+04
8.588000e+02 1.661047e+04
8.587000e+02 1.664940e+04
8.586000e+02 1.670890e+04
8.585000e+02 1.664973e+04
8.584000e+02 1.671380e+04
8.583000e+02 1.666703e+04
8.582000e+02 1.668527e+04
8.581000e+02 1.663933e+04
8.580000e+02 1.668063e+04
8.579000e+02 1.664560e+04
8.578000e+02 1.659023e+04
8.577000e+02 1.659397e+04
8.576000e+02 1.669027e+04
8.575000e+02 1.674067e+04
8.574000e+02 1.673780e+04
8.573000e+02 1.673033e+04
8.572000e+02 1.668167e+04
8.571000e+02 1.676843e+04
8.570000e+02 1.675770e+04
8.569000e+02 1.667370e+04
8.568000e+02 1.669790e+04
8.567000e+02 1.675617e+04
8.566000e+02 1.680837e+04
8.565000e+02 1.688783e+04
8.564000e+02 1.689027e+04
8.563000e+02 1.678547e+04
8.562000e+02 1.686490e+04
8.561000e+02 1.678140e+04
8.560000e+02 1.686073e+04
8.559000e+02 1.695480e+04
8.558000e+02 1.684463e+04
8.557000e+02 1.680547e+04
8.556000e+02 1.692097e+04
8.555000e+02 1.691960e+04
8.554000e+02 1.686817e+04
8.553000e+02 1.690300e+04
8.552000e+02 1.685630e+04
8.551000e+02 1.689723e+04
8.550000e+02 1.692847e+04
8.549000e+02 1.693270e+04
8.548000e+02 1.695870e+04
8.547000e+02 1.696660e+04
8.546000e+02 1.708303e+04
8.545000e+02 1.685097e+04
8.544000e+02 1.688163e+04
8.543000e+02 1.691960e+04
8.542000e+02 1.706237e+04
8.541000e+02 1.704157e+04
8.540000e+02 1.699783e+04
8.539000e+02 1.695920e+04
8.538000e+02 1.708007e+04
8.537000e+02 1.707907e+04
8.536000e+02 1.710680e+04
8.535000e+02 1.718527e+04
8.534000e+02 1.708010e+04
8.533000e+02 1.716360e+04
8.532000e+02 1.717927e+04
8.531000e+02 1.722207e+04
8.530000e+02 1.715780e+04
8.529000e+02 1.714560e+04
8.528000e+02 1.721393e+04
8.527000e+02 1.718723e+04
8.526000e+02 1.716973e+04
8.525000e+02 1.719690e+04
8.524000e+02 1.722063e+04
8.523000e+02 1.734307e+04
8.522000e+02 1.728570e+04
8.521000e+02 1.742723e+04
8.520000e+02 1.729330e+04
8.519000e+02 1.730773e+04
8.518000e+02 1.735913e+04
8.517000e+02 1.740157e+04
8.516000e+02 1.732610e+04
8.515000e+02 1.748823e+04
8.514000e+02 1.749020e+04
8.513000e+02 1.748740e+04
8.512000e+02 1.753757e+04
8.511000e+02 1.758030e+04
8.510000e+02 1.756737e+04
8.509000e+02 1.755763e+04
8.508000e+02 1.763523e+04
8.507000e+02 1.767513e+04
8.506000e+02 1.766803e+04
8.505000e+02 1.761867e+04
8.504000e+02 1.772713e+04
8.503000e+02 1.764630e+04
8.502000e+02 1.773447e+04
8.501000e+02 1.781347e+04
8.500000e+02 1.784580e+04
8.499000e+02 1.782280e+04
8.498000e+02 1.781087e+04
8.497000e+02 1.771437e+04
8.496000e+02 1.784670e+04
8.495000e+02 1.786503e+04
8.494000e+02 1.796367e+04
8.493000e+02 1.792163e+04
8.492000e+02 1.789543e+04
8.491000e+02 1.796983e+04
8.490000e+02 1.799837e+04
8.489000e+02 1.790553e+04
8.488000e+02 1.795537e+04
8.487000e+02 1.805310e+04
8.486000e+02 1.809973e+04
8.485000e+02 1.803353e+04
8.484000e+02 1.806227e+04
8.483000e+02 1.812840e+04
8.482000e+02 1.809437e+04
8.481000e+02 1.820517e+04
8.480000e+02 1.827267e+04
8.479000e+02 1.814347e+04
8.478000e+02 1.824240e+04
8.477000e+02 1.821303e+04
8.476000e+02 1.824777e+04
8.475000e+02 1.826387e+04
8.474000e+02 1.821127e+04
8.473000e+02 1.825663e+04
8.472000e+02 1.831357e+04
8.471000e+02 1.823170e+04
8.470000e+02 1.843150e+04
8.469000e+02 1.844133e+04
8.468000e+02 1.846357e+04
8.467000e+02 1.839643e+04
8.466000e+02 1.835147e+04
8.465000e+02 1.843463e+04
8.464000e+02 1.849010e+04
8.463000e+02 1.837430e+04
8.462000e+02 1.838930e+04
8.461000e+02 1.837733e+04
8.460000e+02 1.845817e+04
8.459000e+02 1.848960e+04
8.458000e+02 1.852350e+04
8.457000e+02 1.851543e+04
8.456000e+02 1.843370e+04
8.455000e+02 1.843600e+04
8.454000e+02 1.844120e+04
8.453000e+02 1.844730e+04
8.452000e+02 1.841837e+04
8.451000e+02 1.844577e+04
8.450000e+02 1.857273e+04
8.449000e+02 1.859650e+04
8.448000e+02 1.859747e+04
8.447000e+02 1.855803e+04
8.446000e+02 1.859700e+04
8.445000e+02 1.853277e+04
8.444000e+02 1.858513e+04
8.443000e+02 1.865500e+04
8.442000e+02 1.868383e+04
8.441000e+02 1.862890e+04
8.440000e+02 1.861847e+04
8.439000e+02 1.855483e+04
8.438000e+02 1.866683e+04
8.437000e+02 1.873907e+04
8.436000e+02 1.870723e+04
8.435000e+02 1.869457e+04
8.434000e+02 1.873080e+04
8.433000e+02 1.875967e+04
8.432000e+02 1.889060e+04
8.431000e+02 1.887670e+04
8.430000e+02 1.881467e+04
8.429000e+02 1.880583e+04
8.428000e+02 1.886940e+04
8.427000e+02 1.880983e+04
8.426000e+02 1.876950e+04
8.425000e+02 1.888600e+04
8.424000e+02 1.890363e+04
8.423000e+02 1.886573e+04
8.422000e+02 1.885960e+04
8.421000e+02 1.887330e+04
8.420000e+02 1.892137e+04
8.419000e+02 1.901460e+04
8.418000e+02 1.894400e+04
8.417000e+02 1.892627e+04
8.416000e+02 1.903307e+04
8.415000e+02 1.910607e+04
8.414000e+02 1.908837e+04
8.413000e+02 1.908597e+04
8.412000e+02 1.907147e+04
8.411000e+02 1.910840e+04
8.410000e+02 1.914417e+04
8.409000e+02 1.922703e+04
8.408000e+02 1.925773e+04
8.407000e+02 1.925477e+04
8.406000e+02 1.929893e+04
8.405000e+02 1.930930e+04
8.404000e+02 1.926027e+04
8.403000e+02 1.933983e+04
8.402000e+02 1.937303e+04
8.401000e+02 1.935943e+04
8.400000e+02 1.936800e+04
8.399000e+02 1.923277e+04
8.398000e+02 1.926237e+04
8.397000e+02 1.931210e+04
8.396000e+02 1.941380e+04
8.395000e+02 1.933590e+04
8.394000e+02 1.925233e+04
8.393000e+02 1.926500e+04
8.392000e+02 1.941477e+04
8.391000e+02 1.923683e+04
8.390000e+02 1.919213e+04
8.389000e+02 1.933493e+04
8.388000e+02 1.936563e+04
8.387000e+02 1.927263e+04
8.386000e+02 1.920670e+04
8.385000e+02 1.940310e+04
8.384000e+02 1.929840e+04
8.383000e+02 1.929907e+04
8.382000e+02 1.929550e+04
8.381000e+02 1.915873e+04
8.380000e+02 1.904533e+04
8.379000e+02 1.911697e+04
8.378000e+02 1.919657e+04
8.377000e+02 1.927397e+04
8.376000e+02 1.918443e+04
8.375000e+02 1.918000e+04
8.374000e+02 1.916613e+04
8.373000e+02 1.920070e+04
8.372000e+02 1.904977e+04
8.371000e+02 1.910243e+04
8.370000e+02 1.905843e+04
8.369000e+02 1.911280e+04
8.368000e+02 1.927873e+04
8.367000e+02 1.921463e+04
8.366000e+02 1.916693e+04
8.365000e+02 1.902057e+04
8.364000e+02 1.903523e+04
8.363000e+02 1.925017e+04
8.362000e+02 1.910733e+04
8.361000e+02 1.910777e+04
8.360000e+02 1.925893e+04
8.359000e+02 1.917653e+04
8.358000e+02 1.906183e+04
8.357000e+02 1.906617e+04
8.356000e+02 1.914173e+04
8.355000e+02 1.919467e+04
8.354000e+02 1.915477e+04
8.353000e+02 1.912057e+04
8.352000e+02 1.917557e+04
8.351000e+02 1.925410e+04
8.350000e+02 1.924477e+04
8.349000e+02 1.924380e+04
8.348000e+02 1.918290e+04
8.347000e+02 1.905850e+04
8.346000e+02 1.915633e+04
8.345000e+02 1.916380e+04
8.344000e+02 1.938377e+04
8.343000e+02 1.927880e+04
8.342000e+02 1.930657e+04
8.341000e+02 1.933933e+04
8.340000e+02 1.948077e+04
8.339000e+02 1.925380e+04
8.338000e+02 1.928817e+04
8.337000e+02 1.929137e+04
8.336000e+02 1.938820e+04
8.335000e+02 1.926513e+04
8.334000e+02 1.933523e+04
8.333000e+02 1.944607e+04
8.332000e+02 1.935617e+04
8.331000e+02 1.936797e+04
8.330000e+02 1.930260e+04
8.329000e+02 1.922017e+04
8.328000e+02 1.918310e+04
8.327000e+02 1.934400e+04
8.326000e+02 1.920657e+04
8.325000e+02 1.920970e+04
8.324000e+02 1.918057e+04
8.323000e+02 1.928067e+04
8.322000e+02 1.927363e+04
8.321000e+02 1.916980e+04
8.320000e+02 1.904630e+04
8.319000e+02 1.904867e+04
8.318000e+02 1.896440e+04
8.317000e+02 1.895703e+04
8.316000e+02 1.888287e+04
8.315000e+02 1.874163e+04
8.314000e+02 1.872590e+04
8.313000e+02 1.874213e+04
8.312000e+02 1.876643e+04
8.311000e+02 1.863880e+04
8.310000e+02 1.854720e+04
8.309000e+02 1.831677e+04
8.308000e+02 1.827397e+04
8.307000e+02 1.833307e+04
8.306000e+02 1.819283e+04
8.305000e+02 1.798863e+04
8.304000e+02 1.796577e+04
8.303000e+02 1.797810e+04
8.302000e+02 1.791243e+04
8.301000e+02 1.786517e+04
8.300000e+02 1.775110e+04
8.299000e+02 1.770397e+04
8.298000e+02 1.753787e+04
8.297000e+02 1.742187e+04
8.296000e+02 1.736387e+04
8.295000e+02 1.750033e+04
8.294000e+02 1.740247e+04
8.293000e+02 1.729237e+04
8.292000e+02 1.731830e+04
8.291000e+02 1.715990e+04
8.290000e+02 1.714287e+04
8.289000e+02 1.712653e+04
8.288000e+02 1.714577e+04
8.287000e+02 1.690357e+04
8.286000e+02 1.685273e+04
8.285000e+02 1.687317e+04
8.284000e+02 1.683397e+04
8.283000e+02 1.694903e+04
8.282000e+02 1.697990e+04
8.281000e+02 1.674930e+04
8.280000e+02 1.676053e+04
8.279000e+02 1.674247e+04
8.278000e+02 1.660667e+04
8.277000e+02 1.670477e+04
8.276000e+02 1.666430e+04
8.275000e+02 1.666823e+04
8.274000e+02 1.662693e+04
8.273000e+02 1.659333e+04
8.272000e+02 1.649273e+04
8.271000e+02 1.663563e+04
8.270000e+02 1.658960e+04
8.269000e+02 1.661903e+04
8.268000e+02 1.653903e+04
8.267000e+02 1.651857e+04
8.266000e+02 1.647750e+04
8.265000e+02 1.642977e+04
8.264000e+02 1.642177e+04
8.263000e+02 1.635220e+04
8.262000e+02 1.640163e+04
8.261000e+02 1.643617e+04
8.260000e+02 1.646540e+04
8.259000e+02 1.640437e+04
8.258000e+02 1.642780e+04
8.257000e+02 1.634210e+04
8.256000e+02 1.646307e+04
8.255000e+02 1.639330e+04
8.254000e+02 1.647213e+04
8.253000e+02 1.646473e+04
8.252000e+02 1.631163e+04
8.251000e+02 1.630960e+04
8.250000e+02 1.648323e+04
8.249000e+02 1.632280e+04
8.248000e+02 1.636493e+04
8.247000e+02 1.627177e+04
8.246000e+02 1.623753e+04
8.245000e+02 1.639857e+04
8.244000e+02 1.628560e+04
8.243000e+02 1.615333e+04
8.242000e+02 1.629527e+04
8.241000e+02 1.637090e+04
8.240000e+02 1.640157e+04
8.239000e+02 1.641987e+04
8.238000e+02 1.647210e+04
8.237000e+02 1.639313e+04
8.236000e+02 1.640233e+04
8.235000e+02 1.635443e+04
8.234000e+02 1.635560e+04
8.233000e+02 1.643810e+04
8.232000e+02 1.634880e+04
8.231000e+02 1.640867e+04
8.230000e+02 1.647057e+04
8.229000e+02 1.638253e+04
8.228000e+02 1.639370e+04
8.227000e+02 1.648930e+04
8.226000e+02 1.648647e+04
8.225000e+02 1.632537e+04
8.224000e+02 1.643880e+04
8.223000e+02 1.650683e+04
8.222000e+02 1.644000e+04
8.221000e+02 1.639497e+04
8.220000e+02 1.641247e+04
8.219000e+02 1.644523e+04
8.218000e+02 1.642297e+04
8.217000e+02 1.632813e+04
8.216000e+02 1.650633e+04
8.215000e+02 1.646197e+04
8.214000e+02 1.645000e+04
8.213000e+02 1.655917e+04
8.212000e+02 1.662367e+04
8.211000e+02 1.659677e+04
8.210000e+02 1.632977e+04
8.209000e+02 1.652867e+04
8.208000e+02 1.652690e+04
8.207000e+02 1.651663e+04
8.206000e+02 1.639947e+04
8.205000e+02 1.645290e+04
8.204000e+02 1.644000e+04
8.203000e+02 1.652267e+04
8.202000e+02 1.658990e+04
8.201000e+02 1.647797e+04
8.200000e+02 1.645923e+04
8.199000e+02 1.655953e+04
8.198000e+02 1.650340e+04
8.197000e+02 1.654033e+04
8.196000e+02 1.643977e+04
8.195000e+02 1.648900e+04
8.194000e+02 1.648360e+04
8.193000e+02 1.647213e+04
8.192000e+02 1.637313e+04
8.191000e+02 1.628717e+04
8.190000e+02 1.647203e+04
8.189000e+02 1.639100e+04
8.188000e+02 1.650170e+04
8.187000e+02 1.638590e+04
8.186000e+02 1.640443e+04
8.185000e+02 1.646373e+04
8.184000e+02 1.653507e+04
8.183000e+02 1.644867e+04
8.182000e+02 1.642007e+04
8.181000e+02 1.631257e+04
8.180000e+02 1.643393e+04
8.179000e+02 1.632240e+04
8.178000e+02 1.625283e+04
8.177000e+02 1.638007e+04
8.176000e+02 1.635530e+04
8.175000e+02 1.638077e+04
8.174000e+02 1.623993e+04
8.173000e+02 1.620653e+04
8.172000e+02 1.628393e+04
8.171000e+02 1.632140e+04
8.170000e+02 1.630137e+04
8.169000e+02 1.619850e+04
8.168000e+02 1.608430e+04
8.167000e+02 1.615200e+04
8.166000e+02 1.618780e+04
8.165000e+02 1.613950e+04
8.164000e+02 1.616023e+04
8.163000e+02 1.614207e+04
8.162000e+02 1.604370e+04
8.161000e+02 1.597673e+04
8.160000e+02 1.600550e+04
8.159000e+02 1.591670e+04
8.158000e+02 1.601910e+04
8.157000e+02 1.593000e+04
8.156000e+02 1.594257e+04
8.155000e+02 1.578157e+04
8.154000e+02 1.569357e+04
8.153000e+02 1.576603e+04
8.152000e+02 1.575097e+04
8.151000e+02 1.568613e+04
8.150000e+02 1.581000e+04
8.149000e+02 1.571983e+04
8.148000e+02 1.575140e+04
8.147000e+02 1.567167e+04
8.146000e+02 1.569330e+04
8.145000e+02 1.566200e+04
8.144000e+02 1.559530e+04
8.143000e+02 1.540560e+04
8.142000e+02 1.537533e+04
8.141000e+02 1.544863e+04
8.140000e+02 1.550483e+04
8.139000e+02 1.538337e+04
8.138000e+02 1.535797e+04
8.137000e+02 1.536373e+04
8.136000e+02 1.535433e+04
8.135000e+02 1.540380e+04
8.134000e+02 1.541623e+04
8.133000e+02 1.530890e+04
8.132000e+02 1.535657e+04
8.131000e+02 1.523383e+04
8.130000e+02 1.527800e+04
8.129000e+02 1.531477e+04
8.128000e+02 1.521943e+04
8.127000e+02 1.521303e+04
8.126000e+02 1.503097e+04
8.125000e+02 1.517077e+04
8.124000e+02 1.512267e+04
8.123000e+02 1.507190e+04
8.122000e+02 1.506347e+04
8.121000e+02 1.509407e+04
8.120000e+02 1.509400e+04
8.119000e+02 1.504807e+04
8.118000e+02 1.504923e+04
8.117000e+02 1.508503e+04
8.116000e+02 1.500780e+04
8.115000e+02 1.498880e+04
8.114000e+02 1.491597e+04
8.113000e+02 1.493407e+04
8.112000e+02 1.484477e+04
8.111000e+02 1.481643e+04
8.110000e+02 1.490480e+04
8.109000e+02 1.489963e+04
8.108000e+02 1.488960e+04
8.107000e+02 1.488513e+04
8.106000e+02 1.488867e+04
8.105000e+02 1.486117e+04
8.104000e+02 1.495627e+04
8.103000e+02 1.496113e+04
8.102000e+02 1.510673e+04
8.101000e+02 1.491950e+04
8.100000e+02 1.493420e+04
8.099000e+02 1.498193e+04
8.098000e+02 1.488463e+04
8.097000e+02 1.488047e+04
8.096000e+02 1.490010e+04
8.095000e+02 1.495683e+04
8.094000e+02 1.493827e+04
8.093000e+02 1.496160e+04
8.092000e+02 1.490000e+04
8.091000e+02 1.486963e+04
8.090000e+02 1.500270e+04
8.089000e+02 1.517910e+04
8.088000e+02 1.505983e+04
8.087000e+02 1.509823e+04
8.086000e+02 1.509603e+04
8.085000e+02 1.524583e+04
8.084000e+02 1.526643e+04
8.083000e+02 1.536067e+04
8.082000e+02 1.532900e+04
8.081000e+02 1.546913e+04
8.080000e+02 1.546433e+04
8.079000e+02 1.544867e+04
8.078000e+02 1.558747e+04
8.077000e+02 1.579967e+04
8.076000e+02 1.585143e+04
8.075000e+02 1.570020e+04
8.074000e+02 1.581107e+04
8.073000e+02 1.591630e+04
8.072000e+02 1.594437e+04
8.071000e+02 1.586303e+04
8.070000e+02 1.602833e+04
8.069000e+02 1.612363e+04
8.068000e+02 1.625633e+04
8.067000e+02 1.622280e+04
8.066000e+02 1.622727e+04
8.065000e+02 1.637867e+04
8.064000e+02 1.657720e+04
8.063000e+02 1.668773e+04
8.062000e+02 1.677060e+04
8.061000e+02 1.698093e+04
8.060000e+02 1.691797e+04
8.059000e+02 1.708020e+04
8.058000e+02 1.712783e+04
8.057000e+02 1.719037e+04
8.056000e+02 1.737003e+04
8.055000e+02 1.751043e+04
8.054000e+02 1.775890e+04
8.053000e+02 1.784517e+04
8.052000e+02 1.795550e+04
8.051000e+02 1.806160e+04
8.050000e+02 1.822397e+04
8.049000e+02 1.842480e+04
8.048000e+02 1.867737e+04
8.047000e+02 1.879627e+04
8.046000e+02 1.907167e+04
8.045000e+02 1.929427e+04
8.044000e+02 1.960157e+04
8.043000e+02 1.983090e+04
8.042000e+02 2.002707e+04
8.041000e+02 2.029797e+04
8.040000e+02 2.038380e+04
8.039000e+02 2.071227e+04
8.038000e+02 2.101463e+04
8.037000e+02 2.114190e+04
8.036000e+02 2.133380e+04
8.035000e+02 2.178610e+04
8.034000e+02 2.169670e+04
8.033000e+02 2.183350e+04
8.032000e+02 2.214993e+04
8.031000e+02 2.218560e+04
8.030000e+02 2.216163e+04
8.029000e+02 2.207723e+04
8.028000e+02 2.208877e+04
8.027000e+02 2.196363e+04
8.026000e+02 2.194547e+04
8.025000e+02 2.184203e+04
8.024000e+02 2.190970e+04
8.023000e+02 2.147013e+04
8.022000e+02 2.129187e+04
8.021000e+02 2.120710e+04
8.020000e+02 2.086747e+04
8.019000e+02 2.071163e+04
8.018000e+02 2.052973e+04
8.017000e+02 2.038030e+04
8.016000e+02 2.024990e+04
8.015000e+02 2.000087e+04
8.014000e+02 1.976417e+04
8.013000e+02 1.950423e+04
8.012000e+02 1.923580e+04
8.011000e+02 1.920243e+04
8.010000e+02 1.903587e+04
8.009000e+02 1.889273e+04
8.008000e+02 1.863443e+04
8.007000e+02 1.851430e+04
8.006000e+02 1.835963e+04
8.005000e+02 1.831350e+04
8.004000e+02 1.822577e+04
8.003000e+02 1.814547e+04
8.002000e+02 1.811207e+04
8.001000e+02 1.801827e+04
8.000000e+02 1.811273e+04
7.999000e+02 1.805977e+04
7.998000e+02 1.809627e+04
7.997000e+02 1.815150e+04
7.996000e+02 1.818683e+04
7.995000e+02 1.829513e+04
7.994000e+02 1.842123e+04
7.993000e+02 1.849287e+04
7.992000e+02 1.869583e+04
7.991000e+02 1.889113e+04
7.990000e+02 1.907287e+04
7.989000e+02 1.924820e+04
7.988000e+02 1.942440e+04
7.987000e+02 1.967603e+04
7.986000e+02 2.010210e+04
7.985000e+02 2.035183e+04
7.984000e+02 2.057307e+04
7.983000e+02 2.075850e+04
7.982000e+02 2.126203e+04
7.981000e+02 2.153437e+04
7.980000e+02 2.197237e+04
7.979000e+02 2.223363e+04
7.978000e+02 2.250263e+04
7.977000e+02 2.259067e+04
7.976000e+02 2.306230e+04
7.975000e+02 2.352023e+04
7.974000e+02 2.361777e+04
7.973000e+02 2.373830e+04
7.972000e+02 2.387143e+04
7.971000e+02 2.407537e+04
7.970000e+02 2.442313e+04
7.969000e+02 2.448243e+04
7.968000e+02 2.452347e+04
7.967000e+02 2.461797e+04
7.966000e+02 2.484887e+04
7.965000e+02 2.487093e+04
7.964000e+02 2.484187e+04
7.963000e+02 2.488247e+04
7.962000e+02 2.472133e+04
7.961000e+02 2.467963e+04
7.960000e+02 2.446823e+04
7.959000e+02 2.443997e+04
7.958000e+02 2.414260e+04
7.957000e+02 2.377010e+04
7.956000e+02 2.344190e+04
7.955000e+02 2.330387e+04
7.954000e+02 2.279597e+04
7.953000e+02 2.220053e+04
7.952000e+02 2.180847e+04
7.951000e+02 2.118277e+04
7.950000e+02 2.071437e+04
7.949000e+02 2.018330e+04
7.948000e+02 1.976500e+04
7.947000e+02 1.906170e+04
7.946000e+02 1.837530e+04
7.945000e+02 1.781740e+04
7.944000e+02 1.735980e+04
7.943000e+02 1.683990e+04
7.942000e+02 1.655670e+04
7.941000e+02 1.627400e+04
7.940000e+02 1.574223e+04
7.939000e+02 1.553390e+04
7.938000e+02 1.543700e+04
7.937000e+02 1.530387e+04
7.936000e+02 1.505577e+04
7.935000e+02 1.498117e+04
7.934000e+02 1.493823e+04
7.933000e+02 1.484950e+04
7.932000e+02 1.476123e+04
7.931000e+02 1.472197e+04
7.930000e+02 1.487430e+04
7.929000e+02 1.477603e+04
7.928000e+02 1.481890e+04
7.927000e+02 1.487373e+04
7.926000e+02 1.491517e+04
7.925000e+02 1.505583e+04
7.924000e+02 1.513263e+04
7.923000e+02 1.505977e+04
7.922000e+02 1.520220e+04
7.921000e+02 1.528360e+04
7.920000e+02 1.557700e+04
7.919000e+02 1.565627e+04
7.918000e+02 1.570553e+04
7.917000e+02 1.575920e+04
7.916000e+02 1.592303e+04
7.915000e+02 1.588357e+04
7.914000e+02 1.607273e+04
7.913000e+02 1.624703e+04
7.912000e+02 1.632893e+04
7.911000e+02 1.635923e+04
7.910000e+02 1.642560e+04
7.909000e+02 1.656580e+04
7.908000e+02 1.657160e+04
7.907000e+02 1.672793e+04
7.906000e+02 1.689317e+04
7.905000e+02 1.685400e+04
7.904000e+02 1.692690e+04
7.903000e+02 1.699417e+04
7.902000e+02 1.721753e+04
7.901000e+02 1.727520e+04
7.900000e+02 1.739713e+04
7.899000e+02 1.748593e+04
7.898000e+02 1.775903e+04
7.897000e+02 1.780470e+04
7.896000e+02 1.802033e+04
7.895000e+02 1.811480e+04
7.894000e+02 1.839087e+04
7.893000e+02 1.867657e+04
7.892000e+02 1.884427e+04
7.891000e+02 1.911910e+04
7.890000e+02 1.947127e+04
7.889000e+02 1.961460e+04
7.888000e+02 1.978520e+04
7.887000e+02 2.008867e+04
7.886000e+02 2.046840e+04
7.885000e+02 2.081180e+04
7.884000e+02 2.104907e+04
7.883000e+02 2.112390e+04
7.882000e+02 2.139737e+04
7.881000e+02 2.167217e+04
7.880000e+02 2.195963e+04
7.879000e+02 2.208803e+04
7.878000e+02 2.215473e+04
7.877000e+02 2.246970e+04
7.876000e+02 2.272567e+04
7.875000e+02 2.282013e+04
7.874000e+02 2.317970e+04
7.873000e+02 2.317967e+04
7.872000e+02 2.338617e+04
7.871000e+02 2.349327e+04
7.870000e+02 2.367250e+04
7.869000e+02 2.388443e+04
7.868000e+02 2.406290e+04
7.867000e+02 2.422090e+04
7.866000e+02 2.449333e+04
7.865000e+02 2.457017e+04
7.864000e+02 2.438737e+04
7.863000e+02 2.460877e+04
7.862000e+02 2.441633e+04
7.861000e+02 2.431010e+04
7.860000e+02 2.415013e+04
7.859000e+02 2.392487e+04
7.858000e+02 2.380830e+04
7.857000e+02 2.348340e+04
7.856000e+02 2.341267e+04
7.855000e+02 2.298410e+04
7.854000e+02 2.276803e+04
7.853000e+02 2.246493e+04
7.852000e+02 2.214580e+04
7.851000e+02 2.210750e+04
7.850000e+02 2.210107e+04
7.849000e+02 2.197277e+04
7.848000e+02 2.199443e+04
7.847000e+02 2.191717e+04
7.846000e+02 2.177327e+04
7.845000e+02 2.204640e+04
7.844000e+02 2.213530e+04
7.843000e+02 2.217310e+04
7.842000e+02 2.234537e+04
7.841000e+02 2.247800e+04
7.840000e+02 2.278937e+04
7.839000e+02 2.307733e+04
7.838000e+02 2.329470e+04
7.837000e+02 2.360467e+04
7.836000e+02 2.394790e+04
7.835000e+02 2.436627e+04
7.834000e+02 2.481620e+04
7.833000e+02 2.522093e+04
7.832000e+02 2.563433e+04
7.831000e+02 2.602400e+04
7.830000e+02 2.630600e+04
7.829000e+02 2.653047e+04
7.828000e+02 2.697060e+04
7.827000e+02 2.744437e+04
7.826000e+02 2.778123e+04
7.825000e+02 2.805770e+04
7.824000e+02 2.836630e+04
7.823000e+02 2.871150e+04
7.822000e+02 2.913497e+04
7.821000e+02 2.950793e+04
7.820000e+02 2.984733e+04
7.819000e+02 3.018537e+04
7.818000e+02 3.081437e+04
7.817000e+02 3.111073e+04
7.816000e+02 3.141203e+04
7.815000e+02 3.189347e+04
7.814000e+02 3.240213e+04
7.813000e+02 3.278353e+04
7.812000e+02 3.319203e+04
7.811000e+02 3.344167e+04
7.810000e+02 3.374367e+04
7.809000e+02 3.418067e+04
7.808000e+02 3.454067e+04
7.807000e+02 3.495533e+04
7.806000e+02 3.498600e+04
7.805000e+02 3.500300e+04
7.804000e+02 3.515800e+04
7.803000e+02 3.496667e+04
7.802000e+02 3.498867e+04
7.801000e+02 3.443900e+04
7.800000e+02 3.403267e+04
7.799000e+02 3.357867e+04
7.798000e+02 3.284697e+04
7.797000e+02 3.216083e+04
7.796000e+02 3.152650e+04
7.795000e+02 3.059180e+04
7.794000e+02 2.939747e+04
7.793000e+02 2.805590e+04
7.792000e+02 2.679647e+04
7.791000e+02 2.558383e+04
7.790000e+02 2.403193e+04
7.789000e+02 2.231633e+04
7.788000e+02 2.086217e+04
7.787000e+02 1.954517e+04
7.786000e+02 1.821813e+04
7.785000e+02 1.704750e+04
7.784000e+02 1.582833e+04
7.783000e+02 1.494737e+04
7.782000e+02 1.416027e+04
7.781000e+02 1.357280e+04
7.780000e+02 1.309397e+04
7.779000e+02 1.282733e+04
7.778000e+02 1.249677e+04
7.777000e+02 1.229227e+04
7.776000e+02 1.214230e+04
7.775000e+02 1.187970e+04
7.774000e+02 1.181870e+04
7.773000e+02 1.180573e+04
7.772000e+02 1.160153e+04
7.771000e+02 1.161407e+04
7.770000e+02 1.164810e+04
7.769000e+02 1.142997e+04
7.768000e+02 1.134093e+04
7.767000e+02 1.131043e+04
7.766000e+02 1.116653e+04
7.765000e+02 1.113497e+04
7.764000e+02 1.100443e+04
7.763000e+02 1.104643e+04
7.762000e+02 1.100130e+04
7.761000e+02 1.098587e+04
7.760000e+02 1.086677e+04
7.759000e+02 1.073670e+04
7.758000e+02 1.072423e+04
7.757000e+02 1.071910e+04
7.756000e+02 1.065897e+04
7.755000e+02 1.059333e+04
7.754000e+02 1.057103e+04
7.753000e+02 1.062060e+04
7.752000e+02 1.048327e+04
7.751000e+02 1.049000e+04
7.750000e+02 1.046493e+04
7.749000e+02 1.031653e+04
7.748000e+02 1.034760e+04
7.747000e+02 1.034237e+04
7.746000e+02 1.026960e+04
7.745000e+02 1.030887e+04
7.744000e+02 1.022957e+04
7.743000e+02 1.020427e+04
7.742000e+02 1.018107e+04
7.741000e+02 1.015860e+04
7.740000e+02 1.002967e+04
7.739000e+02 1.007607e+04
7.738000e+02 1.007470e+04
7.737000e+02 1.008937e+04
7.736000e+02 1.007540e+04
7.735000e+02 1.004607e+04
7.734000e+02 9.945200e+03
7.733000e+02 9.980233e+03
7.732000e+02 1.000863e+04
7.731000e+02 9.840033e+03
7.730000e+02 9.977700e+03
7.729000e+02 9.951733e+03
7.728000e+02 9.859267e+03
7.727000e+02 9.918133e+03
7.726000e+02 9.784667e+03
7.725000e+02 9.808400e+03
7.724000e+02 9.774733e+03
7.723000e+02 9.815133e+03
7.722000e+02 9.847533e+03
7.721000e+02 9.820900e+03
7.720000e+02 9.746333e+03
7.719000e+02 9.708800e+03
7.718000e+02 9.748067e+03
7.717000e+02 9.808567e+03
7.716000e+02 9.655933e+03
7.715000e+02 9.604100e+03
7.714000e+02 9.523267e+03
7.713000e+02 9.493567e+03
7.712000e+02 9.453500e+03
7.711000e+02 9.377433e+03
7.710000e+02 9.422967e+03
7.709000e+02 9.390567e+03
7.708000e+02 9.289333e+03
7.707000e+02 9.106800e+03
7.706000e+02 9.169533e+03
7.705000e+02 9.149267e+03
7.704000e+02 9.034267e+03
7.703000e+02 8.933200e+03
7.702000e+02 8.766167e+03
7.701000e+02 8.735300e+03
7.700000e+02 8.573833e+03
7.699000e+02 8.557733e+03
7.698000e+02 8.357967e+03
7.697000e+02 8.278733e+03
7.696000e+02 8.222700e+03
7.695000e+02 8.131667e+03
7.694000e+02 8.034033e+03
7.693000e+02 7.936133e+03
7.692000e+02 7.833533e+03
7.691000e+02 7.633433e+03
7.690000e+02 7.605600e+03
7.689000e+02 7.541067e+03
7.688000e+02 7.497867e+03
7.687000e+02 7.286067e+03
7.686000e+02 7.154600e+03
7.685000e+02 7.074500e+03
7.684000e+02 7.073067e+03
7.683000e+02 6.979933e+03
7.682000e+02 6.858600e+03
7.681000e+02 6.834800e+03
7.680000e+02 6.726400e+03
7.679000e+02 6.650767e+03
7.678000e+02 6.653400e+03
7.677000e+02 6.629700e+03
7.676000e+02 6.568033e+03
7.675000e+02 6.467967e+03
7.674000e+02 6.430400e+03
7.673000e+02 6.312367e+03
7.672000e+02 6.414367e+03
7.671000e+02 6.383500e+03
7.670000e+02 6.339433e+03
7.669000e+02 6.308233e+03
7.668000e+02 6.251667e+03
7.667000e+02 6.243800e+03
7.666000e+02 6.171633e+03
7.665000e+02 6.167233e+03
7.664000e+02 6.184667e+03
7.663000e+02 6.124700e+03
7.662000e+02 6.071200e+03
7.661000e+02 6.082000e+03
7.660000e+02 6.054533e+03
7.659000e+02 6.015833e+03
7.658000e+02 6.014500e+03
7.657000e+02 5.992767e+03
7.656000e+02 5.899733e+03
7.655000e+02 5.947933e+03
7.654000e+02 5.869900e+03
7.653000e+02 5.755700e+03
7.652000e+02 5.753400e+03
7.651000e+02 5.767467e+03
7.650000e+02 5.807800e+03
7.649000e+02 5.798233e+03
7.648000e+02 5.810967e+03
7.647000e+02 5.786233e+03
7.646000e+02 5.806833e+03
7.645000e+02 5.741267e+03
7.644000e+02 5.747133e+03
7.643000e+02 5.744000e+03
7.642000e+02 5.788033e+03
7.641000e+02 5.780067e+03
7.640000e+02 5.699700e+03
7.639000e+02 5.602133e+03
7.638000e+02 5.605967e+03
7.637000e+02 5.657433e+03
7.636000e+02 5.565000e+03
7.635000e+02 5.596133e+03
7.634000e+02 5.577567e+03
7.633000e+02 5.544000e+03
7.632000e+02 5.571433e+03
7.631000e+02 5.512267e+03
7.630000e+02 5.548900e+03
7.629000e+02 5.549833e+03
7.628000e+02 5.561433e+03
7.627000e+02 5.549000e+03
7.626000e+02 5.477667e+03
7.625000e+02 5.428867e+03
7.624000e+02 5.424033e+03
7.623000e+02 5.478767e+03
7.622000e+02 5.426333e+03
7.621000e+02 5.545867e+03
7.620000e+02 5.401233e+03
7.619000e+02 5.407133e+03
7.618000e+02 5.478500e+03
7.617000e+02 5.364500e+03
7.616000e+02 5.456567e+03
7.615000e+02 5.440633e+03
7.614000e+02 5.400267e+03
7.613000e+02 5.370833e+03
7.612000e+02 5.322033e+03
7.611000e+02 5.370133e+03
7.610000e+02 5.373433e+03
7.609000e+02 5.330000e+03
7.608000e+02 5.303233e+03
7.607000e+02 5.273933e+03
7.606000e+02 5.302433e+03
7.605000e+02 5.316133e+03
7.604000e+02 5.250867e+03
7.603000e+02 5.349433e+03
7.602000e+02 5.325667e+03
7.601000e+02 5.240200e+03
7.600000e+02 5.260133e+03
7.599000e+02 5.271267e+03
7.598000e+02 5.197267e+03
7.597000e+02 5.254433e+03
7.596000e+02 5.206900e+03
7.595000e+02 5.222733e+03
7.594000e+02 5.251267e+03
7.593000e+02 5.297267e+03
7.592000e+02 5.208300e+03
7.591000e+02 5.195567e+03
7.590000e+02 5.220033e+03
7.589000e+02 5.198100e+03
7.588000e+02 5.101767e+03
7.587000e+02 5.187333e+03
7.586000e+02 5.187733e+03
7.585000e+02 5.171333e+03
7.584000e+02 5.174533e+03
7.583000e+02 5.119500e+03
7.582000e+02 5.147667e+03
7.581000e+02 5.124767e+03
7.580000e+02 5.095133e+03
7.579000e+02 5.055933e+03
7.578000e+02 5.039000e+03
7.577000e+02 5.071900e+03
7.576000e+02 5.099600e+03
7.575000e+02 5.148833e+03
7.574000e+02 5.086967e+03
7.573000e+02 5.065200e+03
7.572000e+02 5.019333e+03
7.571000e+02 4.979533e+03
7.570000e+02 4.956300e+03
7.569000e+02 5.041367e+03
7.568000e+02 5.023133e+03
7.567000e+02 5.087233e+03
7.566000e+02 4.955000e+03
7.565000e+02 4.940133e+03
7.564000e+02 4.911433e+03
7.563000e+02 4.921167e+03
7.562000e+02 4.922867e+03
7.561000e+02 4.882533e+03
7.560000e+02 4.880633e+03
7.559000e+02 4.808633e+03
7.558000e+02 4.736133e+03
7.557000e+02 4.804567e+03
7.556000e+02 4.840767e+03
7.555000e+02 4.852667e+03
7.554000e+02 4.910033e+03
7.553000e+02 4.851300e+03
7.552000e+02 4.804567e+03
7.551000e+02 4.799967e+03
7.550000e+02 4.786833e+03
7.549000e+02 4.737933e+03
7.548000e+02 4.719533e+03
7.547000e+02 4.682933e+03
7.546000e+02 4.701000e+03
7.545000e+02 4.705900e+03
7.544000e+02 4.732233e+03
7.543000e+02 4.659700e+03
7.542000e+02 4.702633e+03
7.541000e+02 4.707533e+03
7.540000e+02 4.682100e+03
7.539000e+02 4.671333e+03
7.538000e+02 4.712300e+03
7.537000e+02 4.706400e+03
7.536000e+02 4.685900e+03
7.535000e+02 4.642367e+03
7.534000e+02 4.558000e+03
7.533000e+02 4.697133e+03
7.532000e+02 4.654333e+03
7.531000e+02 4.661233e+03
7.530000e+02 4.654567e+03
7.529000e+02 4.598200e+03
7.528000e+02 4.576300e+03
7.527000e+02 4.593933e+03
7.526000e+02 4.647633e+03
7.525000e+02 4.589267e+03
7.524000e+02 4.645267e+03
7.523000e+02 4.557367e+03
7.522000e+02 4.624933e+03
7.521000e+02 4.614833e+03
7.520000e+02 4.588400e+03
7.519000e+02 4.647233e+03
7.518000e+02 4.582400e+03
7.517000e+02 4.532233e+03
7.516000e+02 4.533367e+03
7.515000e+02 4.549833e+03
7.514000e+02 4.609767e+03
7.513000e+02 4.611000e+03
7.512000e+02 4.633833e+03
7.511000e+02 4.528633e+03
7.510000e+02 4.616267e+03
7.509000e+02 4.577267e+03
7.508000e+02 4.573700e+03
7.507000e+02 4.561267e+03
7.506000e+02 4.521367e+03
7.505000e+02 4.492767e+03
7.504000e+02 4.450700e+03
7.503000e+02 4.524133e+03
7.502000e+02 4.552500e+03
7.501000e+02 4.529100e+03
7.500000e+02 4.541300e+03
7.499000e+02 4.506833e+03
7.498000e+02 4.540700e+03
7.497000e+02 4.553133e+03
7.496000e+02 4.603000e+03
7.495000e+02 4.586800e+03
7.494000e+02 4.569600e+03
7.493000e+02 4.603500e+03
7.492000e+02 4.573300e+03
7.491000e+02 4.577267e+03
7.490000e+02 4.589800e+03
7.489000e+02 4.584767e+03
7.488000e+02 4.600900e+03
7.487000e+02 4.589167e+03
7.486000e+02 4.561500e+03
7.485000e+02 4.649567e+03
7.484000e+02 4.598267e+03
7.483000e+02 4.563433e+03
7.482000e+02 4.568233e+03
7.481000e+02 4.591467e+03
7.480000e+02 4.581967e+03
7.479000e+02 4.592433e+03
7.478000e+02 4.603100e+03
7.477000e+02 4.579167e+03
7.476000e+02 4.519200e+03
7.475000e+02 4.484967e+03
7.474000e+02 4.582500e+03
7.473000e+02 4.587633e+03
7.472000e+02 4.616233e+03
7.471000e+02 4.574367e+03
7.470000e+02 4.548400e+03
7.469000e+02 4.567933e+03
7.468000e+02 4.655433e+03
7.467000e+02 4.629233e+03
7.466000e+02 4.639600e+03
7.465000e+02 4.586800e+03
7.464000e+02 4.591667e+03
7.463000e+02 4.580033e+03
7.462000e+02 4.687533e+03
7.461000e+02 4.612433e+03
7.460000e+02 4.617233e+03
7.459000e+02 4.554633e+03
7.458000e+02 4.578467e+03
7.457000e+02 4.571933e+03
7.456000e+02 4.580667e+03
7.455000e+02 4.561700e+03
7.454000e+02 4.626600e+03
7.453000e+02 4.639200e+03
7.452000e+02 4.607633e+03
7.451000e+02 4.617500e+03
7.450000e+02 4.687500e+03
7.449000e+02 4.659467e+03
7.448000e+02 4.618800e+03
7.447000e+02 4.666567e+03
7.446000e+02 4.642400e+03
7.445000e+02 4.587333e+03
7.444000e+02 4.644800e+03
7.443000e+02 4.598900e+03
7.442000e+02 4.569033e+03
7.441000e+02 4.675367e+03
7.440000e+02 4.637933e+03
7.439000e+02 4.619433e+03
7.438000e+02 4.564967e+03
7.437000e+02 4.642500e+03
7.436000e+02 4.616633e+03
7.435000e+02 4.664933e+03
7.434000e+02 4.647767e+03
7.433000e+02 4.615100e+03
7.432000e+02 4.656467e+03
7.431000e+02 4.689533e+03
7.430000e+02 4.670033e+03
7.429000e+02 4.716700e+03
7.428000e+02 4.671633e+03
7.427000e+02 4.720900e+03
7.426000e+02 4.768033e+03
7.425000e+02 4.670067e+03
7.424000e+02 4.632033e+03
7.423000e+02 4.670333e+03
7.422000e+02 4.627300e+03
7.421000e+02 4.678900e+03
7.420000e+02 4.687700e+03
7.419000e+02 4.704400e+03
7.418000e+02 4.719667e+03
7.417000e+02 4.739100e+03
7.416000e+02 4.743200e+03
7.415000e+02 4.689633e+03
7.414000e+02 4.731700e+03
7.413000e+02 4.697567e+03
7.412000e+02 4.727767e+03
7.411000e+02 4.678600e+03
7.410000e+02 4.738867e+03
7.409000e+02 4.718900e+03
7.408000e+02 4.754500e+03
7.407000e+02 4.738467e+03
7.406000e+02 4.679333e+03
7.405000e+02 4.767900e+03
7.404000e+02 4.798700e+03
7.403000e+02 4.738633e+03
7.402000e+02 4.728867e+03
7.401000e+02 4.735000e+03
7.400000e+02 4.735667e+03
7.399000e+02 4.755200e+03
7.398000e+02 4.792433e+03
7.397000e+02 4.793133e+03
7.396000e+02 4.741300e+03
7.395000e+02 4.717533e+03
7.394000e+02 4.772233e+03
7.393000e+02 4.795867e+03
7.392000e+02 4.810600e+03
7.391000e+02 4.823767e+03
7.390000e+02 4.799367e+03
7.389000e+02 4.849900e+03
7.388000e+02 4.813967e+03
7.387000e+02 4.822433e+03
7.386000e+02 4.730367e+03
7.385000e+02 4.884400e+03
7.384000e+02 4.816067e+03
7.383000e+02 4.805767e+03
7.382000e+02 4.855833e+03
7.381000e+02 4.887967e+03
7.380000e+02 4.810133e+03
7.379000e+02 4.846100e+03
7.378000e+02 4.890033e+03
7.377000e+02 4.925133e+03
7.376000e+02 4.838067e+03
7.375000e+02 4.914500e+03
7.374000e+02 4.929233e+03
7.373000e+02 4.873533e+03
7.372000e+02 4.872100e+03
7.371000e+02 4.875000e+03
7.370000e+02 4.854700e+03
7.369000e+02 4.881300e+03
7.368000e+02 4.792367e+03
7.367000e+02 4.843100e+03
7.366000e+02 4.861033e+03
7.365000e+02 4.878667e+03
7.364000e+02 4.887000e+03
7.363000e+02 4.916033e+03
7.362000e+02 4.888667e+03
7.361000e+02 4.866100e+03
7.360000e+02 4.852900e+03
7.359000e+02 4.832767e+03
7.358000e+02 4.923167e+03
7.357000e+02 4.908333e+03
7.356000e+02 4.896133e+03
7.355000e+02 4.950200e+03
7.354000e+02 4.926533e+03
7.353000e+02 4.952667e+03
7.352000e+02 4.922333e+03
7.351000e+02 4.764867e+03
7.350000e+02 4.855167e+03
7.349000e+02 4.942400e+03
7.348000e+02 4.901633e+03
7.347000e+02 4.928000e+03
7.346000e+02 4.942667e+03
7.345000e+02 5.034567e+03
7.344000e+02 4.932800e+03
7.343000e+02 4.907567e+03
7.342000e+02 4.935633e+03
7.341000e+02 4.922200e+03
7.340000e+02 4.989433e+03
7.339000e+02 4.895000e+03
7.338000e+02 4.876067e+03
7.337000e+02 4.912800e+03
7.336000e+02 4.909533e+03
7.335000e+02 4.970033e+03
7.334000e+02 4.950033e+03
7.333000e+02 4.934900e+03
7.332000e+02 4.926867e+03
7.331000e+02 4.927767e+03
7.330000e+02 4.958000e+03
7.329000e+02 4.956967e+03
7.328000e+02 4.887167e+03
7.327000e+02 4.880567e+03
7.326000e+02 4.905333e+03
7.325000e+02 4.941067e+03
7.324000e+02 4.890833e+03
7.323000e+02 4.920800e+03
7.322000e+02 4.933567e+03
7.321000e+02 4.938733e+03
7.320000e+02 4.927533e+03
7.319000e+02 4.903433e+03
7.318000e+02 4.986467e+03
7.317000e+02 4.949433e+03
7.316000e+02 4.946000e+03
7.315000e+02 4.875367e+03
7.314000e+02 4.965867e+03
7.313000e+02 4.889600e+03
7.312000e+02 4.966833e+03
7.311000e+02 4.952433e+03
7.310000e+02 4.886833e+03
7.309000e+02 4.888433e+03
7.308000e+02 4.964667e+03
7.307000e+02 4.932067e+03
7.306000e+02 4.979667e+03
7.305000e+02 4.943933e+03
7.304000e+02 4.945500e+03
7.303000e+02 4.850000e+03
7.302000e+02 4.838700e+03
7.301000e+02 4.904600e+03
7.300000e+02 4.901900e+03
7.299000e+02 4.900333e+03
7.298000e+02 4.926333e+03
7.297000e+02 4.945633e+03
7.296000e+02 4.834667e+03
7.295000e+02 4.863933e+03
7.294000e+02 4.934600e+03
7.293000e+02 4.864633e+03
7.292000e+02 4.867267e+03
7.291000e+02 4.892900e+03
7.290000e+02 4.871200e+03
7.289000e+02 4.856867e+03
7.288000e+02 4.876833e+03
7.287000e+02 4.849600e+03
7.286000e+02 4.864800e+03
7.285000e+02 4.817767e+03
7.284000e+02 4.847200e+03
7.283000e+02 4.884233e+03
7.282000e+02 4.820033e+03
7.281000e+02 4.816100e+03
7.280000e+02 4.934533e+03
7.279000e+02 4.875033e+03
7.278000e+02 4.854300e+03
7.277000e+02 4.869567e+03
7.276000e+02 4.860567e+03
7.275000e+02 4.896067e+03
7.274000e+02 4.884467e+03
7.273000e+02 4.999633e+03
7.272000e+02 5.007633e+03
7.271000e+02 4.977067e+03
7.270000e+02 4.951900e+03
7.269000e+02 4.978067e+03
7.268000e+02 4.955233e+03
7.267000e+02 4.968667e+03
7.266000e+02 4.943467e+03
7.265000e+02 4.959667e+03
7.264000e+02 4.996800e+03
7.263000e+02 5.080600e+03
7.262000e+02 5.122667e+03
7.261000e+02 5.093333e+03
7.260000e+02 5.046600e+03
7.259000e+02 5.062500e+03
7.258000e+02 5.141100e+03
7.257000e+02 5.123967e+03
7.256000e+02 5.139267e+03
7.255000e+02 5.172133e+03
7.254000e+02 5.188733e+03
7.253000e+02 5.098067e+03
7.252000e+02 5.186567e+03
7.251000e+02 5.185533e+03
7.250000e+02 5.259967e+03
7.249000e+02 5.297967e+03
7.248000e+02 5.270867e+03
7.247000e+02 5.255600e+03
7.246000e+02 5.295067e+03
7.245000e+02 5.361900e+03
7.244000e+02 5.289433e+03
7.243000e+02 5.356800e+03
7.242000e+02 5.394233e+03
7.241000e+02 5.498400e+03
7.240000e+02 5.491700e+03
7.239000e+02 5.524533e+03
7.238000e+02 5.664000e+03
7.237000e+02 5.678300e+03
7.236000e+02 5.668467e+03
7.235000e+02 5.595233e+03
7.234000e+02 5.588100e+03
7.233000e+02 5.677133e+03
7.232000e+02 5.717333e+03
7.231000e+02 5.708133e+03
7.230000e+02 5.832267e+03
7.229000e+02 5.867100e+03
7.228000e+02 5.958767e+03
7.227000e+02 5.942200e+03
7.226000e+02 5.949000e+03
7.225000e+02 6.104900e+03
7.224000e+02 6.109267e+03
7.223000e+02 6.188033e+03
7.222000e+02 6.246733e+03
7.221000e+02 6.290300e+03
7.220000e+02 6.314600e+03
7.219000e+02 6.457533e+03
7.218000e+02 6.523067e+03
7.217000e+02 6.572533e+03
7.216000e+02 6.616567e+03
7.215000e+02 6.658067e+03
7.214000e+02 6.676400e+03
7.213000e+02 6.857233e+03
7.212000e+02 6.905633e+03
7.211000e+02 6.943367e+03
7.210000e+02 6.976000e+03
7.209000e+02 7.061133e+03
7.208000e+02 7.139600e+03
7.207000e+02 7.309033e+03
7.206000e+02 7.252000e+03
7.205000e+02 7.336700e+03
7.204000e+02 7.363867e+03
7.203000e+02 7.456233e+03
7.202000e+02 7.461067e+03
7.201000e+02 7.511033e+03
7.200000e+02 7.696533e+03
7.199000e+02 7.753267e+03
7.198000e+02 7.692867e+03
7.197000e+02 7.716267e+03
7.196000e+02 7.751133e+03
7.195000e+02 7.810567e+03
7.194000e+02 7.932633e+03
7.193000e+02 8.035433e+03
7.192000e+02 8.033067e+03
7.191000e+02 8.133367e+03
7.190000e+02 8.165833e+03
7.189000e+02 8.078200e+03
7.188000e+02 8.131700e+03
7.187000e+02 8.192567e+03
7.186000e+02 8.225033e+03
7.185000e+02 8.196033e+03
7.184000e+02 8.271400e+03
7.183000e+02 8.300767e+03
7.182000e+02 8.312700e+03
7.181000e+02 8.298467e+03
7.180000e+02 8.301167e+03
7.179000e+02 8.255633e+03
7.178000e+02 8.312467e+03
7.177000e+02 8.335867e+03
7.176000e+02 8.375467e+03
7.175000e+02 8.318000e+03
7.174000e+02 8.344433e+03
7.173000e+02 8.448200e+03
7.172000e+02 8.405433e+03
7.171000e+02 8.358767e+03
7.170000e+02 8.370500e+03
7.169000e+02 8.460333e+03
7.168000e+02 8.324867e+03
7.167000e+02 8.403800e+03
7.166000e+02 8.568400e+03
7.165000e+02 8.512367e+03
7.164000e+02 8.542833e+03
7.163000e+02 8.568333e+03
7.162000e+02 8.512233e+03
7.161000e+02 8.456900e+03
7.160000e+02 8.487700e+03
7.159000e+02 8.488700e+03
7.158000e+02 8.496133e+03
7.157000e+02 8.514967e+03
7.156000e+02 8.515633e+03
7.155000e+02 8.571967e+03
7.154000e+02 8.525867e+03
7.153000e+02 8.619467e+03
7.152000e+02 8.632000e+03
7.151000e+02 8.556333e+03
7.150000e+02 8.583000e+03
7.149000e+02 8.605467e+03
7.148000e+02 8.690467e+03
7.147000e+02 8.598833e+03
7.146000e+02 8.742833e+03
7.145000e+02 8.764267e+03
7.144000e+02 8.764433e+03
7.143000e+02 8.894667e+03
7.142000e+02 8.931367e+03
7.141000e+02 8.840200e+03
7.140000e+02 8.824933e+03
7.139000e+02 8.940967e+03
7.138000e+02 8.935667e+03
7.137000e+02 8.859400e+03
7.136000e+02 8.941933e+03
7.135000e+02 8.960233e+03
7.134000e+02 9.012533e+03
7.133000e+02 8.918233e+03
7.132000e+02 9.006167e+03
7.131000e+02 8.935300e+03
7.130000e+02 8.902467e+03
7.129000e+02 8.896800e+03
7.128000e+02 8.946967e+03
7.127000e+02 8.967233e+03
7.126000e+02 8.897267e+03
7.125000e+02 8.889367e+03
7.124000e+02 8.927300e+03
7.123000e+02 8.942200e+03
7.122000e+02 8.850033e+03
7.121000e+02 8.808133e+03
7.120000e+02 8.680833e+03
7.119000e+02 8.610833e+03
7.118000e+02 8.636767e+03
7.117000e+02 8.620700e+03
7.116000e+02 8.651533e+03
7.115000e+02 8.564100e+03
7.114000e+02 8.510033e+03
7.113000e+02 8.562967e+03
7.112000e+02 8.532000e+03
7.111000e+02 8.402767e+03
7.110000e+02 8.188167e+03
7.109000e+02 8.087633e+03
7.108000e+02 8.083467e+03
7.107000e+02 7.941500e+03
7.106000e+02 7.830233e+03
7.105000e+02 7.806700e+03
7.104000e+02 7.632067e+03
7.103000e+02 7.479100e+03
7.102000e+02 7.333800e+03
7.101000e+02 7.185667e+03
7.100000e+02 7.057300e+03
7.099000e+02 6.921667e+03
7.098000e+02 6.764967e+03
7.097000e+02 6.693400e+03
7.096000e+02 6.456500e+03
7.095000e+02 6.373500e+03
7.094000e+02 6.210767e+03
7.093000e+02 6.041833e+03
7.092000e+02 5.863433e+03
7.091000e+02 5.876867e+03
7.090000e+02 5.714800e+03
7.089000e+02 5.530500e+03
7.088000e+02 5.404233e+03
7.087000e+02 5.270833e+03
7.086000e+02 5.192667e+03
7.085000e+02 5.096200e+03
7.084000e+02 5.033867e+03
7.083000e+02 4.929433e+03
7.082000e+02 4.677667e+03
7.081000e+02 4.627200e+03
7.080000e+02 4.559300e+03
7.079000e+02 4.434400e+03
7.078000e+02 4.370167e+03
7.077000e+02 4.360367e+03
7.076000e+02 4.174600e+03
7.075000e+02 4.123400e+03
7.074000e+02 3.995533e+03
7.073000e+02 4.003833e+03
7.072000e+02 3.915467e+03
7.071000e+02 3.848833e+03
7.070000e+02 3.841567e+03
7.069000e+02 3.810067e+03
7.068000e+02 3.788600e+03
7.067000e+02 3.696433e+03
7.066000e+02 3.694833e+03
7.065000e+02 3.676800e+03
7.064000e+02 3.671467e+03
7.063000e+02 3.684433e+03
7.062000e+02 3.624700e+03
7.061000e+02 3.584200e+03
7.060000e+02 3.623300e+03
7.059000e+02 3.541700e+03
7.058000e+02 3.523767e+03
7.057000e+02 3.576267e+03
7.056000e+02 3.581800e+03
7.055000e+02 3.502400e+03
7.054000e+02 3.536467e+03
7.053000e+02 3.575667e+03
7.052000e+02 3.518800e+03
7.051000e+02 3.549833e+03
7.050000e+02 3.533800e+03
7.049000e+02 3.584333e+03
7.048000e+02 3.547267e+03
7.047000e+02 3.536300e+03
7.046000e+02 3.514500e+03
7.045000e+02 3.577833e+03
7.044000e+02 3.509600e+03
7.043000e+02 3.593500e+03
7.042000e+02 3.582900e+03
7.041000e+02 3.535567e+03
7.040000e+02 3.576300e+03
7.039000e+02 3.547667e+03
7.038000e+02 3.565300e+03
7.037000e+02 3.565133e+03
7.036000e+02 3.581067e+03
7.035000e+02 3.596033e+03
7.034000e+02 3.546033e+03
7.033000e+02 3.588333e+03
7.032000e+02 3.567900e+03
7.031000e+02 3.543667e+03
7.030000e+02 3.566900e+03
7.029000e+02 3.507300e+03
7.028000e+02 3.570167e+03
7.027000e+02 3.585933e+03
7.026000e+02 3.565367e+03
7.025000e+02 3.528500e+03
7.024000e+02 3.546033e+03
7.023000e+02 3.506033e+03
7.022000e+02 3.541067e+03
7.021000e+02 3.553067e+03
7.020000e+02 3.614433e+03
7.019000e+02 3.607200e+03
7.018000e+02 3.566100e+03
7.017000e+02 3.517467e+03
7.016000e+02 3.595300e+03
7.015000e+02 3.592300e+03
7.014000e+02 3.570533e+03
7.013000e+02 3.565600e+03
7.012000e+02 3.587767e+03
7.011000e+02 3.626500e+03
7.010000e+02 3.657833e+03
7.009000e+02 3.609933e+03
7.008000e+02 3.645667e+03
7.007000e+02 3.599867e+03
7.006000e+02 3.615767e+03
7.005000e+02 3.585233e+03
7.004000e+02 3.607133e+03
7.003000e+02 3.679600e+03
7.002000e+02 3.679500e+03
7.001000e+02 3.620767e+03
7.000000e+02 3.588367e+03
