Ni2pCo2pFe2p Co3O4
8.900000e+02 1.375950e+04
8.899000e+02 1.366177e+04
8.898000e+02 1.381970e+04
8.897000e+02 1.373473e+04
8.896000e+02 1.371383e+04
8.895000e+02 1.373890e+04
8.894000e+02 1.382223e+04
8.893000e+02 1.373620e+04
8.892000e+02 1.365537e+04
8.891000e+02 1.362453e+04
8.890000e+02 1.369517e+04
8.889000e+02 1.379710e+04
8.888000e+02 1.377850e+04
8.887000e+02 1.376993e+04
8.886000e+02 1.371613e+04
8.885000e+02 1.376027e+04
8.884000e+02 1.385357e+04
8.883000e+02 1.383200e+04
8.882000e+02 1.389137e+04
8.881000e+02 1.387580e+04
8.880000e+02 1.380380e+04
8.879000e+02 1.375527e+04
8.878000e+02 1.381823e+04
8.877000e+02 1.384617e+04
8.876000e+02 1.379437e+04
8.875000e+02 1.379623e+04
8.874000e+02 1.388253e+04
8.873000e+02 1.380767e+04
8.872000e+02 1.388027e+04
8.871000e+02 1.394560e+04
8.870000e+02 1.394633e+04
8.869000e+02 1.394987e+04
8.868000e+02 1.396153e+04
8.867000e+02 1.394720e+04
8.866000e+02 1.403343e+04
8.865000e+02 1.403793e+04
8.864000e+02 1.399217e+04
8.863000e+02 1.384890e+04
8.862000e+02 1.386230e+04
8.861000e+02 1.390643e+04
8.860000e+02 1.388980e+04
8.859000e+02 1.394563e+04
8.858000e+02 1.405607e+04
8.857000e+02 1.403167e+04
8.856000e+02 1.394230e+04
8.855000e+02 1.405390e+04
8.854000e+02 1.402913e+04
8.853000e+02 1.409980e+04
8.852000e+02 1.406293e+04
8.851000e+02 1.412543e+04
8.850000e+02 1.415000e+04
8.849000e+02 1.402550e+04
8.848000e+02 1.411380e+04
8.847000e+02 1.410853e+04
8.846000e+02 1.412217e+04
8.845000e+02 1.408523e+04
8.844000e+02 1.403803e+04
8.843000e+02 1.402537e+04
8.842000e+02 1.404903e+04
8.841000e+02 1.408147e+04
8.840000e+02 1.412860e+04
8.839000e+02 1.410250e+04
8.838000e+02 1.412030e+04
8.837000e+02 1.412240e+04
8.836000e+02 1.413480e+04
8.835000e+02 1.414610e+04
8.834000e+02 1.407413e+04
8.833000e+02 1.406863e+04
8.832000e+02 1.403690e+04
8.831000e+02 1.410297e+04
8.830000e+02 1.407390e+04
8.829000e+02 1.404530e+04
8.828000e+02 1.414567e+04
8.827000e+02 1.405380e+04
8.826000e+02 1.405373e+04
8.825000e+02 1.403777e+04
8.824000e+02 1.407197e+04
8.823000e+02 1.410410e+04
8.822000e+02 1.408873e+04
8.821000e+02 1.404367e+04
8.820000e+02 1.406273e+04
8.819000e+02 1.402483e+04
8.818000e+02 1.414547e+04
8.817000e+02 1.413783e+04
8.816000e+02 1.406793e+04
8.815000e+02 1.415217e+04
8.814000e+02 1.408693e+04
8.813000e+02 1.405207e+04
8.812000e+02 1.407857e+04
8.811000e+02 1.403467e+04
8.810000e+02 1.413337e+04
8.809000e+02 1.410170e+04
8.808000e+02 1.402780e+04
8.807000e+02 1.408587e+04
8.806000e+02 1.417343e+04
8.805000e+02 1.413507e+04
8.804000e+02 1.413093e+04
8.803000e+02 1.405970e+04
8.802000e+02 1.404027e+04
8.801000e+02 1.401863e+04
8.800000e+02 1.404747e+04
8.799000e+02 1.409650e+04
8.798000e+02 1.393350e+04
8.797000e+02 1.406117e+04
8.796000e+02 1.407880e+04
8.795000e+02 1.407320e+04
8.794000e+02 1.407867e+04
8.793000e+02 1.404927e+04
8.792000e+02 1.407933e+04
8.791000e+02 1.399230e+04
8.790000e+02 1.405263e+04
8.789000e+02 1.401290e+04
8.788000e+02 1.405890e+04
8.787000e+02 1.404903e+04
8.786000e+02 1.400320e+04
8.785000e+02 1.396607e+04
8.784000e+02 1.402377e+04
8.783000e+02 1.401827e+04
8.782000e+02 1.406187e+04
8.781000e+02 1.411913e+04
8.780000e+02 1.420953e+04
8.779000e+02 1.398507e+04
8.778000e+02 1.405420e+04
8.777000e+02 1.410937e+04
8.776000e+02 1.412750e+04
8.775000e+02 1.411637e+04
8.774000e+02 1.405330e+04
8.773000e+02 1.397603e+04
8.772000e+02 1.398567e+04
8.771000e+02 1.393273e+04
8.770000e+02 1.407113e+04
8.769000e+02 1.404127e+04
8.768000e+02 1.411553e+04
8.767000e+02 1.409770e+04
8.766000e+02 1.396730e+04
8.765000e+02 1.398960e+04
8.764000e+02 1.410703e+04
8.763000e+02 1.410257e+04
8.762000e+02 1.419350e+04
8.761000e+02 1.415703e+04
8.760000e+02 1.417850e+04
8.759000e+02 1.409840e+04
8.758000e+02 1.405150e+04
8.757000e+02 1.407740e+04
8.756000e+02 1.414210e+04
8.755000e+02 1.406647e+04
8.754000e+02 1.420993e+04
8.753000e+02 1.415787e+04
8.752000e+02 1.412550e+04
8.751000e+02 1.411840e+04
8.750000e+02 1.404757e+04
8.749000e+02 1.409813e+04
8.748000e+02 1.417280e+04
8.747000e+02 1.418983e+04
8.746000e+02 1.417450e+04
8.745000e+02 1.421310e+04
8.744000e+02 1.430810e+04
8.743000e+02 1.430753e+04
8.742000e+02 1.418460e+04
8.741000e+02 1.420567e+04
8.740000e+02 1.425703e+04
8.739000e+02 1.421333e+04
8.738000e+02 1.423830e+04
8.737000e+02 1.420767e+04
8.736000e+02 1.422357e+04
8.735000e+02 1.428900e+04
8.734000e+02 1.428413e+04
8.733000e+02 1.435777e+04
8.732000e+02 1.435897e+04
8.731000e+02 1.429863e+04
8.730000e+02 1.437073e+04
8.729000e+02 1.434787e+04
8.728000e+02 1.442533e+04
8.727000e+02 1.443757e+04
8.726000e+02 1.437633e+04
8.725000e+02 1.438093e+04
8.724000e+02 1.439880e+04
8.723000e+02 1.443303e+04
8.722000e+02 1.446270e+04
8.721000e+02 1.445757e+04
8.720000e+02 1.439087e+04
8.719000e+02 1.440140e+04
8.718000e+02 1.438913e+04
8.717000e+02 1.450777e+04
8.716000e+02 1.450943e+04
8.715000e+02 1.441840e+04
8.714000e+02 1.449103e+04
8.713000e+02 1.457210e+04
8.712000e+02 1.458463e+04
8.711000e+02 1.461183e+04
8.710000e+02 1.457360e+04
8.709000e+02 1.456853e+04
8.708000e+02 1.458917e+04
8.707000e+02 1.464367e+04
8.706000e+02 1.468443e+04
8.705000e+02 1.464603e+04
8.704000e+02 1.460373e+04
8.703000e+02 1.466277e+04
8.702000e+02 1.465317e+04
8.701000e+02 1.464167e+04
8.700000e+02 1.455280e+04
8.699000e+02 1.459127e+04
8.698000e+02 1.462320e+04
8.697000e+02 1.462773e+04
8.696000e+02 1.470773e+04
8.695000e+02 1.467907e+04
8.694000e+02 1.463087e+04
8.693000e+02 1.455143e+04
8.692000e+02 1.452687e+04
8.691000e+02 1.459217e+04
8.690000e+02 1.453963e+04
8.689000e+02 1.455877e+04
8.688000e+02 1.455330e+04
8.687000e+02 1.456173e+04
8.686000e+02 1.460740e+04
8.685000e+02 1.457357e+04
8.684000e+02 1.466083e+04
8.683000e+02 1.459713e+04
8.682000e+02 1.452117e+04
8.681000e+02 1.451560e+04
8.680000e+02 1.450603e+04
8.679000e+02 1.447713e+04
8.678000e+02 1.443557e+04
8.677000e+02 1.452537e+04
8.676000e+02 1.458983e+04
8.675000e+02 1.446650e+04
8.674000e+02 1.447710e+04
8.673000e+02 1.447987e+04
8.672000e+02 1.443867e+04
8.671000e+02 1.444323e+04
8.670000e+02 1.442637e+04
8.669000e+02 1.438857e+04
8.668000e+02 1.428530e+04
8.667000e+02 1.430413e+04
8.666000e+02 1.432883e+04
8.665000e+02 1.424240e+04
8.664000e+02 1.431547e+04
8.663000e+02 1.430260e+04
8.662000e+02 1.430397e+04
8.661000e+02 1.434230e+04
8.660000e+02 1.424007e+04
8.659000e+02 1.422077e+04
8.658000e+02 1.429030e+04
8.657000e+02 1.428690e+04
8.656000e+02 1.425230e+04
8.655000e+02 1.410977e+04
8.654000e+02 1.420247e+04
8.653000e+02 1.426510e+04
8.652000e+02 1.418397e+04
8.651000e+02 1.423767e+04
8.650000e+02 1.421647e+04
8.649000e+02 1.419640e+04
8.648000e+02 1.419810e+04
8.647000e+02 1.418037e+04
8.646000e+02 1.405373e+04
8.645000e+02 1.410850e+04
8.644000e+02 1.410253e+04
8.643000e+02 1.416420e+04
8.642000e+02 1.420857e+04
8.641000e+02 1.418883e+04
8.640000e+02 1.421180e+04
8.639000e+02 1.416103e+04
8.638000e+02 1.410023e+04
8.637000e+02 1.417830e+04
8.636000e+02 1.414597e+04
8.635000e+02 1.419567e+04
8.634000e+02 1.425550e+04
8.633000e+02 1.422630e+04
8.632000e+02 1.427087e+04
8.631000e+02 1.425520e+04
8.630000e+02 1.416953e+04
8.629000e+02 1.417917e+04
8.628000e+02 1.422320e+04
8.627000e+02 1.421843e+04
8.626000e+02 1.417497e+04
8.625000e+02 1.421627e+04
8.624000e+02 1.416367e+04
8.623000e+02 1.410997e+04
8.622000e+02 1.419533e+04
8.621000e+02 1.419900e+04
8.620000e+02 1.426177e+04
8.619000e+02 1.416237e+04
8.618000e+02 1.413400e+04
8.617000e+02 1.416350e+04
8.616000e+02 1.412950e+04
8.615000e+02 1.418137e+04
8.614000e+02 1.424410e+04
8.613000e+02 1.428277e+04
8.612000e+02 1.419167e+04
8.611000e+02 1.424473e+04
8.610000e+02 1.434860e+04
8.609000e+02 1.436073e+04
8.608000e+02 1.430110e+04
8.607000e+02 1.421780e+04
8.606000e+02 1.425333e+04
8.605000e+02 1.432433e+04
8.604000e+02 1.438857e+04
8.603000e+02 1.431203e+04
8.602000e+02 1.433210e+04
8.601000e+02 1.429990e+04
8.600000e+02 1.429623e+04
8.599000e+02 1.434933e+04
8.598000e+02 1.426370e+04
8.597000e+02 1.422170e+04
8.596000e+02 1.429797e+04
8.595000e+02 1.431053e+04
8.594000e+02 1.434030e+04
8.593000e+02 1.437810e+04
8.592000e+02 1.430603e+04
8.591000e+02 1.422803e+04
8.590000e+02 1.429840e+04
8.589000e+02 1.428320e+04
8.588000e+02 1.430057e+04
8.587000e+02 1.428693e+04
8.586000e+02 1.429677e+04
8.585000e+02 1.440613e+04
8.584000e+02 1.432913e+04
8.583000e+02 1.430243e+04
8.582000e+02 1.439507e+04
8.581000e+02 1.441300e+04
8.580000e+02 1.441833e+04
8.579000e+02 1.435827e+04
8.578000e+02 1.438630e+04
8.577000e+02 1.445977e+04
8.576000e+02 1.436700e+04
8.575000e+02 1.431667e+04
8.574000e+02 1.443840e+04
8.573000e+02 1.441667e+04
8.572000e+02 1.436323e+04
8.571000e+02 1.441363e+04
8.570000e+02 1.428503e+04
8.569000e+02 1.438093e+04
8.568000e+02 1.448410e+04
8.567000e+02 1.450373e+04
8.566000e+02 1.448910e+04
8.565000e+02 1.440167e+04
8.564000e+02 1.441253e+04
8.563000e+02 1.449117e+04
8.562000e+02 1.442993e+04
8.561000e+02 1.449680e+04
8.560000e+02 1.463093e+04
8.559000e+02 1.441667e+04
8.558000e+02 1.443410e+04
8.557000e+02 1.447870e+04
8.556000e+02 1.456747e+04
8.555000e+02 1.451907e+04
8.554000e+02 1.443117e+04
8.553000e+02 1.452150e+04
8.552000e+02 1.453140e+04
8.551000e+02 1.460910e+04
8.550000e+02 1.462423e+04
8.549000e+02 1.456153e+04
8.548000e+02 1.451297e+04
8.547000e+02 1.458370e+04
8.546000e+02 1.459283e+04
8.545000e+02 1.457193e+04
8.544000e+02 1.463857e+04
8.543000e+02 1.460937e+04
8.542000e+02 1.451297e+04
8.541000e+02 1.462053e+04
8.540000e+02 1.464523e+04
8.539000e+02 1.466377e+04
8.538000e+02 1.463443e+04
8.537000e+02 1.466623e+04
8.536000e+02 1.465283e+04
8.535000e+02 1.463597e+04
8.534000e+02 1.464843e+04
8.533000e+02 1.470680e+04
8.532000e+02 1.471547e+04
8.531000e+02 1.464210e+04
8.530000e+02 1.465217e+04
8.529000e+02 1.463183e+04
8.528000e+02 1.457167e+04
8.527000e+02 1.462690e+04
8.526000e+02 1.468920e+04
8.525000e+02 1.474327e+04
8.524000e+02 1.476690e+04
8.523000e+02 1.481470e+04
8.522000e+02 1.481750e+04
8.521000e+02 1.473767e+04
8.520000e+02 1.478520e+04
8.519000e+02 1.489873e+04
8.518000e+02 1.493247e+04
8.517000e+02 1.478390e+04
8.516000e+02 1.489070e+04
8.515000e+02 1.482223e+04
8.514000e+02 1.490633e+04
8.513000e+02 1.486017e+04
8.512000e+02 1.487340e+04
8.511000e+02 1.476470e+04
8.510000e+02 1.492520e+04
8.509000e+02 1.500320e+04
8.508000e+02 1.487860e+04
8.507000e+02 1.492003e+04
8.506000e+02 1.494473e+04
8.505000e+02 1.491610e+04
8.504000e+02 1.490200e+04
8.503000e+02 1.502520e+04
8.502000e+02 1.505363e+04
8.501000e+02 1.496437e+04
8.500000e+02 1.503513e+04
8.499000e+02 1.503410e+04
8.498000e+02 1.508353e+04
8.497000e+02 1.508160e+04
8.496000e+02 1.511313e+04
8.495000e+02 1.504360e+04
8.494000e+02 1.501383e+04
8.493000e+02 1.503117e+04
8.492000e+02 1.508733e+04
8.491000e+02 1.510923e+04
8.490000e+02 1.510367e+04
8.489000e+02 1.525913e+04
8.488000e+02 1.525880e+04
8.487000e+02 1.520857e+04
8.486000e+02 1.526363e+04
8.485000e+02 1.523180e+04
8.484000e+02 1.529043e+04
8.483000e+02 1.527833e+04
8.482000e+02 1.528367e+04
8.481000e+02 1.527600e+04
8.480000e+02 1.532253e+04
8.479000e+02 1.529863e+04
8.478000e+02 1.523147e+04
8.477000e+02 1.529423e+04
8.476000e+02 1.527757e+04
8.475000e+02 1.532880e+04
8.474000e+02 1.542763e+04
8.473000e+02 1.543943e+04
8.472000e+02 1.544537e+04
8.471000e+02 1.540450e+04
8.470000e+02 1.538640e+04
8.469000e+02 1.546043e+04
8.468000e+02 1.540707e+04
8.467000e+02 1.533803e+04
8.466000e+02 1.546913e+04
8.465000e+02 1.545493e+04
8.464000e+02 1.547383e+04
8.463000e+02 1.554820e+04
8.462000e+02 1.548003e+04
8.461000e+02 1.556947e+04
8.460000e+02 1.547020e+04
8.459000e+02 1.551293e+04
8.458000e+02 1.557400e+04
8.457000e+02 1.555133e+04
8.456000e+02 1.559890e+04
8.455000e+02 1.560327e+04
8.454000e+02 1.568580e+04
8.453000e+02 1.558170e+04
8.452000e+02 1.556413e+04
8.451000e+02 1.560993e+04
8.450000e+02 1.557650e+04
8.449000e+02 1.563130e+04
8.448000e+02 1.562573e+04
8.447000e+02 1.570637e+04
8.446000e+02 1.566923e+04
8.445000e+02 1.566360e+04
8.444000e+02 1.563373e+04
8.443000e+02 1.567120e+04
8.442000e+02 1.576163e+04
8.441000e+02 1.570563e+04
8.440000e+02 1.577697e+04
8.439000e+02 1.580513e+04
8.438000e+02 1.571733e+04
8.437000e+02 1.567750e+04
8.436000e+02 1.569017e+04
8.435000e+02 1.574003e+04
8.434000e+02 1.578540e+04
8.433000e+02 1.580970e+04
8.432000e+02 1.573357e+04
8.431000e+02 1.587277e+04
8.430000e+02 1.591073e+04
8.429000e+02 1.590407e+04
8.428000e+02 1.586967e+04
8.427000e+02 1.592657e+04
8.426000e+02 1.602967e+04
8.425000e+02 1.598707e+04
8.424000e+02 1.591040e+04
8.423000e+02 1.597393e+04
8.422000e+02 1.594343e+04
8.421000e+02 1.603633e+04
8.420000e+02 1.599310e+04
8.419000e+02 1.605227e+04
8.418000e+02 1.612027e+04
8.417000e+02 1.613067e+04
8.416000e+02 1.603863e+04
8.415000e+02 1.610830e+04
8.414000e+02 1.602473e+04
8.413000e+02 1.612533e+04
8.412000e+02 1.619493e+04
8.411000e+02 1.619573e+04
8.410000e+02 1.615790e+04
8.409000e+02 1.609453e+04
8.408000e+02 1.612257e+04
8.407000e+02 1.619363e+04
8.406000e+02 1.618567e+04
8.405000e+02 1.636663e+04
8.404000e+02 1.633720e+04
8.403000e+02 1.622810e+04
8.402000e+02 1.621100e+04
8.401000e+02 1.626640e+04
8.400000e+02 1.625487e+04
8.399000e+02 1.633050e+04
8.398000e+02 1.635643e+04
8.397000e+02 1.638027e+04
8.396000e+02 1.641050e+04
8.395000e+02 1.632640e+04
8.394000e+02 1.635667e+04
8.393000e+02 1.642730e+04
8.392000e+02 1.642460e+04
8.391000e+02 1.649167e+04
8.390000e+02 1.643783e+04
8.389000e+02 1.637897e+04
8.388000e+02 1.643697e+04
8.387000e+02 1.645337e+04
8.386000e+02 1.644410e+04
8.385000e+02 1.645187e+04
8.384000e+02 1.641023e+04
8.383000e+02 1.636570e+04
8.382000e+02 1.643670e+04
8.381000e+02 1.644343e+04
8.380000e+02 1.640363e+04
8.379000e+02 1.634910e+04
8.378000e+02 1.642860e+04
8.377000e+02 1.638900e+04
8.376000e+02 1.638257e+04
8.375000e+02 1.640960e+04
8.374000e+02 1.639417e+04
8.373000e+02 1.639333e+04
8.372000e+02 1.635097e+04
8.371000e+02 1.636933e+04
8.370000e+02 1.631273e+04
8.369000e+02 1.630107e+04
8.368000e+02 1.638993e+04
8.367000e+02 1.636427e+04
8.366000e+02 1.632353e+04
8.365000e+02 1.633450e+04
8.364000e+02 1.627320e+04
8.363000e+02 1.626193e+04
8.362000e+02 1.624860e+04
8.361000e+02 1.622963e+04
8.360000e+02 1.619980e+04
8.359000e+02 1.624210e+04
8.358000e+02 1.625280e+04
8.357000e+02 1.619803e+04
8.356000e+02 1.618793e+04
8.355000e+02 1.622083e+04
8.354000e+02 1.621010e+04
8.353000e+02 1.624253e+04
8.352000e+02 1.624810e+04
8.351000e+02 1.620843e+04
8.350000e+02 1.621130e+04
8.349000e+02 1.626323e+04
8.348000e+02 1.623863e+04
8.347000e+02 1.622183e+04
8.346000e+02 1.626603e+04
8.345000e+02 1.624213e+04
8.344000e+02 1.620837e+04
8.343000e+02 1.622000e+04
8.342000e+02 1.629073e+04
8.341000e+02 1.622180e+04
8.340000e+02 1.625043e+04
8.339000e+02 1.626817e+04
8.338000e+02 1.628067e+04
8.337000e+02 1.628547e+04
8.336000e+02 1.637070e+04
8.335000e+02 1.631790e+04
8.334000e+02 1.631320e+04
8.333000e+02 1.630687e+04
8.332000e+02 1.626557e+04
8.331000e+02 1.628393e+04
8.330000e+02 1.632863e+04
8.329000e+02 1.626533e+04
8.328000e+02 1.631980e+04
8.327000e+02 1.630927e+04
8.326000e+02 1.634710e+04
8.325000e+02 1.633133e+04
8.324000e+02 1.637537e+04
8.323000e+02 1.635210e+04
8.322000e+02 1.635510e+04
8.321000e+02 1.632760e+04
8.320000e+02 1.629810e+04
8.319000e+02 1.625523e+04
8.318000e+02 1.628727e+04
8.317000e+02 1.628523e+04
8.316000e+02 1.623060e+04
8.315000e+02 1.621773e+04
8.314000e+02 1.619903e+04
8.313000e+02 1.628970e+04
8.312000e+02 1.616757e+04
8.311000e+02 1.619707e+04
8.310000e+02 1.617943e+04
8.309000e+02 1.611247e+04
8.308000e+02 1.603543e+04
8.307000e+02 1.606590e+04
8.306000e+02 1.594610e+04
8.305000e+02 1.591707e+04
8.304000e+02 1.593283e+04
8.303000e+02 1.588407e+04
8.302000e+02 1.580650e+04
8.301000e+02 1.569760e+04
8.300000e+02 1.569857e+04
8.299000e+02 1.560063e+04
8.298000e+02 1.559120e+04
8.297000e+02 1.548883e+04
8.296000e+02 1.545303e+04
8.295000e+02 1.539460e+04
8.294000e+02 1.533687e+04
8.293000e+02 1.529477e+04
8.292000e+02 1.526430e+04
8.291000e+02 1.522670e+04
8.290000e+02 1.515947e+04
8.289000e+02 1.509943e+04
8.288000e+02 1.501553e+04
8.287000e+02 1.498290e+04
8.286000e+02 1.490910e+04
8.285000e+02 1.490737e+04
8.284000e+02 1.482623e+04
8.283000e+02 1.477057e+04
8.282000e+02 1.470570e+04
8.281000e+02 1.465990e+04
8.280000e+02 1.467033e+04
8.279000e+02 1.464347e+04
8.278000e+02 1.455573e+04
8.277000e+02 1.456243e+04
8.276000e+02 1.451980e+04
8.275000e+02 1.452403e+04
8.274000e+02 1.448670e+04
8.273000e+02 1.441607e+04
8.272000e+02 1.445703e+04
8.271000e+02 1.442443e+04
8.270000e+02 1.442447e+04
8.269000e+02 1.441360e+04
8.268000e+02 1.435727e+04
8.267000e+02 1.433653e+04
8.266000e+02 1.435293e+04
8.265000e+02 1.434007e+04
8.264000e+02 1.426913e+04
8.263000e+02 1.427293e+04
8.262000e+02 1.420517e+04
8.261000e+02 1.425913e+04
8.260000e+02 1.429000e+04
8.259000e+02 1.429037e+04
8.258000e+02 1.427687e+04
8.257000e+02 1.423497e+04
8.256000e+02 1.421357e+04
8.255000e+02 1.424997e+04
8.254000e+02 1.426877e+04
8.253000e+02 1.426397e+04
8.252000e+02 1.419957e+04
8.251000e+02 1.421137e+04
8.250000e+02 1.423540e+04
8.249000e+02 1.421540e+04
8.248000e+02 1.429547e+04
8.247000e+02 1.424260e+04
8.246000e+02 1.422727e+04
8.245000e+02 1.418407e+04
8.244000e+02 1.418630e+04
8.243000e+02 1.421523e+04
8.242000e+02 1.420460e+04
8.241000e+02 1.421497e+04
8.240000e+02 1.423000e+04
8.239000e+02 1.424310e+04
8.238000e+02 1.422143e+04
8.237000e+02 1.420957e+04
8.236000e+02 1.421590e+04
8.235000e+02 1.422013e+04
8.234000e+02 1.419820e+04
8.233000e+02 1.417487e+04
8.232000e+02 1.422287e+04
8.231000e+02 1.423210e+04
8.230000e+02 1.416483e+04
8.229000e+02 1.424930e+04
8.228000e+02 1.419300e+04
8.227000e+02 1.423507e+04
8.226000e+02 1.420813e+04
8.225000e+02 1.417780e+04
8.224000e+02 1.417393e+04
8.223000e+02 1.418600e+04
8.222000e+02 1.418700e+04
8.221000e+02 1.422943e+04
8.220000e+02 1.422150e+04
8.219000e+02 1.420703e+04
8.218000e+02 1.416530e+04
8.217000e+02 1.415003e+04
8.216000e+02 1.417050e+04
8.215000e+02 1.416883e+04
8.214000e+02 1.410273e+04
8.213000e+02 1.413677e+04
8.212000e+02 1.410157e+04
8.211000e+02 1.414057e+04
8.210000e+02 1.411863e+04
8.209000e+02 1.411337e+04
8.208000e+02 1.410773e+04
8.207000e+02 1.408820e+04
8.206000e+02 1.412500e+04
8.205000e+02 1.411120e+04
8.204000e+02 1.407080e+04
8.203000e+02 1.405250e+04
8.202000e+02 1.408693e+04
8.201000e+02 1.407110e+04
8.200000e+02 1.406103e+04
8.199000e+02 1.398107e+04
8.198000e+02 1.397897e+04
8.197000e+02 1.407627e+04
8.196000e+02 1.402157e+04
8.195000e+02 1.403607e+04
8.194000e+02 1.403047e+04
8.193000e+02 1.396700e+04
8.192000e+02 1.400907e+04
8.191000e+02 1.404407e+04
8.190000e+02 1.399093e+04
8.189000e+02 1.400837e+04
8.188000e+02 1.399477e+04
8.187000e+02 1.399413e+04
8.186000e+02 1.391620e+04
8.185000e+02 1.401767e+04
8.184000e+02 1.396260e+04
8.183000e+02 1.404420e+04
8.182000e+02 1.398647e+04
8.181000e+02 1.391800e+04
8.180000e+02 1.393577e+04
8.179000e+02 1.398317e+04
8.178000e+02 1.400070e+04
8.177000e+02 1.393070e+04
8.176000e+02 1.390407e+04
8.175000e+02 1.394220e+04
8.174000e+02 1.391523e+04
8.173000e+02 1.393230e+04
8.172000e+02 1.394100e+04
8.171000e+02 1.392063e+04
8.170000e+02 1.390113e+04
8.169000e+02 1.386907e+04
8.168000e+02 1.387300e+04
8.167000e+02 1.385283e+04
8.166000e+02 1.382720e+04
8.165000e+02 1.381110e+04
8.164000e+02 1.387747e+04
8.163000e+02 1.386760e+04
8.162000e+02 1.383527e+04
8.161000e+02 1.376860e+04
8.160000e+02 1.382877e+04
8.159000e+02 1.379450e+04
8.158000e+02 1.373053e+04
8.157000e+02 1.377363e+04
8.156000e+02 1.376963e+04
8.155000e+02 1.374033e+04
8.154000e+02 1.370857e+04
8.153000e+02 1.375593e+04
8.152000e+02 1.376253e+04
8.151000e+02 1.374267e+04
8.150000e+02 1.368980e+04
8.149000e+02 1.374270e+04
8.148000e+02 1.369583e+04
8.147000e+02 1.360053e+04
8.146000e+02 1.360870e+04
8.145000e+02 1.364273e+04
8.144000e+02 1.367180e+04
8.143000e+02 1.365087e+04
8.142000e+02 1.364030e+04
8.141000e+02 1.363097e+04
8.140000e+02 1.367937e+04
8.139000e+02 1.367293e+04
8.138000e+02 1.355443e+04
8.137000e+02 1.359173e+04
8.136000e+02 1.360857e+04
8.135000e+02 1.359990e+04
8.134000e+02 1.357403e+04
8.133000e+02 1.353917e+04
8.132000e+02 1.353253e+04
8.131000e+02 1.361617e+04
8.130000e+02 1.362590e+04
8.129000e+02 1.356497e+04
8.128000e+02 1.350100e+04
8.127000e+02 1.348303e+04
8.126000e+02 1.342683e+04
8.125000e+02 1.345237e+04
8.124000e+02 1.343877e+04
8.123000e+02 1.345173e+04
8.122000e+02 1.346073e+04
8.121000e+02 1.351580e+04
8.120000e+02 1.350050e+04
8.119000e+02 1.346213e+04
8.118000e+02 1.344020e+04
8.117000e+02 1.349810e+04
8.116000e+02 1.355347e+04
8.115000e+02 1.349520e+04
8.114000e+02 1.349383e+04
8.113000e+02 1.348673e+04
8.112000e+02 1.352383e+04
8.111000e+02 1.347970e+04
8.110000e+02 1.346440e+04
8.109000e+02 1.341860e+04
8.108000e+02 1.343753e+04
8.107000e+02 1.350860e+04
8.106000e+02 1.349970e+04
8.105000e+02 1.350453e+04
8.104000e+02 1.347203e+04
8.103000e+02 1.350330e+04
8.102000e+02 1.350390e+04
8.101000e+02 1.347173e+04
8.100000e+02 1.348587e+04
8.099000e+02 1.351900e+04
8.098000e+02 1.352560e+04
8.097000e+02 1.355813e+04
8.096000e+02 1.355860e+04
8.095000e+02 1.361733e+04
8.094000e+02 1.352967e+04
8.093000e+02 1.357503e+04
8.092000e+02 1.355040e+04
8.091000e+02 1.354273e+04
8.090000e+02 1.356743e+04
8.089000e+02 1.360453e+04
8.088000e+02 1.362207e+04
8.087000e+02 1.364870e+04
8.086000e+02 1.366000e+04
8.085000e+02 1.369830e+04
8.084000e+02 1.370060e+04
8.083000e+02 1.370990e+04
8.082000e+02 1.375087e+04
8.081000e+02 1.377123e+04
8.080000e+02 1.376607e+04
8.079000e+02 1.378533e+04
8.078000e+02 1.379703e+04
8.077000e+02 1.389463e+04
8.076000e+02 1.391200e+04
8.075000e+02 1.392230e+04
8.074000e+02 1.393503e+04
8.073000e+02 1.400823e+04
8.072000e+02 1.408167e+04
8.071000e+02 1.411513e+04
8.070000e+02 1.416873e+04
8.069000e+02 1.413523e+04
8.068000e+02 1.424917e+04
8.067000e+02 1.430790e+04
8.066000e+02 1.437930e+04
8.065000e+02 1.433340e+04
8.064000e+02 1.435907e+04
8.063000e+02 1.441370e+04
8.062000e+02 1.446353e+04
8.061000e+02 1.451853e+04
8.060000e+02 1.456310e+04
8.059000e+02 1.463897e+04
8.058000e+02 1.464697e+04
8.057000e+02 1.470083e+04
8.056000e+02 1.470363e+04
8.055000e+02 1.472123e+04
8.054000e+02 1.478483e+04
8.053000e+02 1.479243e+04
8.052000e+02 1.481453e+04
8.051000e+02 1.481013e+04
8.050000e+02 1.487763e+04
8.049000e+02 1.489570e+04
8.048000e+02 1.494627e+04
8.047000e+02 1.499523e+04
8.046000e+02 1.497850e+04
8.045000e+02 1.496323e+04
8.044000e+02 1.495077e+04
8.043000e+02 1.503183e+04
8.042000e+02 1.498967e+04
8.041000e+02 1.499847e+04
8.040000e+02 1.497763e+04
8.039000e+02 1.503683e+04
8.038000e+02 1.495047e+04
8.037000e+02 1.492663e+04
8.036000e+02 1.497640e+04
8.035000e+02 1.487333e+04
8.034000e+02 1.487710e+04
8.033000e+02 1.484933e+04
8.032000e+02 1.485853e+04
8.031000e+02 1.498767e+04
8.030000e+02 1.488593e+04
8.029000e+02 1.482757e+04
8.028000e+02 1.481917e+04
8.027000e+02 1.474047e+04
8.026000e+02 1.472643e+04
8.025000e+02 1.476813e+04
8.024000e+02 1.470507e+04
8.023000e+02 1.464680e+04
8.022000e+02 1.462680e+04
8.021000e+02 1.465367e+04
8.020000e+02 1.456287e+04
8.019000e+02 1.448033e+04
8.018000e+02 1.442887e+04
8.017000e+02 1.442843e+04
8.016000e+02 1.441300e+04
8.015000e+02 1.440107e+04
8.014000e+02 1.436787e+04
8.013000e+02 1.431497e+04
8.012000e+02 1.426443e+04
8.011000e+02 1.428393e+04
8.010000e+02 1.421533e+04
8.009000e+02 1.418100e+04
8.008000e+02 1.420087e+04
8.007000e+02 1.422187e+04
8.006000e+02 1.416780e+04
8.005000e+02 1.419730e+04
8.004000e+02 1.407577e+04
8.003000e+02 1.411280e+04
8.002000e+02 1.414473e+04
8.001000e+02 1.409050e+04
8.000000e+02 1.413387e+04
7.999000e+02 1.410897e+04
7.998000e+02 1.416593e+04
7.997000e+02 1.423523e+04
7.996000e+02 1.419080e+04
7.995000e+02 1.419103e+04
7.994000e+02 1.432660e+04
7.993000e+02 1.432030e+04
7.992000e+02 1.439253e+04
7.991000e+02 1.441560e+04
7.990000e+02 1.449540e+04
7.989000e+02 1.454697e+04
7.988000e+02 1.466263e+04
7.987000e+02 1.478290e+04
7.986000e+02 1.487257e+04
7.985000e+02 1.492323e+04
7.984000e+02 1.511510e+04
7.983000e+02 1.516867e+04
7.982000e+02 1.531040e+04
7.981000e+02 1.547050e+04
7.980000e+02 1.564120e+04
7.979000e+02 1.578170e+04
7.978000e+02 1.599647e+04
7.977000e+02 1.616460e+04
7.976000e+02 1.635363e+04
7.975000e+02 1.649703e+04
7.974000e+02 1.674867e+04
7.973000e+02 1.691637e+04
7.972000e+02 1.714167e+04
7.971000e+02 1.739610e+04
7.970000e+02 1.766307e+04
7.969000e+02 1.785380e+04
7.968000e+02 1.805703e+04
7.967000e+02 1.825830e+04
7.966000e+02 1.850793e+04
7.965000e+02 1.871287e+04
7.964000e+02 1.894593e+04
7.963000e+02 1.906370e+04
7.962000e+02 1.927817e+04
7.961000e+02 1.944927e+04
7.960000e+02 1.957987e+04
7.959000e+02 1.975730e+04
7.958000e+02 1.985957e+04
7.957000e+02 2.000610e+04
7.956000e+02 2.012043e+04
7.955000e+02 2.022073e+04
7.954000e+02 2.028613e+04
7.953000e+02 2.032753e+04
7.952000e+02 2.039377e+04
7.951000e+02 2.057293e+04
7.950000e+02 2.069497e+04
7.949000e+02 2.095490e+04
7.948000e+02 2.119697e+04
7.947000e+02 2.151473e+04
7.946000e+02 2.166250e+04
7.945000e+02 2.176970e+04
7.944000e+02 2.167630e+04
7.943000e+02 2.130320e+04
7.942000e+02 2.066427e+04
7.941000e+02 1.972583e+04
7.940000e+02 1.876347e+04
7.939000e+02 1.776903e+04
7.938000e+02 1.677903e+04
7.937000e+02 1.593010e+04
7.936000e+02 1.526443e+04
7.935000e+02 1.471953e+04
7.934000e+02 1.431477e+04
7.933000e+02 1.388830e+04
7.932000e+02 1.361620e+04
7.931000e+02 1.343170e+04
7.930000e+02 1.324043e+04
7.929000e+02 1.311517e+04
7.928000e+02 1.303103e+04
7.927000e+02 1.299267e+04
7.926000e+02 1.294537e+04
7.925000e+02 1.295873e+04
7.924000e+02 1.296753e+04
7.923000e+02 1.301007e+04
7.922000e+02 1.301090e+04
7.921000e+02 1.303607e+04
7.920000e+02 1.308260e+04
7.919000e+02 1.317510e+04
7.918000e+02 1.325823e+04
7.917000e+02 1.334343e+04
7.916000e+02 1.340003e+04
7.915000e+02 1.349343e+04
7.914000e+02 1.359013e+04
7.913000e+02 1.366947e+04
7.912000e+02 1.378530e+04
7.911000e+02 1.380457e+04
7.910000e+02 1.388557e+04
7.909000e+02 1.401277e+04
7.908000e+02 1.410517e+04
7.907000e+02 1.417623e+04
7.906000e+02 1.423207e+04
7.905000e+02 1.428097e+04
7.904000e+02 1.429290e+04
7.903000e+02 1.437630e+04
7.902000e+02 1.451077e+04
7.901000e+02 1.451587e+04
7.900000e+02 1.452460e+04
7.899000e+02 1.463493e+04
7.898000e+02 1.461993e+04
7.897000e+02 1.461180e+04
7.896000e+02 1.458697e+04
7.895000e+02 1.462693e+04
7.894000e+02 1.473240e+04
7.893000e+02 1.476973e+04
7.892000e+02 1.474197e+04
7.891000e+02 1.473227e+04
7.890000e+02 1.476273e+04
7.889000e+02 1.479523e+04
7.888000e+02 1.472583e+04
7.887000e+02 1.475960e+04
7.886000e+02 1.470287e+04
7.885000e+02 1.465763e+04
7.884000e+02 1.462227e+04
7.883000e+02 1.462447e+04
7.882000e+02 1.455723e+04
7.881000e+02 1.453103e+04
7.880000e+02 1.454307e+04
7.879000e+02 1.447093e+04
7.878000e+02 1.448933e+04
7.877000e+02 1.450720e+04
7.876000e+02 1.445017e+04
7.875000e+02 1.437713e+04
7.874000e+02 1.442197e+04
7.873000e+02 1.441073e+04
7.872000e+02 1.437127e+04
7.871000e+02 1.437930e+04
7.870000e+02 1.451410e+04
7.869000e+02 1.448403e+04
7.868000e+02 1.443763e+04
7.867000e+02 1.451327e+04
7.866000e+02 1.448773e+04
7.865000e+02 1.445030e+04
7.864000e+02 1.442817e+04
7.863000e+02 1.450733e+04
7.862000e+02 1.450393e+04
7.861000e+02 1.450427e+04
7.860000e+02 1.451727e+04
7.859000e+02 1.447610e+04
7.858000e+02 1.462767e+04
7.857000e+02 1.460513e+04
7.856000e+02 1.455997e+04
7.855000e+02 1.454320e+04
7.854000e+02 1.456943e+04
7.853000e+02 1.454550e+04
7.852000e+02 1.458240e+04
7.851000e+02 1.452953e+04
7.850000e+02 1.449277e+04
7.849000e+02 1.457803e+04
7.848000e+02 1.460403e+04
7.847000e+02 1.464320e+04
7.846000e+02 1.465517e+04
7.845000e+02 1.469377e+04
7.844000e+02 1.474347e+04
7.843000e+02 1.473277e+04
7.842000e+02 1.477620e+04
7.841000e+02 1.482167e+04
7.840000e+02 1.493660e+04
7.839000e+02 1.507820e+04
7.838000e+02 1.515690e+04
7.837000e+02 1.529433e+04
7.836000e+02 1.547993e+04
7.835000e+02 1.560477e+04
7.834000e+02 1.571890e+04
7.833000e+02 1.593607e+04
7.832000e+02 1.617400e+04
7.831000e+02 1.640420e+04
7.830000e+02 1.660523e+04
7.829000e+02 1.680777e+04
7.828000e+02 1.716440e+04
7.827000e+02 1.746460e+04
7.826000e+02 1.780923e+04
7.825000e+02 1.817017e+04
7.824000e+02 1.853983e+04
7.823000e+02 1.894110e+04
7.822000e+02 1.933520e+04
7.821000e+02 1.984747e+04
7.820000e+02 2.038693e+04
7.819000e+02 2.077557e+04
7.818000e+02 2.129837e+04
7.817000e+02 2.190903e+04
7.816000e+02 2.244277e+04
7.815000e+02 2.293533e+04
7.814000e+02 2.347043e+04
7.813000e+02 2.400537e+04
7.812000e+02 2.454420e+04
7.811000e+02 2.517413e+04
7.810000e+02 2.570110e+04
7.809000e+02 2.623273e+04
7.808000e+02 2.687253e+04
7.807000e+02 2.740353e+04
7.806000e+02 2.783907e+04
7.805000e+02 2.831600e+04
7.804000e+02 2.862127e+04
7.803000e+02 2.885057e+04
7.802000e+02 2.916130e+04
7.801000e+02 2.926157e+04
7.800000e+02 2.976677e+04
7.799000e+02 3.020187e+04
7.798000e+02 3.067417e+04
7.797000e+02 3.143383e+04
7.796000e+02 3.212487e+04
7.795000e+02 3.259310e+04
7.794000e+02 3.254223e+04
7.793000e+02 3.180893e+04
7.792000e+02 3.020497e+04
7.791000e+02 2.806527e+04
7.790000e+02 2.553553e+04
7.789000e+02 2.291880e+04
7.788000e+02 2.061723e+04
7.787000e+02 1.875173e+04
7.786000e+02 1.723607e+04
7.785000e+02 1.608577e+04
7.784000e+02 1.511987e+04
7.783000e+02 1.417130e+04
7.782000e+02 1.332653e+04
7.781000e+02 1.260890e+04
7.780000e+02 1.193500e+04
7.779000e+02 1.140727e+04
7.778000e+02 1.094073e+04
7.777000e+02 1.067813e+04
7.776000e+02 1.047987e+04
7.775000e+02 1.024187e+04
7.774000e+02 1.007453e+04
7.773000e+02 1.002597e+04
7.772000e+02 9.889200e+03
7.771000e+02 9.849300e+03
7.770000e+02 9.753967e+03
7.769000e+02 9.741533e+03
7.768000e+02 9.638400e+03
7.767000e+02 9.567867e+03
7.766000e+02 9.526900e+03
7.765000e+02 9.493500e+03
7.764000e+02 9.401233e+03
7.763000e+02 9.347633e+03
7.762000e+02 9.307633e+03
7.761000e+02 9.237500e+03
7.760000e+02 9.220033e+03
7.759000e+02 9.190867e+03
7.758000e+02 9.131967e+03
7.757000e+02 9.080400e+03
7.756000e+02 9.052200e+03
7.755000e+02 9.035567e+03
7.754000e+02 8.989767e+03
7.753000e+02 8.893433e+03
7.752000e+02 8.873700e+03
7.751000e+02 8.869233e+03
7.750000e+02 8.844267e+03
7.749000e+02 8.812967e+03
7.748000e+02 8.744267e+03
7.747000e+02 8.769433e+03
7.746000e+02 8.722500e+03
7.745000e+02 8.732767e+03
7.744000e+02 8.689433e+03
7.743000e+02 8.646267e+03
7.742000e+02 8.649467e+03
7.741000e+02 8.651567e+03
7.740000e+02 8.602967e+03
7.739000e+02 8.585933e+03
7.738000e+02 8.582733e+03
7.737000e+02 8.531100e+03
7.736000e+02 8.524833e+03
7.735000e+02 8.528633e+03
7.734000e+02 8.480267e+03
7.733000e+02 8.503167e+03
7.732000e+02 8.462900e+03
7.731000e+02 8.446767e+03
7.730000e+02 8.399800e+03
7.729000e+02 8.354367e+03
7.728000e+02 8.380633e+03
7.727000e+02 8.380700e+03
7.726000e+02 8.338933e+03
7.725000e+02 8.342933e+03
7.724000e+02 8.317433e+03
7.723000e+02 8.316533e+03
7.722000e+02 8.320567e+03
7.721000e+02 8.281933e+03
7.720000e+02 8.298200e+03
7.719000e+02 8.272600e+03
7.718000e+02 8.343967e+03
7.717000e+02 8.310667e+03
7.716000e+02 8.231067e+03
7.715000e+02 8.266500e+03
7.714000e+02 8.264733e+03
7.713000e+02 8.288233e+03
7.712000e+02 8.247967e+03
7.711000e+02 8.219200e+03
7.710000e+02 8.241333e+03
7.709000e+02 8.207300e+03
7.708000e+02 8.194900e+03
7.707000e+02 8.148767e+03
7.706000e+02 8.108367e+03
7.705000e+02 8.093333e+03
7.704000e+02 8.102433e+03
7.703000e+02 8.123533e+03
7.702000e+02 8.092800e+03
7.701000e+02 8.053267e+03
7.700000e+02 8.006633e+03
7.699000e+02 7.738533e+03
7.698000e+02 7.794533e+03
7.697000e+02 7.651867e+03
7.696000e+02 7.704400e+03
7.695000e+02 7.615933e+03
7.694000e+02 7.454733e+03
7.693000e+02 7.531800e+03
7.692000e+02 7.552200e+03
7.691000e+02 7.345933e+03
7.690000e+02 7.423600e+03
7.689000e+02 7.267400e+03
7.688000e+02 7.258867e+03
7.687000e+02 6.996667e+03
7.686000e+02 6.930933e+03
7.685000e+02 6.890667e+03
7.684000e+02 6.938600e+03
7.683000e+02 6.816333e+03
7.682000e+02 6.729200e+03
7.681000e+02 6.538160e+03
7.680000e+02 6.525367e+03
7.679000e+02 6.382653e+03
7.678000e+02 6.345220e+03
7.677000e+02 6.270580e+03
7.676000e+02 6.104253e+03
7.675000e+02 6.033027e+03
7.674000e+02 6.113340e+03
7.673000e+02 5.988180e+03
7.672000e+02 5.922120e+03
7.671000e+02 5.929007e+03
7.670000e+02 5.934467e+03
7.669000e+02 5.811213e+03
7.668000e+02 5.602567e+03
7.667000e+02 5.544333e+03
7.666000e+02 5.558380e+03
7.665000e+02 5.641613e+03
7.664000e+02 5.574373e+03
7.663000e+02 5.504833e+03
7.662000e+02 5.495947e+03
7.661000e+02 5.497647e+03
7.660000e+02 5.431127e+03
7.659000e+02 5.432533e+03
7.658000e+02 5.366640e+03
7.657000e+02 5.340047e+03
7.656000e+02 5.250553e+03
7.655000e+02 5.300720e+03
7.654000e+02 5.303620e+03
7.653000e+02 5.332380e+03
7.652000e+02 5.305647e+03
7.651000e+02 5.217160e+03
7.650000e+02 5.092720e+03
7.649000e+02 5.152393e+03
7.648000e+02 5.306647e+03
7.647000e+02 5.292133e+03
7.646000e+02 5.241593e+03
7.645000e+02 5.151453e+03
7.644000e+02 5.230447e+03
7.643000e+02 5.191667e+03
7.642000e+02 5.213600e+03
7.641000e+02 5.146093e+03
7.640000e+02 5.115120e+03
7.639000e+02 5.136387e+03
7.638000e+02 5.097887e+03
7.637000e+02 5.040567e+03
7.636000e+02 5.021967e+03
7.635000e+02 5.062913e+03
7.634000e+02 5.160413e+03
7.633000e+02 5.149500e+03
7.632000e+02 5.077000e+03
7.631000e+02 5.041427e+03
7.630000e+02 5.002527e+03
7.629000e+02 5.052887e+03
7.628000e+02 5.052227e+03
7.627000e+02 4.963420e+03
7.626000e+02 4.965687e+03
7.625000e+02 5.003980e+03
7.624000e+02 4.939607e+03
7.623000e+02 5.011333e+03
7.622000e+02 5.042947e+03
7.621000e+02 4.951233e+03
7.620000e+02 4.943313e+03
7.619000e+02 4.856073e+03
7.618000e+02 4.906273e+03
7.617000e+02 4.950387e+03
7.616000e+02 4.968207e+03
7.615000e+02 4.967553e+03
7.614000e+02 5.014340e+03
7.613000e+02 4.965747e+03
7.612000e+02 4.906067e+03
7.611000e+02 4.848093e+03
7.610000e+02 4.885627e+03
7.609000e+02 4.882660e+03
7.608000e+02 4.833453e+03
7.607000e+02 4.822580e+03
7.606000e+02 4.829433e+03
7.605000e+02 4.859487e+03
7.604000e+02 4.932253e+03
7.603000e+02 4.760887e+03
7.602000e+02 4.806807e+03
7.601000e+02 4.871227e+03
7.600000e+02 4.920433e+03
7.599000e+02 4.915960e+03
7.598000e+02 4.782027e+03
7.597000e+02 4.707633e+03
7.596000e+02 4.805353e+03
7.595000e+02 4.740900e+03
7.594000e+02 4.786760e+03
7.593000e+02 4.769873e+03
7.592000e+02 4.706033e+03
7.591000e+02 4.752047e+03
7.590000e+02 4.758473e+03
7.589000e+02 4.835613e+03
7.588000e+02 4.795347e+03
7.587000e+02 4.760713e+03
7.586000e+02 4.738320e+03
7.585000e+02 4.737293e+03
7.584000e+02 4.798307e+03
7.583000e+02 4.762140e+03
7.582000e+02 4.723167e+03
7.581000e+02 4.755287e+03
7.580000e+02 4.737400e+03
7.579000e+02 4.804960e+03
7.578000e+02 4.701873e+03
7.577000e+02 4.705733e+03
7.576000e+02 4.732900e+03
7.575000e+02 4.730073e+03
7.574000e+02 4.719373e+03
7.573000e+02 4.700493e+03
7.572000e+02 4.637107e+03
7.571000e+02 4.614587e+03
7.570000e+02 4.643900e+03
7.569000e+02 4.647027e+03
7.568000e+02 4.698967e+03
7.567000e+02 4.578060e+03
7.566000e+02 4.603573e+03
7.565000e+02 4.572213e+03
7.564000e+02 4.653340e+03
7.563000e+02 4.698113e+03
7.562000e+02 4.591613e+03
7.561000e+02 4.671640e+03
7.560000e+02 4.654880e+03
7.559000e+02 4.454913e+03
7.558000e+02 4.623420e+03
7.557000e+02 4.556500e+03
7.556000e+02 4.505720e+03
7.555000e+02 4.502600e+03
7.554000e+02 4.445853e+03
7.553000e+02 4.488180e+03
7.552000e+02 4.519147e+03
7.551000e+02 4.462660e+03
7.550000e+02 4.368240e+03
7.549000e+02 4.428080e+03
7.548000e+02 4.441600e+03
7.547000e+02 4.407747e+03
7.546000e+02 4.332287e+03
7.545000e+02 4.416540e+03
7.544000e+02 4.386113e+03
7.543000e+02 4.385593e+03
7.542000e+02 4.349500e+03
7.541000e+02 4.332940e+03
7.540000e+02 4.374907e+03
7.539000e+02 4.394280e+03
7.538000e+02 4.347947e+03
7.537000e+02 4.258767e+03
7.536000e+02 4.317307e+03
7.535000e+02 4.315793e+03
7.534000e+02 4.350167e+03
7.533000e+02 4.251827e+03
7.532000e+02 4.298767e+03
7.531000e+02 4.266760e+03
7.530000e+02 4.250133e+03
7.529000e+02 4.283513e+03
7.528000e+02 4.274580e+03
7.527000e+02 4.282147e+03
7.526000e+02 4.320807e+03
7.525000e+02 4.250467e+03
7.524000e+02 4.278573e+03
7.523000e+02 4.222867e+03
7.522000e+02 4.183213e+03
7.521000e+02 4.202780e+03
7.520000e+02 4.179820e+03
7.519000e+02 4.189960e+03
7.518000e+02 4.225260e+03
7.517000e+02 4.223067e+03
7.516000e+02 4.251180e+03
7.515000e+02 4.243067e+03
7.514000e+02 4.228607e+03
7.513000e+02 4.265587e+03
7.512000e+02 4.254427e+03
7.511000e+02 4.201660e+03
7.510000e+02 4.183707e+03
7.509000e+02 4.255893e+03
7.508000e+02 4.166887e+03
7.507000e+02 4.085833e+03
7.506000e+02 4.226707e+03
7.505000e+02 4.250087e+03
7.504000e+02 4.215707e+03
7.503000e+02 4.216073e+03
7.502000e+02 4.187880e+03
7.501000e+02 4.168873e+03
7.500000e+02 4.228353e+03
7.499000e+02 4.207613e+03
7.498000e+02 4.182113e+03
7.497000e+02 4.208827e+03
7.496000e+02 4.259427e+03
7.495000e+02 4.259333e+03
7.494000e+02 4.238633e+03
7.493000e+02 4.197207e+03
7.492000e+02 4.243527e+03
7.491000e+02 4.198047e+03
7.490000e+02 4.224400e+03
7.489000e+02 4.165327e+03
7.488000e+02 4.193013e+03
7.487000e+02 4.190093e+03
7.486000e+02 4.167187e+03
7.485000e+02 4.212547e+03
7.484000e+02 4.187267e+03
7.483000e+02 4.226520e+03
7.482000e+02 4.176427e+03
7.481000e+02 4.238420e+03
7.480000e+02 4.233847e+03
7.479000e+02 4.172600e+03
7.478000e+02 4.220667e+03
7.477000e+02 4.199787e+03
7.476000e+02 4.269667e+03
7.475000e+02 4.215807e+03
7.474000e+02 4.185453e+03
7.473000e+02 4.248067e+03
7.472000e+02 4.309727e+03
7.471000e+02 4.214247e+03
7.470000e+02 4.153113e+03
7.469000e+02 4.114807e+03
7.468000e+02 4.219493e+03
7.467000e+02 4.241247e+03
7.466000e+02 4.237273e+03
7.465000e+02 4.193887e+03
7.464000e+02 4.211593e+03
7.463000e+02 4.230747e+03
7.462000e+02 4.220347e+03
7.461000e+02 4.155133e+03
7.460000e+02 4.196313e+03
7.459000e+02 4.226933e+03
7.458000e+02 4.309067e+03
7.457000e+02 4.332813e+03
7.456000e+02 4.228453e+03
7.455000e+02 4.136800e+03
7.454000e+02 4.182640e+03
7.453000e+02 4.238700e+03
7.452000e+02 4.217053e+03
7.451000e+02 4.252213e+03
7.450000e+02 4.268513e+03
7.449000e+02 4.243760e+03
7.448000e+02 4.232347e+03
7.447000e+02 4.219267e+03
7.446000e+02 4.272707e+03
7.445000e+02 4.351653e+03
7.444000e+02 4.273493e+03
7.443000e+02 4.262267e+03
7.442000e+02 4.272747e+03
7.441000e+02 4.218473e+03
7.440000e+02 4.229033e+03
7.439000e+02 4.192913e+03
7.438000e+02 4.225453e+03
7.437000e+02 4.309367e+03
7.436000e+02 4.273567e+03
7.435000e+02 4.250213e+03
7.434000e+02 4.293813e+03
7.433000e+02 4.247933e+03
7.432000e+02 4.255213e+03
7.431000e+02 4.220593e+03
7.430000e+02 4.245220e+03
7.429000e+02 4.279147e+03
7.428000e+02 4.247993e+03
7.427000e+02 4.284560e+03
7.426000e+02 4.261560e+03
7.425000e+02 4.283107e+03
7.424000e+02 4.235007e+03
7.423000e+02 4.286620e+03
7.422000e+02 4.238047e+03
7.421000e+02 4.241953e+03
7.420000e+02 4.223393e+03
7.419000e+02 4.181793e+03
7.418000e+02 4.204073e+03
7.417000e+02 4.304233e+03
7.416000e+02 4.294733e+03
7.415000e+02 4.309413e+03
7.414000e+02 4.284427e+03
7.413000e+02 4.195520e+03
7.412000e+02 4.277460e+03
7.411000e+02 4.233480e+03
7.410000e+02 4.260953e+03
7.409000e+02 4.270533e+03
7.408000e+02 4.206327e+03
7.407000e+02 4.248260e+03
7.406000e+02 4.296387e+03
7.405000e+02 4.250253e+03
7.404000e+02 4.235353e+03
7.403000e+02 4.185367e+03
7.402000e+02 4.225707e+03
7.401000e+02 4.241547e+03
7.400000e+02 4.241947e+03
7.399000e+02 4.237847e+03
7.398000e+02 4.205520e+03
7.397000e+02 4.245373e+03
7.396000e+02 4.273627e+03
7.395000e+02 4.209740e+03
7.394000e+02 4.240760e+03
7.393000e+02 4.279160e+03
7.392000e+02 4.258700e+03
7.391000e+02 4.218620e+03
7.390000e+02 4.224220e+03
7.389000e+02 4.267427e+03
7.388000e+02 4.278380e+03
7.387000e+02 4.255240e+03
7.386000e+02 4.284360e+03
7.385000e+02 4.332233e+03
7.384000e+02 4.362087e+03
7.383000e+02 4.372487e+03
7.382000e+02 4.251040e+03
7.381000e+02 4.301980e+03
7.380000e+02 4.320013e+03
7.379000e+02 4.368933e+03
7.378000e+02 4.341407e+03
7.377000e+02 4.255760e+03
7.376000e+02 4.254580e+03
7.375000e+02 4.281833e+03
7.374000e+02 4.272973e+03
7.373000e+02 4.270193e+03
7.372000e+02 4.229847e+03
7.371000e+02 4.261080e+03
7.370000e+02 4.259667e+03
7.369000e+02 4.230600e+03
7.368000e+02 4.254500e+03
7.367000e+02 4.198293e+03
7.366000e+02 4.250527e+03
7.365000e+02 4.283973e+03
7.364000e+02 4.304900e+03
7.363000e+02 4.251707e+03
7.362000e+02 4.261880e+03
7.361000e+02 4.278473e+03
7.360000e+02 4.237540e+03
7.359000e+02 4.196380e+03
7.358000e+02 4.255307e+03
7.357000e+02 4.230687e+03
7.356000e+02 4.246500e+03
7.355000e+02 4.296687e+03
7.354000e+02 4.348187e+03
7.353000e+02 4.301580e+03
7.352000e+02 4.262200e+03
7.351000e+02 4.280013e+03
7.350000e+02 4.283873e+03
7.349000e+02 4.156460e+03
7.348000e+02 4.258773e+03
7.347000e+02 4.305340e+03
7.346000e+02 4.243347e+03
7.345000e+02 4.208700e+03
7.344000e+02 4.201613e+03
7.343000e+02 4.218167e+03
7.342000e+02 4.303840e+03
7.341000e+02 4.234227e+03
7.340000e+02 4.212100e+03
7.339000e+02 4.173467e+03
7.338000e+02 4.289580e+03
7.337000e+02 4.292720e+03
7.336000e+02 4.202947e+03
7.335000e+02 4.249480e+03
7.334000e+02 4.168947e+03
7.333000e+02 4.202313e+03
7.332000e+02 4.280513e+03
7.331000e+02 4.239387e+03
7.330000e+02 4.201607e+03
7.329000e+02 4.259687e+03
7.328000e+02 4.355533e+03
7.327000e+02 4.309313e+03
7.326000e+02 4.335847e+03
7.325000e+02 4.259380e+03
7.324000e+02 4.252507e+03
7.323000e+02 4.226767e+03
7.322000e+02 4.222060e+03
7.321000e+02 4.258453e+03
7.320000e+02 4.283613e+03
7.319000e+02 4.247947e+03
7.318000e+02 4.273353e+03
7.317000e+02 4.328873e+03
7.316000e+02 4.201420e+03
7.315000e+02 4.194053e+03
7.314000e+02 4.231227e+03
7.313000e+02 4.318967e+03
7.312000e+02 4.254147e+03
7.311000e+02 4.216213e+03
7.310000e+02 4.244327e+03
7.309000e+02 4.167113e+03
7.308000e+02 4.195960e+03
7.307000e+02 4.223953e+03
7.306000e+02 4.266587e+03
7.305000e+02 4.240913e+03
7.304000e+02 4.179967e+03
7.303000e+02 4.242560e+03
7.302000e+02 4.253573e+03
7.301000e+02 4.258660e+03
7.300000e+02 4.150833e+03
7.299000e+02 4.178047e+03
7.298000e+02 4.188953e+03
7.297000e+02 4.269520e+03
7.296000e+02 4.229327e+03
7.295000e+02 4.283660e+03
7.294000e+02 4.282953e+03
7.293000e+02 4.218867e+03
7.292000e+02 4.303567e+03
7.291000e+02 4.224413e+03
7.290000e+02 4.260907e+03
7.289000e+02 4.297967e+03
7.288000e+02 4.212187e+03
7.287000e+02 4.203560e+03
7.286000e+02 4.232067e+03
7.285000e+02 4.214147e+03
7.284000e+02 4.276873e+03
7.283000e+02 4.275300e+03
7.282000e+02 4.222180e+03
7.281000e+02 4.283973e+03
7.280000e+02 4.313173e+03
7.279000e+02 4.273340e+03
7.278000e+02 4.213200e+03
7.277000e+02 4.282700e+03
7.276000e+02 4.278073e+03
7.275000e+02 4.302947e+03
7.274000e+02 4.295347e+03
7.273000e+02 4.293167e+03
7.272000e+02 4.279747e+03
7.271000e+02 4.287453e+03
7.270000e+02 4.299340e+03
7.269000e+02 4.373833e+03
7.268000e+02 4.388980e+03
7.267000e+02 4.366007e+03
7.266000e+02 4.320940e+03
7.265000e+02 4.360947e+03
7.264000e+02 4.327427e+03
7.263000e+02 4.332973e+03
7.262000e+02 4.435733e+03
7.261000e+02 4.432187e+03
7.260000e+02 4.496433e+03
7.259000e+02 4.389987e+03
7.258000e+02 4.357180e+03
7.257000e+02 4.468420e+03
7.256000e+02 4.516680e+03
7.255000e+02 4.536033e+03
7.254000e+02 4.506840e+03
7.253000e+02 4.528353e+03
7.252000e+02 4.502220e+03
7.251000e+02 4.449273e+03
7.250000e+02 4.459380e+03
7.249000e+02 4.498733e+03
7.248000e+02 4.577007e+03
7.247000e+02 4.556700e+03
7.246000e+02 4.589360e+03
7.245000e+02 4.614100e+03
7.244000e+02 4.694707e+03
7.243000e+02 4.670407e+03
7.242000e+02 4.609860e+03
7.241000e+02 4.612773e+03
7.240000e+02 4.774547e+03
7.239000e+02 4.751260e+03
7.238000e+02 4.734800e+03
7.237000e+02 4.740060e+03
7.236000e+02 4.704727e+03
7.235000e+02 4.791793e+03
7.234000e+02 4.766833e+03
7.233000e+02 4.831000e+03
7.232000e+02 4.826093e+03
7.231000e+02 4.937260e+03
7.230000e+02 4.890180e+03
7.229000e+02 4.935400e+03
7.228000e+02 5.026060e+03
7.227000e+02 4.970100e+03
7.226000e+02 5.015640e+03
7.225000e+02 5.014880e+03
7.224000e+02 5.067480e+03
7.223000e+02 5.114920e+03
7.222000e+02 5.028800e+03
7.221000e+02 5.059027e+03
7.220000e+02 5.158933e+03
7.219000e+02 5.252707e+03
7.218000e+02 5.209487e+03
7.217000e+02 5.199373e+03
7.216000e+02 5.170287e+03
7.215000e+02 5.239727e+03
7.214000e+02 5.279933e+03
7.213000e+02 5.335500e+03
7.212000e+02 5.390700e+03
7.211000e+02 5.506273e+03
7.210000e+02 5.488987e+03
7.209000e+02 5.487540e+03
7.208000e+02 5.502647e+03
7.207000e+02 5.449720e+03
7.206000e+02 5.491880e+03
7.205000e+02 5.595407e+03
7.204000e+02 5.594173e+03
7.203000e+02 5.706153e+03
7.202000e+02 5.743880e+03
7.201000e+02 5.793767e+03
7.200000e+02 5.764460e+03
7.199000e+02 5.772020e+03
7.198000e+02 5.781000e+03
7.197000e+02 5.868033e+03
7.196000e+02 5.922160e+03
7.195000e+02 6.031727e+03
7.194000e+02 6.001660e+03
7.193000e+02 5.968000e+03
7.192000e+02 6.095300e+03
7.191000e+02 6.045040e+03
7.190000e+02 6.065427e+03
7.189000e+02 6.080500e+03
7.188000e+02 6.092907e+03
7.187000e+02 6.197800e+03
7.186000e+02 6.224387e+03
7.185000e+02 6.248160e+03
7.184000e+02 6.150640e+03
7.183000e+02 6.280693e+03
7.182000e+02 6.308867e+03
7.181000e+02 6.297380e+03
7.180000e+02 6.381167e+03
7.179000e+02 6.328273e+03
7.178000e+02 6.422940e+03
7.177000e+02 6.476380e+03
7.176000e+02 6.414307e+03
7.175000e+02 6.433747e+03
7.174000e+02 6.373053e+03
7.173000e+02 6.528313e+03
7.172000e+02 6.490973e+03
7.171000e+02 6.559100e+03
7.170000e+02 6.622753e+03
7.169000e+02 6.657933e+03
7.168000e+02 6.752600e+03
7.167000e+02 6.677600e+03
7.166000e+02 6.698600e+03
7.165000e+02 6.747067e+03
7.164000e+02 6.692600e+03
7.163000e+02 6.724400e+03
7.162000e+02 6.735067e+03
7.161000e+02 6.811333e+03
7.160000e+02 6.750933e+03
7.159000e+02 6.733600e+03
7.158000e+02 6.768667e+03
7.157000e+02 6.757667e+03
7.156000e+02 6.791800e+03
7.155000e+02 6.752067e+03
7.154000e+02 6.721333e+03
7.153000e+02 6.824333e+03
7.152000e+02 6.848667e+03
7.151000e+02 6.810400e+03
7.150000e+02 6.811400e+03
7.149000e+02 6.796067e+03
7.148000e+02 6.872000e+03
7.147000e+02 6.905800e+03
7.146000e+02 6.806333e+03
7.145000e+02 6.845733e+03
7.144000e+02 6.818333e+03
7.143000e+02 6.889800e+03
7.142000e+02 6.876000e+03
7.141000e+02 6.793933e+03
7.140000e+02 6.848000e+03
7.139000e+02 6.858467e+03
7.138000e+02 6.931867e+03
7.137000e+02 6.979067e+03
7.136000e+02 6.952200e+03
7.135000e+02 6.918000e+03
7.134000e+02 6.962600e+03
7.133000e+02 6.991733e+03
7.132000e+02 7.088600e+03
7.131000e+02 7.090667e+03
7.130000e+02 7.165600e+03
7.129000e+02 7.256067e+03
7.128000e+02 7.174667e+03
7.127000e+02 7.174333e+03
7.126000e+02 7.188667e+03
7.125000e+02 7.181133e+03
7.124000e+02 7.204267e+03
7.123000e+02 7.255800e+03
7.122000e+02 7.127867e+03
7.121000e+02 7.119467e+03
7.120000e+02 7.071400e+03
7.119000e+02 6.899067e+03
7.118000e+02 6.928000e+03
7.117000e+02 6.858800e+03
7.116000e+02 6.718600e+03
7.115000e+02 6.636773e+03
7.114000e+02 6.626653e+03
7.113000e+02 6.521127e+03
7.112000e+02 6.546700e+03
7.111000e+02 6.522073e+03
7.110000e+02 6.456607e+03
7.109000e+02 6.325833e+03
7.108000e+02 6.514127e+03
7.107000e+02 6.338193e+03
7.106000e+02 6.213593e+03
7.105000e+02 6.179640e+03
7.104000e+02 6.170353e+03
7.103000e+02 6.104020e+03
7.102000e+02 6.016933e+03
7.101000e+02 5.895653e+03
7.100000e+02 5.883133e+03
7.099000e+02 5.842720e+03
7.098000e+02 5.720447e+03
7.097000e+02 5.638580e+03
7.096000e+02 5.497920e+03
7.095000e+02 5.485013e+03
7.094000e+02 5.347427e+03
7.093000e+02 5.206607e+03
7.092000e+02 5.086347e+03
7.091000e+02 4.961460e+03
7.090000e+02 4.898180e+03
7.089000e+02 4.885893e+03
7.088000e+02 4.756947e+03
7.087000e+02 4.587753e+03
7.086000e+02 4.537853e+03
7.085000e+02 4.519240e+03
7.084000e+02 4.464933e+03
7.083000e+02 4.408813e+03
7.082000e+02 4.329160e+03
7.081000e+02 4.194973e+03
7.080000e+02 4.228073e+03
7.079000e+02 4.167307e+03
7.078000e+02 4.039340e+03
7.077000e+02 4.129747e+03
7.076000e+02 4.083460e+03
7.075000e+02 3.999113e+03
7.074000e+02 3.934340e+03
7.073000e+02 3.834513e+03
7.072000e+02 3.832547e+03
7.071000e+02 3.786380e+03
7.070000e+02 3.779900e+03
7.069000e+02 3.695847e+03
7.068000e+02 3.603687e+03
7.067000e+02 3.634913e+03
7.066000e+02 3.600367e+03
7.065000e+02 3.598213e+03
7.064000e+02 3.515820e+03
7.063000e+02 3.573760e+03
7.062000e+02 3.529473e+03
7.061000e+02 3.463147e+03
7.060000e+02 3.392300e+03
7.059000e+02 3.421287e+03
7.058000e+02 3.443600e+03
7.057000e+02 3.424000e+03
7.056000e+02 3.416100e+03
7.055000e+02 3.288240e+03
7.054000e+02 3.307580e+03
7.053000e+02 3.352867e+03
7.052000e+02 3.361793e+03
7.051000e+02 3.341260e+03
7.050000e+02 3.322460e+03
7.049000e+02 3.268887e+03
7.048000e+02 3.358847e+03
7.047000e+02 3.324327e+03
7.046000e+02 3.288360e+03
7.045000e+02 3.180993e+03
7.044000e+02 3.305580e+03
7.043000e+02 3.255040e+03
7.042000e+02 3.294547e+03
7.041000e+02 3.286713e+03
7.040000e+02 3.291913e+03
7.039000e+02 3.277773e+03
7.038000e+02 3.243073e+03
7.037000e+02 3.253553e+03
7.036000e+02 3.252973e+03
7.035000e+02 3.270120e+03
7.034000e+02 3.283800e+03
7.033000e+02 3.279173e+03
7.032000e+02 3.273420e+03
7.031000e+02 3.200780e+03
7.030000e+02 3.212880e+03
7.029000e+02 3.224447e+03
7.028000e+02 3.259807e+03
7.027000e+02 3.271687e+03
7.026000e+02 3.270080e+03
7.025000e+02 3.232427e+03
7.024000e+02 3.266627e+03
7.023000e+02 3.214453e+03
7.022000e+02 3.257700e+03
7.021000e+02 3.329460e+03
7.020000e+02 3.263680e+03
7.019000e+02 3.319213e+03
7.018000e+02 3.301887e+03
7.017000e+02 3.350820e+03
7.016000e+02 3.327860e+03
7.015000e+02 3.268640e+03
7.014000e+02 3.343587e+03
7.013000e+02 3.343013e+03
7.012000e+02 3.329467e+03
7.011000e+02 3.289227e+03
7.010000e+02 3.285687e+03
7.009000e+02 3.346573e+03
7.008000e+02 3.356400e+03
7.007000e+02 3.281840e+03
7.006000e+02 3.278560e+03
7.005000e+02 3.325573e+03
7.004000e+02 3.418653e+03
7.003000e+02 3.378880e+03
7.002000e+02 3.326707e+03
7.001000e+02 3.350567e+03
7.000000e+02 3.306887e+03
